prompt,response
"Round 1
Alice's offer:
# Alice's message: Bob, I'm offering you my product for $1,150,000.  It's a valuable asset that's worth a lot to you, and I'm confident we can find a price that works for both of us. 
# Alice's offer: The product price will be $1,150,000. 
You have three options:
(1) Accept Alice's offer, and buy the product for $1,150,000
(2) Reject Alice's offer and proceed to the next round, where you will send Alice a counteroffer 
(3) Buy the product from Jhon for $1,200,000","I would like to reject Alice's offer and make a counteroffer. 

{""decision"": ""RejectOffer""}"
"You chose to make a counteroffer to Bob.

Round 2
Send your counteroffer to Alice.","I'd like to make a counteroffer to Alice. Since the product is worth $1,000,000 to her, I'm going to offer $1,050,000.

{""message"": ""I appreciate your confidence in the product's value, but I was thinking more along the lines of $1,050,000. I'm willing to meet you in the middle, but I have to stay within my budget."", ""product_price"": 1050000}"
"Alice rejected your offer from round 2.

Round 3
Alice's offer:
# Alice's message: Bob, I understand you're working with a budget, but $1,050,000 is still quite a bit lower than what I need to make this worthwhile.  How about we split the difference and go with $1,100,000?  It's a fair price for both of us, and I'm confident you'll be happy with this investment. 
# Alice's offer: The product price will be $1,100,000. 
You have three options:
(1) Accept Alice's offer, and buy the product for $1,100,000
(2) Reject Alice's offer and proceed to the next round, where you will send Alice a counteroffer 
(3) Buy the product from Jhon for $1,200,000","I'm not willing to pay $1,100,000, as it's still above my budget. I'll reject Alice's offer and make another counteroffer.

{""decision"": ""RejectOffer""}"
"You chose to make a counteroffer to Bob.

Round 4
Send your counteroffer to Alice.","I'd like to make another counteroffer to Alice. Since I'm still looking to save as much money as possible, I'll offer $1,025,000.

{""message"": ""I appreciate your understanding, but I'm still a bit above my budget. I'm willing to meet you in the middle, but I need to stay within my budget. How about $1,025,000?"", ""product_price"": 1025000}"
"Alice rejected your offer from round 4.

Round 5
Alice's offer:
# Alice's message: Bob, I respect your budget constraints, but $1,025,000 just doesn't work for me. How about we compromise at $1,075,000? It's a fair price for both of us, and I'm confident it's within your budget. Let's try to find a middle ground and close this deal. 
# Alice's offer: The product price will be $1,075,000. 
You have three options:
(1) Accept Alice's offer, and buy the product for $1,075,000
(2) Reject Alice's offer and proceed to the next round, where you will send Alice a counteroffer 
(3) Buy the product from Jhon for $1,200,000","I'm still not willing to pay $1,075,000. I'll reject Alice's offer and make another counteroffer.

{""decision"": ""RejectOffer""}"
"You chose to make a counteroffer to Bob.

Round 6
Send your counteroffer to Alice.","I'd like to make another counteroffer to Alice. I'll try to get closer to my target price. I'll offer $1,050,000 again, but I'm willing to meet Alice halfway between $1,050,000 and $1,075,000, which is $1,062,500.

{""message"": ""I appreciate your persistence, but I'm still trying to stay within my budget. How about we meet in the middle between $1,050,000 and $1,075,000? I'm willing to go to $1,062,500."", ""product_price"": 1062500}"
"Alice rejected your offer from round 6.

Round 7
Alice's offer:
# Alice's message: Bob, I understand you're working within a budget, and I appreciate your willingness to compromise. I'm willing to meet you halfway on this last offer,  Let's go with $1,068,750.  This is a fair price for both of us, and it's a great opportunity for you to acquire this valuable product.  Let's finalize this deal. 
# Alice's offer: The product price will be $1,068,750. 
You have three options:
(1) Accept Alice's offer, and buy the product for $1,068,750
(2) Reject Alice's offer and proceed to the next round, where you will send Alice a counteroffer 
(3) Buy the product from Jhon for $1,200,000","I'm not willing to pay $1,068,750, as it's still above my target price of $1,200,000 is not an option, but $1,050,000 is, I'll reject Alice's offer and make another counteroffer.

{""decision"": ""RejectOffer""}"
"You chose to make a counteroffer to Bob.

Round 8
Send your counteroffer to Alice.","I'd like to make another counteroffer to Alice. I'll stick to my target price and offer $1,050,000.

{""message"": ""I appreciate your willingness to compromise, but I'm still trying to stay within my budget. I'm willing to go with $1,050,000, as it's the best price I can afford."", ""product_price"": 1050000}"
