prompt,response
"Round 1
Send your offer to divide $100 and a message to Bob.","{
  ""alice_gain"": 75,
  ""bob_gain"": 25,
  ""message"": ""Let's split it 75/25. It's fair and practical.""
}"
"Bob rejected your offer from round 1.

Round 2
Due to inflation, the money you gain is worth 5% less than in the first round. The money Bob gains is worth the same as in the first round.
Bob's offer:
# Bob's message: Meet me in the middle, let's call it a day! 
# Alice gain: 50 
# Bob gain: 50 
Do you accept this offer?","{
  ""decision"": ""accept""
}"
