round_quality,product_worth,player,round,decision,message
high-quality,120.0,Nature,1,,
,,Alice,1,yes,
,,the buyer,1,no,I'd like to pass on this product. I'd like to see the statistics after this sale to make a more informed decision for the next product.
high-quality,120.0,Nature,2,,
,,Alice,2,yes,
,,the buyer,2,no,"I'd like to pass on this product. I don't have any information about its quality, and I don't want to take the risk of buying a low-quality product for $100 when it's only worth $0 to me."
high-quality,120.0,Nature,3,,
,,Alice,3,yes,
,,the buyer,3,no,I'd like to pass on this one. I'd like to see the statistics of the product before making a decision.
high-quality,120.0,Nature,4,,
,,Alice,4,yes,
,,the buyer,4,no,"I'm not sure about the product's quality, I'd like to pass on it and see the recommendation for the next buyer."
high-quality,120.0,Nature,5,,
,,Alice,5,yes,
,,the buyer,5,no,"I'd like to pass on this product. I'd like to see the statistics of the first product I pass on, as it will give me a better idea of the quality distribution of the products."
high-quality,120.0,Nature,6,,
,,Alice,6,yes,
,,the buyer,6,no,"I'd like to pass on this product. I don't have any information about its quality, and I'd rather wait to see the outcome of my decision to inform my future purchasing decisions."
high-quality,120.0,Nature,7,,
,,Alice,7,yes,
,,the buyer,7,no,"I'd like to pass on this product. I'd like to wait and see the outcome of my decision before making a purchase. It's a 20% chance of getting a low-quality product, and I'd like to observe the seller's previous sales record before making a decision."
high-quality,120.0,Nature,8,,
,,Alice,8,yes,
,,the buyer,8,yes,"I'd like to buy the product, but I'm not sure what the quality is. I'll take my chances and hope it's high quality!"
high-quality,120.0,Nature,9,,
,,Alice,9,yes,
,,the buyer,9,no,I'd like to pass on the product. I want to see more information about the previous sale before making a decision.
low-quality,0.0,Nature,10,,
,,Alice,10,no,
,,the buyer,10,no,"I'm not sure about the quality of the product, but since you don't recommend it, I'll pass on it for now. Can I see the statistics again after this decision?"
high-quality,120.0,Nature,11,,
,,Alice,11,yes,
,,the buyer,11,no,I'd like to pass on the product. I don't have enough information to make an informed decision based on the recommendation.
low-quality,0.0,Nature,12,,
,,Alice,12,no,
,,the buyer,12,yes,"I'd like to buy the product, despite your recommendation. I'm interested in taking the risk, as the probability of it being high-quality seems relatively high to me, given the low number of sales so far."
high-quality,120.0,Nature,13,,
,,Alice,13,yes,
,,the buyer,13,no,"I'd like to pass on this product. Based on the current statistics, it seems that Alice's recommendation is not reliable, and I'd rather wait for more information before making a decision."
high-quality,120.0,Nature,14,,
,,Alice,14,yes,
,,the buyer,14,no,"I'd like to pass on this one, I'd like to know more about the previous sales before making a decision."
low-quality,0.0,Nature,15,,
,,Alice,15,no,
,,the buyer,15,no,"I'm not sure if I should trust your recommendation, but I'd like to see the product's quality for myself before making a decision."
high-quality,120.0,Nature,16,,
,,Alice,16,yes,
,,the buyer,16,no,"I'd like to pass on the current product. I'd like to know the probability of a high-quality product being offered to me, given the previous sales record."
high-quality,120.0,Nature,17,,
,,Alice,17,yes,
,,the buyer,17,no,I'd like to pass on this one. I'd like to see more data on the quality of the products before making a purchase.
low-quality,0.0,Nature,18,,
,,Alice,18,no,
,,the buyer,18,no,"I'd like to pass on this product, but can you tell me what your reasoning is for not recommending it?"
high-quality,120.0,Nature,19,,
,,Alice,19,yes,
,,the buyer,19,no,"I'd like to pass on this product. I'd like to know the quality of the product first before making a decision, and since Alice has recommended it, I'm skeptical about its quality."
high-quality,120.0,Nature,20,,
,,Alice,20,yes,
,,the buyer,20,no,I'd like to pass on the product. I'd like to see more data on the proportion of high-quality products sold before making a decision.
