prompt,response
Send your offer to Bob.,"{""message"": ""Hi Bob, I'm excited to offer you this amazing product! It's a unique opportunity to get your hands on something truly valuable. I'm willing to sell it to you for $90. It's a steal at this price, if I do say so myself!"", ""product_price"": 90}"
