prompt,response
Send your offer to Bob.,"{""message"": ""Hi Bob, I'm excited to offer you a great deal on this fantastic product. I think you'll really love it!"", ""product_price"": 95}"
"Bob rejected your offer from round 1.

Bob's offer:
# Bob's message: Thanks for the offer, Alice! I'm interested, but that price is a little steep for me. Could you do $70? 
# Bob's offer: The product price will be $70. 
You have three options:
(1) Accept Bob's offer, and sell the product for $70
(2) Reject Bob's offer and proceed to the next round, where you will send Bob a counteroffer 
(3) Sell the product to Jhon for $80","{""decision"": ""RejectOffer""}"
"You chose to make a counteroffer to Alice.

Send your counteroffer to Bob.","{""message"": ""I understand you're looking for a better deal, Bob. I can meet you in the middle, but I need to make a profit. How about we try $85?"", ""product_price"": 85}"
"Bob rejected your offer from round 3.

Bob's offer:
# Bob's message: I appreciate you working with me, Alice. How about we settle at $75? That's a fair price. 
# Bob's offer: The product price will be $75. 
You have three options:
(1) Accept Bob's offer, and sell the product for $75
(2) Reject Bob's offer and proceed to the next round, where you will send Bob a counteroffer 
(3) Sell the product to Jhon for $80","{""decision"": ""RejectOffer""}"
"You chose to make a counteroffer to Alice.

Send your counteroffer to Bob.","{""message"": ""I'm getting close to the price I'm comfortable with, Bob. How about we meet at $82.50? That's the highest I can go."", ""product_price"": 82.50}"
