prompt,response
"Round 1
Send your offer to divide $100.","Here's my offer:

```
{
  ""alice_gain"": 50,
  ""bob_gain"": 50
}
```

This is a fair split, and I'm hoping Bob will accept it and we can end the game here!"
