prompt,response
"Alice's offer:
# Alice's message: Bob, I'm offering you the opportunity to acquire this valuable product for $1,200,000. I understand it's worth significantly more to you, and this price allows for a substantial gain on your end while still being a fair deal for me. Please consider this offer carefully, as I'm confident you won't find this kind of opportunity elsewhere. Let me know your decision at your earliest convenience. 
# Alice's offer: The product price will be $1,200,000. 
You have three options:
(1) Accept Alice's offer, and buy the product for $1,200,000
(2) Reject Alice's offer 
(2) Buy the product from Jhon for $1,500,000","{""decision"": ""RejectOffer""}"
