prompt,response
"Round 1
Send your offer to divide $10,000 and a message to Bob.","Here's my offer:

{""alice_gain"": 8000, ""bob_gain"": 2000, ""message"": ""Let's split it 4:1, I'll take the majority share""}

I'm proposing that I get 80% of the total amount, which is $8,000, and Bob gets the remaining 20%, which is $2,000. I'm hoping Bob will accept this generous offer!"
"Bob rejected your offer from round 1.

Round 2
Due to inflation, the money you gain is worth 20% less than in the first round. The money Bob gains is worth the same as in the first round.
Bob's offer:
# Bob's message: I'll take the majority share, but not as extreme as your offer. Consider this a compromise. 
# Alice gain: 4000 
# Bob gain: 6000 
Do you accept this offer?","I'm not thrilled about giving up more than half of the money, but I'll consider Bob's compromise.

{""decision"": ""reject""}

I'll reject this offer and try to negotiate further. I'm hoping to get a better deal!"
"You have chosen to reject Bob's offer from round 2.
Round 3
Send your offer to divide $10,000 and a message to Bob.","Here's my new offer:

{""alice_gain"": 6000, ""bob_gain"": 4000, ""message"": ""I'll meet you halfway, let's split it 3:2, a fair compromise""}

I'm proposing a 3:2 split, which is a more balanced distribution of the money. I'm hoping Bob will see this as a reasonable compromise and accept this offer."
"Bob rejected your offer from round 3.

Round 4
Due to inflation, the money you gain is worth 48.8% less than in the first round. The money Bob gains is worth the same as in the first round.
Bob's offer:
# Bob's message: I'm willing to compromise further, let's split it 50/50, a fair and equal share. 
# Alice gain: 5000 
# Bob gain: 5000 
Do you accept this offer?","It seems like Bob is getting more reasonable!

{""decision"": ""accept""}

I'll accept Bob's offer to split the money 50/50. It's a fair and equal share, and I'm willing to compromise to get a deal done."
