prompt,response
Send your offer to Bob.,"{""message"": ""Hello Bob, I'm excited to offer you this amazing product for a great price! I think you'll really love it."", ""product_price"": 120}"
"Bob rejected your offer from round 1.

Bob's offer:
# Bob's message: I'm interested in the product, but $120 is a bit above my budget. Would you be willing to consider a price of $100? 
# Bob's offer: The product price will be $100. 
You have three options:
(1) Accept Bob's offer, and sell the product for $100
(2) Reject Bob's offer and proceed to the next round, where you will send Bob a counteroffer 
(3) Sell the product to Jhon for $80","{""decision"": ""RejectOffer""}"
"You chose to make a counteroffer to Alice.

Send your counteroffer to Bob.","{""message"": ""I understand you're on a budget, Bob. I'm willing to meet you halfway. How about $110?"", ""product_price"": 110}"
"Bob rejected your offer from round 3.

Bob's offer:
# Bob's message: I appreciate your willingness to meet me halfway, Alice. However, I'm still a bit above my budget. Would you be willing to consider a price of $105? 
# Bob's offer: The product price will be $105. 
You have three options:
(1) Accept Bob's offer, and sell the product for $105
(2) Reject Bob's offer and proceed to the next round, where you will send Bob a counteroffer 
(3) Sell the product to Jhon for $80","{""decision"": ""RejectOffer""}"
"You chose to make a counteroffer to Alice.

Send your counteroffer to Bob.","{""message"": ""I can see you're really interested in the product, Bob. I'm willing to give you a slight discount. How about $108?"", ""product_price"": 108}"
"Bob rejected your offer from round 5.

Bob's offer:
# Bob's message: I'm getting close to your price, Alice. I'd be willing to meet you at $107. Can you consider that? 
# Bob's offer: The product price will be $107. 
You have three options:
(1) Accept Bob's offer, and sell the product for $107
(2) Reject Bob's offer and proceed to the next round, where you will send Bob a counteroffer 
(3) Sell the product to Jhon for $80","{""decision"": ""RejectOffer""}"
"You chose to make a counteroffer to Alice.

Send your counteroffer to Bob.","{""message"": ""I think we're getting close to a deal, Bob! I can do $109, but that's as low as I can go."", ""product_price"": 109}"
