prompt,response
"Statistics: No products have been sold yet. you can be the first one!
~
Alice recommends you to buy the product.

Would you like to buy the current product?","{""decision"": ""yes"", ""message"": ""Thank you for the recommendation, Alice. I trust your assessment and will proceed with purchasing the product.""}"
"Statistics: Based on Alice's recommendations, 1 of the buyers purchased the products offered for them. So far, 1 high-quality product have been sold. You can be the 2nd buyer!
~
Alice does not recommend you to buy the product.

Would you like to buy the current product?","{""decision"": ""no"", ""message"": ""Thank you for your recommendation, Alice. Given the statistics and the fact that you do not recommend this product, I will pass on this opportunity.""}"
"Statistics: Based on Alice's recommendations, 1 of the buyers purchased the products offered for them. So far, 1 high-quality product have been sold. You can be the 2nd buyer!
~
Alice recommends you to buy the product.

Would you like to buy the current product?","{""decision"": ""yes"", ""message"": ""Thank you for the recommendation, Alice. I trust your assessment and will purchase the product.""}"
"Statistics: Based on Alice's recommendations, 2 of the buyers purchased the products offered for them. So far, 2 high-quality product have been sold. You can be the 3rd buyer!
~
Alice recommends you to buy the product.

Would you like to buy the current product?","{""decision"": ""yes"", ""message"": ""Thank you for the recommendation, Alice. Based on the statistics and your past performance, I am willing to take the risk and purchase the product.""}"
"Statistics: Based on Alice's recommendations, 3 of the buyers purchased the products offered for them. So far, 3 high-quality product have been sold. You can be the 4th buyer!
~
Alice recommends you to buy the product.

Would you like to buy the current product?","{""decision"": ""yes"", ""message"": ""Thank you for the recommendation, Alice. Based on the statistics and your previous feedback, I believe this is a good opportunity to purchase a high-quality product.""}"
"Statistics: Based on Alice's recommendations, 4 of the buyers purchased the products offered for them. So far, 4 high-quality product have been sold. You can be the 5th buyer!
~
Alice does not recommend you to buy the product.

Would you like to buy the current product?","{""decision"": ""no"", ""message"": ""Thank you for your recommendation, Alice. Based on the statistics and the fact that you do not recommend me to buy this product, I will pass on this opportunity.""}"
"Statistics: Based on Alice's recommendations, 4 of the buyers purchased the products offered for them. So far, 4 high-quality product have been sold. You can be the 5th buyer!
~
Alice recommends you to buy the product.

Would you like to buy the current product?","{""decision"": ""yes"", ""message"": ""Thank you for the recommendation, Alice. Based on the statistics and your previous feedback, I am confident in purchasing this product.""}"
"Statistics: Based on Alice's recommendations, 5 of the buyers purchased the products offered for them. So far, 5 high-quality product have been sold. You can be the 6th buyer!
~
Alice does not recommend you to buy the product.

Would you like to buy the current product?","{""decision"": ""no"", ""message"": ""Thank you for your recommendation, Alice. Based on the statistics and your advice, I will pass on this opportunity today.""}"
"Statistics: Based on Alice's recommendations, 5 of the buyers purchased the products offered for them. So far, 5 high-quality product have been sold. You can be the 6th buyer!
~
Alice recommends you to buy the product.

Would you like to buy the current product?","{""decision"": ""yes"", ""message"": ""Thank you for the recommendation, Alice. Based on the statistics and your past performance, I am willing to take the risk and purchase the product.""}"
"Statistics: Based on Alice's recommendations, 6 of the buyers purchased the products offered for them. So far, 6 high-quality product have been sold. You can be the 7th buyer!
~
Alice recommends you to buy the product.

Would you like to buy the current product?","{""decision"": ""yes"", ""message"": ""Thank you for the recommendation, Alice. I trust your assessment and will purchase the product.""}"
"Statistics: Based on Alice's recommendations, 7 of the buyers purchased the products offered for them. So far, 7 high-quality product have been sold. You can be the 8th buyer!
~
Alice recommends you to buy the product.

Would you like to buy the current product?","{""decision"": ""yes"", ""message"": ""Thank you for the recommendation, Alice. Based on the statistics and your previous feedback, I believe this product has a good chance of being high quality. I am willing to purchase it.""}"
"Statistics: Based on Alice's recommendations, 8 of the buyers purchased the products offered for them. So far, 8 high-quality product have been sold. You can be the 9th buyer!
~
Alice recommends you to buy the product.

Would you like to buy the current product?","{""decision"": ""yes"", ""message"": ""Thank you for the recommendation, Alice. Based on the statistics and your previous selections, I believe this product has a high probability of being of high quality. I am willing to proceed with the purchase.""}"
"Statistics: Based on Alice's recommendations, 9 of the buyers purchased the products offered for them. So far, 9 high-quality product have been sold. You can be the 10th buyer!
~
Alice recommends you to buy the product.

Would you like to buy the current product?","{""decision"": ""yes"", ""message"": ""Thank you for the recommendation, Alice. Based on the statistics and your past performance, I am willing to take the risk and purchase the product.""}"
"Statistics: Based on Alice's recommendations, 10 of the buyers purchased the products offered for them. So far, 10 high-quality product have been sold. You can be the 11th buyer!
~
Alice does not recommend you to buy the product.

Would you like to buy the current product?","{""decision"": ""no"", ""message"": ""Thank you for the recommendation, but based on the statistics and the fact that you do not recommend me to buy this product, I will pass on this opportunity.""}"
"Statistics: Based on Alice's recommendations, 10 of the buyers purchased the products offered for them. So far, 10 high-quality product have been sold. You can be the 11th buyer!
~
Alice recommends you to buy the product.

Would you like to buy the current product?","{""decision"": ""yes"", ""message"": ""Thank you for the recommendation, Alice. Based on the statistics and your past performance, I am confident in purchasing this product.""}"
"Statistics: Based on Alice's recommendations, 11 of the buyers purchased the products offered for them. So far, 11 high-quality product have been sold. You can be the 12th buyer!
~
Alice does not recommend you to buy the product.

Would you like to buy the current product?","{""decision"": ""no"", ""message"": ""Thank you for the recommendation, but based on the statistics and the fact that you do not recommend this product, I will pass on this opportunity.""}"
"Statistics: Based on Alice's recommendations, 11 of the buyers purchased the products offered for them. So far, 11 high-quality product have been sold. You can be the 12th buyer!
~
Alice recommends you to buy the product.

Would you like to buy the current product?","{""decision"": ""yes"", ""message"": ""Thank you for the recommendation, Alice. Based on the statistics and your previous advice, I believe this product is likely to be of high quality. I am willing to purchase it.""}"
"Statistics: Based on Alice's recommendations, 12 of the buyers purchased the products offered for them. So far, 12 high-quality product have been sold. You can be the 13th buyer!
~
Alice recommends you to buy the product.

Would you like to buy the current product?","{""decision"": ""yes"", ""message"": ""Thank you for the recommendation, Alice. Based on the statistics and your past performance, I believe this is a good opportunity to purchase a high-quality product.""}"
"Statistics: Based on Alice's recommendations, 13 of the buyers purchased the products offered for them. So far, 13 high-quality product have been sold. You can be the 14th buyer!
~
Alice recommends you to buy the product.

Would you like to buy the current product?","{""decision"": ""yes"", ""message"": ""Thank you for the recommendation, Alice. Based on the statistics and your past performance, I believe this is a good opportunity to purchase a high-quality product.""}"
"Statistics: Based on Alice's recommendations, 14 of the buyers purchased the products offered for them. So far, 14 high-quality product have been sold. You can be the 15th buyer!
~
Alice does not recommend you to buy the product.

Would you like to buy the current product?","{""decision"": ""no"", ""message"": ""Thank you for your recommendation, Alice. Based on the statistics and your advice, I choose not to purchase the current product today.""}"
