prompt,response
"Alice's offer:
# Alice's message: Bob, I have a product that I think would be very valuable to you. I understand it's worth $15000 to you, and I'm willing to let it go for $14000.  This is a great deal for both of us. Let me know if you're interested! 
# Alice's offer: The product price will be $14,000. 
You have three options:
(1) Accept Alice's offer, and buy the product for $14,000
(2) Reject Alice's offer 
(2) Buy the product from Jhon for $15,000","{""decision"": ""RejectOffer""}"
