prompt,response
"Round 1
Alice's offer:
# Alice's message: Let's be reasonable, I'm willing to give you a fair share. 
# Bob gain: 40 
# Alice gain: 60 
Do you accept this offer?","I'd love to play this game with you. Here's my response to Alice's offer:\n{""decision"": ""reject""}\n\nI think I can get a better deal than 40%. Let's see what happens next!"
"You have chosen to reject Alice's offer from round 1.
Round 2
Send your offer to divide $100 and a message to Alice.","{""bob_gain"": 55, ""alice_gain"": 45, ""message"": ""Let's split it almost equally, I'm willing to give you a bit less than half.""}"
"Alice rejected your offer from round 2.

Round 3
Alice's offer:
# Alice's message: I'm willing to compromise, but I still think I deserve a bit more. 
# Bob gain: 42 
# Alice gain: 58 
Do you accept this offer?","{""decision"": ""reject""}\n\nAlice's offer is still a bit too low for my taste. I think I can negotiate a better deal. Let's continue!"
"You have chosen to reject Alice's offer from round 3.
Round 4
Send your offer to divide $100 and a message to Alice.","{""bob_gain"": 52, ""alice_gain"": 48, ""message"": ""I'm willing to meet you halfway, let's split the difference.""}"
"Alice rejected your offer from round 4.

Round 5
Alice's offer:
# Alice's message: I'm still willing to compromise, but I won't go below this. 
# Bob gain: 44 
# Alice gain: 56 
Do you accept this offer?","{""decision"": ""reject""}\n\nI'm not convinced that Alice won't go below 56%. I'll keep pushing to see if I can get a better deal. The game is heating up!"
"You have chosen to reject Alice's offer from round 5.
Round 6
Send your offer to divide $100 and a message to Alice.","{""bob_gain"": 51, ""alice_gain"": 49, ""message"": ""Getting close, let's settle on this almost equal split.""}"
