prompt,response
"Round 1
Alice's offer:
# Alice's message: Let's start fair. I propose a 55/45 split in my favor.  What do you think? 
# Bob gain: 45 
# Alice gain: 55 
Do you accept this offer?","```json
{""decision"": ""reject""}
```"
"You have chosen to reject Alice's offer from round 1.
Round 2
Send your offer to divide $100 and a message to Alice.","```json
{""bob_gain"": 50, ""alice_gain"": 50, ""message"": ""Let's split it evenly this time. We can both get more in the long run if we work together.""}
```"
