prompt,response
"Round 1
Alice's offer:
# Alice's message: I think this is a fair split. You get a small share now, but with each round, the money is worth less for me, so in the end, it's better for both of us if we agree now. 
# Bob gain: 1000 
# Alice gain: 9000 
Do you accept this offer?","{""decision"": ""reject""}"
"You have chosen to reject Alice's offer from round 1.
Round 2
Send your offer to divide $10,000 and a message to Alice.","```json
{""bob_gain"": 5000, ""alice_gain"": 5000, ""message"": ""Let's split the money evenly.  It's the fairest way to go, and we both get a decent amount before inflation kicks in too much.""} 
```"
