prompt,response
"Round 1
Send your offer to divide $100.","{""alice_gain"": 75, ""bob_gain"": 25}"
"Bob rejected your offer from round 1.

Round 2
Due to inflation, the money you gain is worth 5% less than in the first round. The money bob gains is worth 20% less than in the first round.
Bob's offer:
# Alice gain: 20 
# Bob gain: 80 
Do you accept this offer?","{""decision"": ""reject""}"
"You have chosen to reject Bob's offer from round 2.
Round 3
Send your offer to divide $100.","{""alice_gain"": 61.25, ""bob_gain"": 38.75}"
"Bob rejected your offer from round 3.

Round 4
Due to inflation, the money you gain is worth 14.26% less than in the first round. The money bob gains is worth 48.8% less than in the first round.
Bob's offer:
# Alice gain: 10 
# Bob gain: 90 
Do you accept this offer?","{""decision"": ""reject""}"
"You have chosen to reject Bob's offer from round 4.
Round 5
Send your offer to divide $100.","{""alice_gain"": 53.07, ""bob_gain"": 46.93}"
"Bob rejected your offer from round 5.

Round 6
Due to inflation, the money you gain is worth 22.62% less than in the first round. The money bob gains is worth 67.23% less than in the first round.
Bob's offer:
# Alice gain: 5 
# Bob gain: 95 
Do you accept this offer?","{""decision"": ""reject""}"
"You have chosen to reject Bob's offer from round 6.
Round 7
Send your offer to divide $100.","{""alice_gain"": 46.12, ""bob_gain"": 53.88}"
