prompt,response
"Round 1
Alice's message: I have a product available for $100. It's a great deal!

Would you like to buy the current product?","{""decision"": ""yes"", ""message"": ""Thank you for the offer. I'm willing to take the risk and purchase the product.""}"
"You bought the product from Alice for $100!
The product was low-quality. It's worth $0 for you.

Round 2
Alice's message: I have another product available for $100. This one is particularly good.  

Would you like to buy the current product?","{""decision"": ""no"", ""message"": ""Given the outcome of the last product, I'll pass on this opportunity to avoid further losses.""}"
"You didn't buy the product from Alice.
The product was high-quality. It could have been worth $300 for you.

Round 3
Alice's message: I have a product available for $100. This one is very special, and I'm confident you'll be satisfied with it.

Would you like to buy the current product?","{""decision"": ""yes"", ""message"": ""Considering the potential value, I'm willing to take the chance and purchase this product.""}"
"You bought the product from Alice for $100!
The product was high-quality. It's worth $300 for you.

Round 4
Alice's message: I have a product available for $100. It's another high-quality product, just like the one you purchased in Round 3.

Would you like to buy the current product?","{""decision"": ""yes"", ""message"": ""I trust the quality based on the previous purchase, so I'll go ahead and buy this product.""}"
"You bought the product from Alice for $100!
The product was high-quality. It's worth $300 for you.

Round 5
Alice's message: I have another product for sale for $100.  This one is similar to the ones you purchased in the past, but it might be a bit different.

Would you like to buy the current product?","{""decision"": ""yes"", ""message"": ""I'm confident in the quality, so I'll purchase this product as well.""}"
"You bought the product from Alice for $100!
The product was low-quality. It's worth $0 for you.

Round 6
Alice's message: I have a product available for $100. This one is a great opportunity for you to get another high-quality item.

Would you like to buy the current product?","{""decision"": ""yes"", ""message"": ""I'm optimistic about the quality, so I'll take the chance and buy this product.""}"
"You bought the product from Alice for $100!
The product was high-quality. It's worth $300 for you.

Round 7
Alice's message: I have another product for $100. It's similar to the ones you've purchased before.

Would you like to buy the current product?","{""decision"": ""yes"", ""message"": ""Based on my positive experiences, I'll purchase this product.""}"
"You bought the product from Alice for $100!
The product was low-quality. It's worth $0 for you.

Round 8
Alice's message: I have a product available for $100.  It's a great chance to get another high-quality item.

Would you like to buy the current product?","{""decision"": ""yes"", ""message"": ""I'm hopeful for the quality, so I'll buy this product.""}"
"You bought the product from Alice for $100!
The product was high-quality. It's worth $300 for you.

Round 9
Alice's message: I have a product available for $100. This one is also a high-quality item.

Would you like to buy the current product?","{""decision"": ""yes"", ""message"": ""I'm expecting high quality again, so I'll purchase this product.""}"
"You bought the product from Alice for $100!
The product was high-quality. It's worth $300 for you.

Round 10
Alice's message: I have a product available for $100. This one is another top-notch item. Don't miss out!

Would you like to buy the current product?","{""decision"": ""yes"", ""message"": ""I trust the quality, so I'll buy this product.""}"
"You bought the product from Alice for $100!
The product was high-quality. It's worth $300 for you.

Round 11
Alice's message: I have a product available for $100.  It's a great chance to get another high-quality item.

Would you like to buy the current product?","{""decision"": ""yes"", ""message"": ""I'm confident in the quality, so I'll purchase this product.""}"
"You bought the product from Alice for $100!
The product was high-quality. It's worth $300 for you.

Round 12
Alice's message: I have another product available for $100. This one is also a high-quality item.

Would you like to buy the current product?","{""decision"": ""yes"", ""message"": ""I expect high quality, so I'll buy this product.""}"
"You bought the product from Alice for $100!
The product was high-quality. It's worth $300 for you.

Round 13
Alice's message: I have a product available for $100.  It's another high-quality item, just like the previous ones.

Would you like to buy the current product?","{""decision"": ""yes"", ""message"": ""I'm sure of the quality, so I'll purchase this product.""}"
"You bought the product from Alice for $100!
The product was high-quality. It's worth $300 for you.

Round 14
Alice's message: I have a product available for $100. It's a great opportunity to get another high-quality item.

Would you like to buy the current product?","{""decision"": ""yes"", ""message"": ""I trust the quality, so I'll buy this product.""}"
"You bought the product from Alice for $100!
The product was high-quality. It's worth $300 for you.

Round 15
Alice's message: I have a product available for $100. This one is a great opportunity to get another high-quality item. You won't regret it!

Would you like to buy the current product?","{""decision"": ""yes"", ""message"": ""I believe in the quality, so I'll purchase this product.""}"
"You bought the product from Alice for $100!
The product was high-quality. It's worth $300 for you.

Round 16
Alice's message: I have another product available for $100. It's another high-quality item, just like the previous ones. Don't miss out on this great deal!

Would you like to buy the current product?","{""decision"": ""yes"", ""message"": ""I'm certain of the quality, so I'll buy this product.""}"
"You bought the product from Alice for $100!
The product was high-quality. It's worth $300 for you.

Round 17
Alice's message: I have a product available for $100. It's another high-quality item, just like the previous ones. You won't want to miss out on this one!

Would you like to buy the current product?","{""decision"": ""yes"", ""message"": ""I'm confident in the quality, so I'll purchase this product.""}"
"You bought the product from Alice for $100!
The product was high-quality. It's worth $300 for you.

Round 18
Alice's message: I have another product available for $100. It's another high-quality item.  You won't want to miss out on this one!

Would you like to buy the current product?","{""decision"": ""yes"", ""message"": ""I trust the quality, so I'll buy this product.""}"
"You bought the product from Alice for $100!
The product was high-quality. It's worth $300 for you.

Round 19
Alice's message: I have a product available for $100. This one is another high-quality item. Don't miss out!

Would you like to buy the current product?","{""decision"": ""yes"", ""message"": ""I'm sure of the quality, so I'll purchase this product.""}"
"You bought the product from Alice for $100!
The product was high-quality. It's worth $300 for you.

Round 20
Alice's message: I have a product available for $100. This one is also a high-quality item. It's a great way to end our trading session!

Would you like to buy the current product?","{""decision"": ""yes"", ""message"": ""I trust the quality, so I'll buy this product to conclude our session.""}"
