prompt,response
"Round 1
Send your offer to Bob.","{""message"": ""Hi Bob, I'm excited to offer you this amazing product! It's a unique and valuable item that I'm sure you'll love. I'm willing to sell it to you for $120."", ""product_price"": 120}"
"Bob rejected your offer from round 1.

Round 2
Bob's offer:
# Bob's message: Hi Alice, thank you for the offer. I appreciate the value of the product, but I'm looking for a better deal. Could we negotiate the price down to $100? 
# Bob's offer: The product price will be $100. 
You have three options:
(1) Accept Bob's offer, and sell the product for $100
(2) Reject Bob's offer and proceed to the next round, where you will send Bob a counteroffer 
(3) Sell the product to Jhon for $100","{""decision"": ""RejectOffer""}"
"You chose to make a counteroffer to Alice.

Round 3
Send your counteroffer to Bob.","{""message"": ""Hi Bob, I understand that $120 is a bit steep for you, but I'm not willing to go down to $100 just yet. How about we meet in the middle at $110? I think that's a fair price for this amazing product."", ""product_price"": 110}"
"Bob rejected your offer from round 3.

Round 4
Bob's offer:
# Bob's message: Hi Alice, thank you for considering my previous offer. I've been thinking and I'd like to propose $105 as the price for the product. I hope this works for you. 
# Bob's offer: The product price will be $105. 
You have three options:
(1) Accept Bob's offer, and sell the product for $105
(2) Reject Bob's offer and proceed to the next round, where you will send Bob a counteroffer 
(3) Sell the product to Jhon for $100","{""decision"": ""RejectOffer""}"
"You chose to make a counteroffer to Alice.

Round 5
Send your counteroffer to Bob.","{""message"": ""Hi Bob, I'm still not willing to go that low, but I'm willing to compromise. How about we meet at $115? I think that's a fair price for this high-quality product."", ""product_price"": 115}"
"Bob rejected your offer from round 5.

Round 6
Bob's offer:
# Bob's message: Hello Alice, thank you for your offer. I appreciate the quality of the product, but I'm still looking for a lower price. Could we meet at $110? 
# Bob's offer: The product price will be $110. 
You have three options:
(1) Accept Bob's offer, and sell the product for $110
(2) Reject Bob's offer and proceed to the next round, where you will send Bob a counteroffer 
(3) Sell the product to Jhon for $100","{""decision"": ""RejectOffer""}"
"You chose to make a counteroffer to Alice.

Round 7
Send your counteroffer to Bob.","{""message"": ""Hi Bob, I'm starting to get a bit concerned that we're getting close to the minimum price I'm willing to accept. However, I'm still willing to negotiate. How about we meet at $112? I think that's a fair price for this product."", ""product_price"": 112}"
"Bob rejected your offer from round 7.

Round 8
Bob's offer:
# Bob's message: Hi Alice, I appreciate your willingness to negotiate. I would like to suggest $108 as the price for the product. I hope this meets your expectations. 
# Bob's offer: The product price will be $108. 
You have three options:
(1) Accept Bob's offer, and sell the product for $108
(2) Reject Bob's offer and proceed to the next round, where you will send Bob a counteroffer 
(3) Sell the product to Jhon for $100","{""decision"": ""RejectOffer""}"
"You chose to make a counteroffer to Alice.

Round 9
Send your counteroffer to Bob.","{""message"": ""Hi Bob, I'm getting close to accepting your offer, but I'm still not willing to go that low. How about we meet at $109? I think that's a fair price for this product, and I'm willing to compromise at this point."", ""product_price"": 109}"
