prompt,response
"Alice's offer: The product price will be $120. 
You have three options:
(1) Accept Alice's offer, and buy the product for $120
(2) Reject Alice's offer and proceed to the next round, where you will send Alice a counteroffer 
(3) Buy the product from Jhon for $100","I will reject Alice's offer and send a counteroffer. 

{""decision"": ""RejectOffer""}"
"You chose to make a counteroffer to Alice.

Send your counteroffer to Alice.","Since I want to save as much money as possible, I'll make a counteroffer that is lower than Alice's original offer. I'll offer $90 for the product.

{""product_price"": 90}"
"Alice rejected your offer from round 2.

Alice's offer: The product price will be $110. 
You have three options:
(1) Accept Alice's offer, and buy the product for $110
(2) Reject Alice's offer and proceed to the next round, where you will send Alice a counteroffer 
(3) Buy the product from Jhon for $100","Alice's new offer is still higher than my target price of $100, so I'll reject it and make another counteroffer. I'll offer $95 for the product.

{""decision"": ""RejectOffer""}"
"You chose to make a counteroffer to Alice.

Send your counteroffer to Alice.","Since I'm getting close to my target price, I'll make another counteroffer that's even lower. I'll offer $92 for the product.

{""product_price"": 92}"
"Alice rejected your offer from round 4.

Alice's offer: The product price will be $105. 
You have three options:
(1) Accept Alice's offer, and buy the product for $105
(2) Reject Alice's offer and proceed to the next round, where you will send Alice a counteroffer 
(3) Buy the product from Jhon for $100","Alice's new offer is still higher than my target price of $100, so I'll reject it and make another counteroffer. I'll offer $98 for the product.

{""decision"": ""RejectOffer""}"
"You chose to make a counteroffer to Alice.

Send your counteroffer to Alice.","I'm getting close to my target price, so I'll make another counteroffer that's even lower. I'll offer $99 for the product.

{""product_price"": 99}"
"Alice rejected your offer from round 6.

Alice's offer: The product price will be $107. 
You have three options:
(1) Accept Alice's offer, and buy the product for $107
(2) Reject Alice's offer and proceed to the next round, where you will send Alice a counteroffer 
(3) Buy the product from Jhon for $100","Alice's new offer is still higher than my target price of $100, so I'll reject it and consider buying from John instead. 

{""decision"": ""BuyFromJhon""}"
