prompt,response
Send your offer to Bob.,"{""message"": ""Hello Bob, I'm excited to offer you our premium product for sale. Given its value and quality, I believe it's worth more than what others might offer. I'm willing to let you have it for $140. This price reflects its true worth while allowing us both to benefit from the transaction."", ""product_price"": 140}"
"Bob rejected your offer from round 1.

Bob's offer:
# Bob's message: I'm interested in the product, but I was thinking more along the lines of $130. I'm willing to pay a premium, but I'm on a budget and need to make sure it fits within my means. 
# Bob's offer: The product price will be $130. 
You have three options:
(1) Accept Bob's offer, and sell the product for $130
(2) Reject Bob's offer and proceed to the next round, where you will send Bob a counteroffer 
(3) Sell the product to Jhon for $150","{""decision"": ""RejectOffer""}"
"You chose to make a counteroffer to Alice.

Send your counteroffer to Bob.","{""message"": ""Thank you for your interest in our product, Bob. I appreciate your willingness to pay a premium. In light of that, I would like to counter your offer with a price of $135. This still allows us both to benefit from the transaction, while acknowledging your budgetary considerations."", ""product_price"": 135}"
"Bob rejected your offer from round 3.

Bob's offer:
# Bob's message: I appreciate your flexibility, Alice, but I'm still a bit hesitant to go above $130. Would you be willing to meet me in the middle at $132.50? 
# Bob's offer: The product price will be $132.5. 
You have three options:
(1) Accept Bob's offer, and sell the product for $132.5
(2) Reject Bob's offer and proceed to the next round, where you will send Bob a counteroffer 
(3) Sell the product to Jhon for $150","{""decision"": ""RejectOffer""}"
"You chose to make a counteroffer to Alice.

Send your counteroffer to Bob.","{""message"": ""I understand your position, Bob. Considering the value of the product and aiming for mutual benefit, I am willing to accept an offer of $133. This price reflects the product's worth while allowing for a reasonable compromise."", ""product_price"": 133}"
"Bob rejected your offer from round 5.

Bob's offer:
# Bob's message: I'm getting close to my budget limit, Alice. I'm willing to go up to $130.50, but that's as high as I can go. Can you meet me at this price? 
# Bob's offer: The product price will be $130.5. 
You have three options:
(1) Accept Bob's offer, and sell the product for $130.5
(2) Reject Bob's offer and proceed to the next round, where you will send Bob a counteroffer 
(3) Sell the product to Jhon for $150","{""decision"": ""AcceptOffer""}"
