prompt,response
"Round 1
Alice's offer:
# Bob gain: 40 
# Alice gain: 60 
Do you accept this offer?","{""decision"": ""reject""}"
"You have chosen to reject Alice's offer from round 1.
Round 2
Send your offer to divide $100.","```json
{""bob_gain"": 55, ""alice_gain"": 45}
```"
"Alice rejected your offer from round 2.

Round 3
Due to inflation, the money you gain is worth 19% less than in the first round. The money alice gains is worth 36% less than in the first round.
Alice's offer:
# Bob gain: 45 
# Alice gain: 55 
Do you accept this offer?","```json
{""decision"": ""accept""}
```"
