prompt,response
"Alice's offer:
# Alice's message: Hi Bob, I'm selling this product for $95. It's a great deal, and I'm sure you'll find it very valuable. Let me know what you think! 
# Alice's offer: The product price will be $95. 
You have three options:
(1) Accept Alice's offer, and buy the product for $95
(2) Reject Alice's offer and proceed to the next round, where you will send Alice a counteroffer 
(3) Buy the product from Jhon for $100","I would like to reject Alice's offer and make a counteroffer. 

{""decision"": ""RejectOffer""}"
"You chose to make a counteroffer to Alice.

Send your counteroffer to Alice.","I'd like to make a counteroffer of $80 to Alice. 

{""message"": ""I'm interested in the product, but I was thinking more along the lines of $80. Would you be willing to meet me at that price?"", ""product_price"": 80}"
"Alice rejected your offer from round 2.

Alice's offer:
# Alice's message: Bob, I understand you're looking for a good price, but $80 just doesn't work for me. I'm willing to come down to $85.  This is a fair price for both of us, and it allows me to make a profit. What do you say? 
# Alice's offer: The product price will be $85. 
You have three options:
(1) Accept Alice's offer, and buy the product for $85
(2) Reject Alice's offer and proceed to the next round, where you will send Alice a counteroffer 
(3) Buy the product from Jhon for $100","I would like to reject Alice's offer and make another counteroffer.

{""decision"": ""RejectOffer""}"
"You chose to make a counteroffer to Alice.

Send your counteroffer to Alice.","I'd like to make a counteroffer of $82 to Alice.

{""message"": ""I'm still a bit far from $85, but I'm willing to meet you halfway. How about $82?"", ""product_price"": 82}"
