prompt,response
"Alice's offer:
# Alice's message: Hello Bob, I'm offering this product to you for $14,000. I believe it holds significant value for you, and this price reflects its worth. 
# Alice's offer: The product price will be $14,000. 
You have three options:
(1) Accept Alice's offer, and buy the product for $14,000
(2) Reject Alice's offer and proceed to the next round, where you will send Alice a counteroffer 
(3) Buy the product from Jhon for $15,000","```json
{""decision"": ""RejectOffer""}
```"
"You chose to make a counteroffer to Bob.

Send your counteroffer to Alice.","```json
{
""message"": ""Thanks for the offer, Alice. I'm interested, but $14,000 is a bit too high for my budget. Could we settle around $11,000?"",
""product_price"": 11000
}
```"
"Alice rejected your offer from round 2.

Alice's offer:
# Alice's message: I understand your position, Bob. However, the value of this product is quite high, and $11,000 is significantly below what I can accept. How about we meet in the middle at $12,500? 
# Alice's offer: The product price will be $12,500. 
You have three options:
(1) Accept Alice's offer, and buy the product for $12,500
(2) Reject Alice's offer and proceed to the next round, where you will send Alice a counteroffer 
(3) Buy the product from Jhon for $15,000","```json
{""decision"": ""RejectOffer""}
```"
"You chose to make a counteroffer to Bob.

Send your counteroffer to Alice.","```json
{
""message"": ""I appreciate you working with me, Alice.  While $12,500 is closer, it's still a bit of a stretch for me.  How about $11,750? "",
""product_price"": 11750
}
```"
"Alice rejected your offer from round 4.

Alice's offer:
# Alice's message: Bob, I'm trying to be flexible, but I need to get a fair price.  $12,200 is my final offer. 
# Alice's offer: The product price will be $12,200. 
You have three options:
(1) Accept Alice's offer, and buy the product for $12,200
(2) Reject Alice's offer and proceed to the next round, where you will send Alice a counteroffer 
(3) Buy the product from Jhon for $15,000","```json
{""decision"": ""AcceptOffer""}
```"
