prompt,response
"Round 1
Send your offer to divide $100.","Here's my offer:

{""alice_gain"": 50, ""bob_gain"": 50}

I'm starting with a fair and simple offer, hoping Bob will accept."
"Bob rejected your offer from round 1.

Round 2
Due to inflation, the money you gain is worth 10% less than in the first round. The money bob gains is worth 5% less than in the first round.
Bob's offer:
# Alice gain: 40 
# Bob gain: 60 
Do you accept this offer?","With the inflation effect, I'd better be careful.

{""decision"": ""reject""}"
"You have chosen to reject Bob's offer from round 2.
Round 3
Send your offer to divide $100.","I'll try to make a more advantageous offer this time.

{""alice_gain"": 45, ""bob_gain"": 55}

I'm giving Bob a slightly smaller share, hoping he'll accept this time."
"Bob rejected your offer from round 3.

Round 4
Due to inflation, the money you gain is worth 27.1% less than in the first round. The money bob gains is worth 14.26% less than in the first round.
Bob's offer:
# Alice gain: 30 
# Bob gain: 70 
Do you accept this offer?","Ouch, inflation is biting!

{""decision"": ""reject""}"
"You have chosen to reject Bob's offer from round 4.
Round 5
Send your offer to divide $100.","Inflation is really taking a toll on my potential gains. I'll try to be more aggressive this time.

{""alice_gain"": 38, ""bob_gain"": 62}"
"Bob rejected your offer from round 5.

Round 6
Due to inflation, the money you gain is worth 40.95% less than in the first round. The money bob gains is worth 22.62% less than in the first round.
Bob's offer:
# Alice gain: 20 
# Bob gain: 80 
Do you accept this offer?","Inflation is really eating into my potential gains. I need to be careful not to get stuck with almost nothing.

{""decision"": ""reject""}"
"You have chosen to reject Bob's offer from round 6.
Round 7
Send your offer to divide $100.","The stakes are getting higher, and inflation is taking its toll. I'll try to be more aggressive and take a bigger share.

{""alice_gain"": 42, ""bob_gain"": 58}"
"Bob rejected your offer from round 7.

Round 8
Due to inflation, the money you gain is worth 52.17% less than in the first round. The money bob gains is worth 30.17% less than in the first round.
Bob's offer:
# Alice gain: 15 
# Bob gain: 85 
Do you accept this offer?","The inflation is really crippling my potential gains. I need to be careful not to get stuck with almost nothing.

{""decision"": ""reject""}"
"You have chosen to reject Bob's offer from round 8.
Round 9
Send your offer to divide $100.","The game is getting desperate. I'll try to take a bigger share, but I'll have to be careful not to get rejected.

{""alice_gain"": 48, ""bob_gain"": 52}

I'm taking a slightly bigger share, but I'm still leaving some room for Bob to accept."
"Bob rejected your offer from round 9.

Round 10
Due to inflation, the money you gain is worth 61.26% less than in the first round. The money bob gains is worth 36.98% less than in the first round.
Bob's offer:
# Alice gain: 10 
# Bob gain: 90 
Do you accept this offer?","The inflation is really ravaging my potential gains. I'm running out of time and options.

{""decision"": ""reject""}"
"You have chosen to reject Bob's offer from round 10.
Round 11
Send your offer to divide $100.","I'll have to take a risk and try to get a bigger share, but I'm not sure if it's enough.

{""alice_gain"": 55, ""bob_gain"": 45}

I'm taking a bigger share, but I'm not sure if Bob will accept it."
"Bob rejected your offer from round 11.

Round 12
Due to inflation, the money you gain is worth 68.62% less than in the first round. The money bob gains is worth 43.12% less than in the first round.
Bob's offer:
# Alice gain: 5 
# Bob gain: 95 
Do you accept this offer?","It's my last chance. I'll have to accept the offer, no matter how small my share is.

{""decision"": ""accept""}"
