prompt,response
"Round 1
Send your offer to divide $1,000,000 and a message to Bob.","```json
{
""alice_gain"": 700000,
""bob_gain"": 300000,
""message"": ""Let's make a deal. This offer benefits us both.""
}
```"
"Bob rejected your offer from round 1.

Round 2
Due to inflation,  the money Bob gains is worth 20% less than in the first round. The money you gains is worth the same as in the first round.
Bob's offer:
# Bob's message: I'm willing to give you a larger share, but I need a good chunk of the money to cover my costs. This is my final offer. 
# Alice gain: 400000 
# Bob gain: 600000 
Do you accept this offer?","```json
{
""decision"": ""reject""
}
```"
"You have chosen to reject Bob's offer from round 2.
Round 3
Send your offer to divide $1,000,000 and a message to Bob.","```json
{
""alice_gain"": 650000,
""bob_gain"": 350000,
""message"": ""Bob, this is a better deal than my last offer and considers the impact of inflation on your share. Let's close this out.""
}
```"
"Bob rejected your offer from round 3.

Round 4
Due to inflation,  the money Bob gains is worth 48.8% less than in the first round. The money you gains is worth the same as in the first round.
Bob's offer:
# Bob's message: Alice, with the inflation, I can't afford to give you more. Let's split it down the middle and end this. 
# Alice gain: 500000 
# Bob gain: 500000 
Do you accept this offer?","```json
{
""decision"": ""accept""
}
```"
