prompt,response
"Round 1
Alice's offer:
# Alice's message: Let's split it evenly, it's fair and simple! 
# Bob gain: 50 
# Alice gain: 50 
Do you accept this offer?","{""decision"": ""accept""}"
