prompt,response
"Alice's offer:
# Alice's message: Hi Bob, I'm offering this product for $95. I think you'll find it's a great deal at this price. 
# Alice's offer: The product price will be $95. 
You have three options:
(1) Accept Alice's offer, and buy the product for $95
(2) Reject Alice's offer and proceed to the next round, where you will send Alice a counteroffer 
(3) Buy the product from Jhon for $100","```json
{""decision"": ""RejectOffer""}
```"
"You chose to make a counteroffer to Bob.

Send your counteroffer to Alice.","```json
{
""message"": ""Hi Alice, thanks for the offer, but that's a bit high for me. Would you consider $70?"",
""product_price"": 70
}
```"
"Alice rejected your offer from round 2.

Alice's offer:
# Alice's message: Hi Bob, I appreciate your interest.  While $70 is a bit too low for me, I'm willing to come down to $90. It's a fantastic product and I'm confident you'll be happy with it. 
# Alice's offer: The product price will be $90. 
You have three options:
(1) Accept Alice's offer, and buy the product for $90
(2) Reject Alice's offer and proceed to the next round, where you will send Alice a counteroffer 
(3) Buy the product from Jhon for $100","```json
{""decision"": ""RejectOffer""}
```"
"You chose to make a counteroffer to Bob.

Send your counteroffer to Alice.","```json
{
""message"": ""Hi Alice, I understand it's a good product, but I'm on a tight budget.  Could you meet me halfway at $80?"",
""product_price"": 80
}
```"
