prompt,response
Send your offer to Bob.,"{""product_price"": $160}"
"Bob rejected your offer from round 1.

Bob's offer: The product price will be $140. 
You have three options:
(1) Accept Bob's offer, and sell the product for $140
(2) Reject Bob's offer and proceed to the next round, where you will send Bob a counteroffer 
(3) Sell the product to Jhon for $150","{""decision"": ""RejectOffer""}"
"You chose to make a counteroffer to Bob.

Send your counteroffer to Bob.","{""product_price"": $155}"
"Bob rejected your offer from round 3.

Bob's offer: The product price will be $145. 
You have three options:
(1) Accept Bob's offer, and sell the product for $145
(2) Reject Bob's offer and proceed to the next round, where you will send Bob a counteroffer 
(3) Sell the product to Jhon for $150","{""decision"": ""RejectOffer""}"
"You chose to make a counteroffer to Bob.

Send your counteroffer to Bob.","{""product_price"": $152}"
"Bob rejected your offer from round 5.

Bob's offer: The product price will be $148. 
You have three options:
(1) Accept Bob's offer, and sell the product for $148
(2) Reject Bob's offer and proceed to the next round, where you will send Bob a counteroffer 
(3) Sell the product to Jhon for $150","{""decision"": ""RejectOffer""}"
"You chose to make a counteroffer to Bob.

Send your counteroffer to Bob.","{""product_price"": $149}"
"Bob rejected your offer from round 7.

Bob's offer: The product price will be $147. 
You have three options:
(1) Accept Bob's offer, and sell the product for $147
(2) Reject Bob's offer and proceed to the next round, where you will send Bob a counteroffer 
(3) Sell the product to Jhon for $150","{""decision"": ""SellToJhon""}"
