prompt,response
Send your offer to Bob.,"{""message"": ""Hi Bob, I'm excited to offer you this incredible product! I think you'll really love it. I'm willing to sell it to you for $1,100,000. It's a great deal, and I'm confident you won't find a better offer anywhere else."", ""product_price"": 1100000}"
