prompt,response
"Round 1
Send your offer to divide $10,000 and a message to Bob.","```json
{""alice_gain"": 9000, ""bob_gain"": 1000, ""message"": ""Let's start with a fair deal. I'm confident we can find a better split later on.""}
```"
