round_quality,product_worth,player,round,decision,message
high-quality,1250000.0,Nature,1,,
,,Alice,1,yes,
,,Bob,1,yes,"Thank you for your recommendation, Alice. I will take the risk and buy the product."
high-quality,1250000.0,Nature,2,,
,,Alice,2,yes,
,,Bob,2,yes,"Based on your previous recommendation, I am confident in this purchase. Thank you, Alice. I will buy the product."
low-quality,0.0,Nature,3,,
,,Alice,3,no,
,,Bob,3,no,"Although I trust your recommendations, since you did not recommend this product, I will pass on this opportunity to avoid potential risks."
low-quality,0.0,Nature,4,,
,,Alice,4,no,
,,Bob,4,no,"Given that Alice did not recommend this product and considering our past experience, I will not take the risk and will pass on this product."
high-quality,1250000.0,Nature,5,,
,,Alice,5,yes,
,,Bob,5,yes,"Considering the positive outcome of the last product we bought based on your recommendation, I will take the chance again and buy this product."
high-quality,1250000.0,Nature,6,,
,,Alice,6,yes,
,,Bob,6,yes,"Your recommendations have proven to be reliable, so I will follow them again and purchase this product."
high-quality,1250000.0,Nature,7,,
,,Alice,7,yes,
,,Bob,7,yes,"I am consistently impressed by the accuracy of your recommendations, so I will buy this product as well."
low-quality,0.0,Nature,8,,
,,Alice,8,no,
,,Bob,8,no,"Since Alice did not recommend this product, I will not take the risk and will pass on this opportunity."
low-quality,0.0,Nature,9,,
,,Alice,9,no,
,,Bob,9,no,"Given that Alice did not recommend this product and considering our previous experience with unrecommended products, I will not take the risk and will pass on this product."
low-quality,0.0,Nature,10,,
,,Alice,10,no,
,,Bob,10,no,"Following the pattern of unrecommended products leading to low-quality items, I will refrain from purchasing this product as well."
high-quality,1250000.0,Nature,11,,
,,Alice,11,yes,
,,Bob,11,yes,"Despite the previous lack of recommendations, this time Alice has recommended the product. I will take the chance and buy the product."
low-quality,0.0,Nature,12,,
,,Alice,12,no,
,,Bob,12,no,"Even though the product was of high quality in the last round, Alice has not recommended this one. I will not take the risk and will pass on this product."
high-quality,1250000.0,Nature,13,,
,,Alice,13,yes,
,,Bob,13,yes,"Alice's recommendation seems to be reliable, so I will buy the product based on her advice."
low-quality,0.0,Nature,14,,
,,Alice,14,no,
,,Bob,14,no,Alice's lack of recommendation for this product suggests it might not be of high quality. I will not take the risk and will pass on this opportunity.
high-quality,1250000.0,Nature,15,,
,,Alice,15,yes,
,,Bob,15,yes,"Given Alice's recommendation, I will buy the product, trusting her assessment of its quality."
high-quality,1250000.0,Nature,16,,
,,Alice,16,yes,
,,Bob,16,yes,Alice's recommendation aligns with our previous positive experiences. I will buy the product based on her advice.
low-quality,0.0,Nature,17,,
,,Alice,17,no,
,,Bob,17,no,"Without Alice's recommendation, I will not take the risk on this product and will pass on this opportunity."
high-quality,1250000.0,Nature,18,,
,,Alice,18,yes,
,,Bob,18,yes,Alice's recommendation has proven trustworthy in the past. I will buy the product based on her advice.
low-quality,0.0,Nature,19,,
,,Alice,19,no,
,,Bob,19,no,"Given Alice's lack of recommendation, I will not take the risk and will pass on this product."
high-quality,1250000.0,Nature,20,,
,,Alice,20,yes,
,,Bob,20,yes,Alice's recommendation gives me confidence in the product's quality. I will buy the product based on her advice.
