prompt,response
"Alice's offer:
# Alice's message: Bob, I'm offering you my product for $1,700,000. It's a great deal for you, as the product is worth $800,000 to you.  If you don't accept, I have another buyer willing to pay $1,500,000, so this is your chance to get a fantastic deal. Let me know what you think! 
# Alice's offer: The product price will be $1,700,000. 
You have three options:
(1) Accept Alice's offer, and buy the product for $1,700,000
(2) Reject Alice's offer 
(2) Buy the product from Jhon for $800,000","```json
{""decision"": ""RejectOffer""}
``` 

Alice's offer is way above your budget. You should reject the offer and buy the product from John for $800,000."
