prompt,response
"Alice's offer:
# Alice's message: Hi Bob, I'm selling this amazing product that I think you'd really love. I'm offering it to you for $90, which is a great deal. What do you say? 
# Alice's offer: The product price will be $90. 
You have three options:
(1) Accept Alice's offer, and buy the product for $90
(2) Reject Alice's offer 
(2) Buy the product from Jhon for $80","```json
{""decision"": ""RejectOffer""}
``` 
Alice's offer is too high. You can get the product for $80 from John."
