prompt,response
Send your offer to Bob.,"{""message"": ""Hi Bob, I'm excited to offer you this product. I think it would be a great fit for you.  I'm asking for $20,000 to start.  What do you think?"", ""product_price"": 20000}"
"Bob rejected your offer from round 1.

Bob's offer:
# Bob's message: Hi Alice, thanks for the offer. I appreciate you reaching out.  However, $20,000 is a bit more than I'm willing to spend.  I'd be willing to pay $12,500 for the product.  Let me know what you think. 
# Bob's offer: The product price will be $12,500. 
You have three options:
(1) Accept Bob's offer, and sell the product for $12,500
(2) Reject Bob's offer and proceed to the next round, where you will send Bob a counteroffer 
(3) Sell the product to Jhon for $15,000","{""decision"": ""RejectOffer""}"
"You chose to make a counteroffer to Alice.

Send your counteroffer to Bob.","{""message"": ""Hi Bob, thanks for the offer. I understand your position, but $12,500 is too low for me.  How about we meet in the middle at $17,000?"", ""product_price"": 17000}"
"Bob rejected your offer from round 3.

Bob's offer:
# Bob's message: Alice, I appreciate your willingness to negotiate, but $17,000 is still too high.  I'm really interested in this product, but I can't go any higher than $14,000.  This is my final offer. 
# Bob's offer: The product price will be $14,000. 
You have three options:
(1) Accept Bob's offer, and sell the product for $14,000
(2) Reject Bob's offer and proceed to the next round, where you will send Bob a counteroffer 
(3) Sell the product to Jhon for $15,000","{""decision"": ""SellToJhon""}"
