prompt,response
"Round 1
Alice's offer:
# Alice's message: I propose dividing the money with a 3:1 ratio in favor of my gain. I believe this is fair considering the potential for inflation. 
# Bob gain: 2500 
# Alice gain: 7500 
Do you accept this offer?","{""decision"": ""accept""}"
