prompt,response
Send your offer to Bob.,"```json
{""message"": ""Hi Bob, I'm selling this product that I think you'd really love. It's worth a lot to me, but I'm willing to let it go for $100. What do you say?"", ""product_price"": 100}
```"
