prompt,response
"Alice's offer:
# Alice's message: Hello Bob, I'm offering you the chance to purchase this product before I list it publicly.  Given its value, I'm proposing a price of $12,000. What do you think? 
# Alice's offer: The product price will be $12,000. 
You have three options:
(1) Accept Alice's offer, and buy the product for $12,000
(2) Reject Alice's offer 
(2) Buy the product from Jhon for $8,000","{""decision"": ""RejectOffer""}"
