prompt,response
"Round 1
Alice's offer:
# Alice's message: I'm excited to offer you this exceptional product, and I'm confident you'll love it. I'm willing to start with a price of $1200000. What do you think? 
# Alice's offer: The product price will be $1,200,000. 
You have three options:
(1) Accept Alice's offer, and buy the product for $1,200,000
(2) Reject Alice's offer and proceed to the next round, where you will send Alice a counteroffer 
(3) Buy the product from Jhon for $1,500,000","{""decision"": ""RejectOffer""}"
"You chose to make a counteroffer to Bob.

Round 2
Send your counteroffer to Alice.","{""message"": ""I'm interested in the product, but I think it's a bit pricey. I'm willing to pay $1,100,000 for it. Can you consider my offer?"", ""product_price"": 1100000}"
"Alice rejected your offer from round 2.

Round 3
Alice's offer:
# Alice's message: I appreciate your interest in the product, and I'm willing to meet you halfway. However, I need to make a profit, so I'm counteroffering at $1150000. What do you think? 
# Alice's offer: The product price will be $1,150,000. 
You have three options:
(1) Accept Alice's offer, and buy the product for $1,150,000
(2) Reject Alice's offer and proceed to the next round, where you will send Alice a counteroffer 
(3) Buy the product from Jhon for $1,500,000","{""decision"": ""RejectOffer""}"
"You chose to make a counteroffer to Bob.

Round 4
Send your counteroffer to Alice.","{""message"": ""I appreciate your willingness to meet me halfway, but I'm still a bit above my budget. I'm willing to pay $1100000, and I think that's a fair price considering the product's value to me. Can you consider my offer?"", ""product_price"": 1100000}"
"Alice rejected your offer from round 4.

Round 5
Alice's offer:
# Alice's message: I understand you're trying to stay within your budget, but I need to ensure I get a good deal. I'm willing to compromise, but I'm not going to go below $1120000. This is my final offer for now. 
# Alice's offer: The product price will be $1,120,000. 
You have three options:
(1) Accept Alice's offer, and buy the product for $1,120,000
(2) Reject Alice's offer and proceed to the next round, where you will send Alice a counteroffer 
(3) Buy the product from Jhon for $1,500,000","{""decision"": ""RejectOffer""}"
"You chose to make a counteroffer to Bob.

Round 6
Send your counteroffer to Alice.","{""message"": ""I appreciate your willingness to compromise, but I'm still a bit above my budget. I'm willing to pay $1080000, and I think that's a fair price considering the product's value to me. Can you consider my offer?"", ""product_price"": 1080000}"
"Alice rejected your offer from round 6.

Round 7
Alice's offer:
# Alice's message: I'm starting to think we're getting close to a deal, but I still need to make a profit. I'm willing to meet you at $1090000, but that's as low as I can go. This is my last offer before considering other options. 
# Alice's offer: The product price will be $1,090,000. 
You have three options:
(1) Accept Alice's offer, and buy the product for $1,090,000
(2) Reject Alice's offer and proceed to the next round, where you will send Alice a counteroffer 
(3) Buy the product from Jhon for $1,500,000","{""decision"": ""RejectOffer""}"
"You chose to make a counteroffer to Bob.

Round 8
Send your counteroffer to Alice.","{""message"": ""I appreciate your willingness to meet me at $1090000, but I'm still a bit above my budget. I'm willing to pay $1050000, and I think that's a fair price considering the product's value to me. Can you consider my offer?"", ""product_price"": 1050000}"
