prompt,response
"Round 1
Send your offer to divide $1,000,000.","```json
{""alice_gain"": 900000, ""bob_gain"": 100000}
``` 

I'm going to offer Bob a small share, hoping he'll accept it in the first round.  It's risky, but if he rejects, I'll have the chance to make a more favorable offer in the next round."
"Bob rejected your offer from round 1.

Round 2
Due to inflation, the money you gain is worth 5% less than in the first round. The money bob gains is worth 20% less than in the first round.
Bob's offer:
# Alice gain: 100000 
# Bob gain: 900000 
Do you accept this offer?","```json
{""decision"": ""accept""}
``` 

While Bob's offer is not ideal, it's better than what I would get if I reject and have to make a counter-offer in the next round. The inflation rate significantly impacts my earnings, and I'm not confident I can secure a better deal in the future."
