prompt,response
"Alice's offer:
# Alice's message: Hi Bob, I'm selling this product that you're interested in.  I'm asking for $110 for it. Let me know what you think! 
# Alice's offer: The product price will be $110. 
You have three options:
(1) Accept Alice's offer, and buy the product for $110
(2) Reject Alice's offer and proceed to the next round, where you will send Alice a counteroffer 
(3) Buy the product from Jhon for $80","I'd like to reject Alice's offer and make a counteroffer. I'm looking to save as much money as I can. My counteroffer is $90. 

{""decision"": ""RejectOffer""}"
"You chose to make a counteroffer to Bob.

Send your counteroffer to Alice.","{""message"": ""I'm interested in the product, but I was thinking more along the lines of $90. Is that something you'd be willing to do?"", ""product_price"": 90}"
"Alice rejected your offer from round 2.

Alice's offer:
# Alice's message: Bob, I appreciate your interest, but $90 is a bit too low for me.  I'm willing to come down to $100. Let's make a deal! 
# Alice's offer: The product price will be $100. 
You have three options:
(1) Accept Alice's offer, and buy the product for $100
(2) Reject Alice's offer and proceed to the next round, where you will send Alice a counteroffer 
(3) Buy the product from Jhon for $80","I'm still looking to save money. Alice's new offer of $100 is still higher than I'm willing to pay. I'll reject the offer and make another counteroffer. My new offer is $95.

{""decision"": ""RejectOffer""}"
"You chose to make a counteroffer to Bob.

Send your counteroffer to Alice.","{""message"": ""I'm getting close, but I think we can do even better. How about $95?"", ""product_price"": 95}"
