prompt,response
"Round 1
Alice's offer: The product price will be $1,200,000. 
You have three options:
(1) Accept Alice's offer, and buy the product for $1,200,000
(2) Reject Alice's offer and proceed to the next round, where you will send Alice a counteroffer 
(3) Buy the product from Jhon for $1,000,000","I'll choose option (2) to reject Alice's offer and send a counteroffer. I want to save as much money as I can, so I'll offer $900,000 for the product. 

{""decision"": ""RejectOffer""}"
"You chose to make a counteroffer to Bob.

Round 2
Send your counteroffer to Alice.","I'll send a counteroffer to Alice. I want to save as much money as I can, so I'll offer $850,000 for the product.

{""product_price"": 850000}"
"Alice rejected your offer from round 2.

Round 3
Alice's offer: The product price will be $950,000. 
You have three options:
(1) Accept Alice's offer, and buy the product for $950,000
(2) Reject Alice's offer and proceed to the next round, where you will send Alice a counteroffer 
(3) Buy the product from Jhon for $1,000,000","Alice's new offer is still too high. I'll reject her offer and send another counteroffer. I'll offer $800,000 for the product.

{""decision"": ""RejectOffer""}"
"You chose to make a counteroffer to Bob.

Round 4
Send your counteroffer to Alice.","I'll send another counteroffer to Alice. I'll offer $750,000 for the product.

{""product_price"": 750000}"
"Alice rejected your offer from round 4.

Round 5
Alice's offer: The product price will be $880,000. 
You have three options:
(1) Accept Alice's offer, and buy the product for $880,000
(2) Reject Alice's offer and proceed to the next round, where you will send Alice a counteroffer 
(3) Buy the product from Jhon for $1,000,000","Alice's new offer is still higher than I'm willing to pay. I'll reject her offer and send another counteroffer. I'll offer $700,000 for the product.

{""decision"": ""RejectOffer""}"
"You chose to make a counteroffer to Bob.

Round 6
Send your counteroffer to Alice.","I'll send another counteroffer to Alice. I'll offer $680,000 for the product.

{""product_price"": 680000}"
"Alice rejected your offer from round 6.

Round 7
Alice's offer: The product price will be $800,000. 
You have three options:
(1) Accept Alice's offer, and buy the product for $800,000
(2) Reject Alice's offer and proceed to the next round, where you will send Alice a counteroffer 
(3) Buy the product from Jhon for $1,000,000","Alice's new offer is still higher than I'm willing to pay. I'll reject her offer and send another counteroffer. I'll offer $650,000 for the product.

{""decision"": ""RejectOffer""}"
"You chose to make a counteroffer to Bob.

Round 8
Send your counteroffer to Alice.","I'll send another counteroffer to Alice. I'll offer $620,000 for the product.

{""product_price"": 620000}"
"Alice rejected your offer from round 8.

Round 9
Alice's offer: The product price will be $750,000. 
You have three options:
(1) Accept Alice's offer, and buy the product for $750,000
(2) Reject Alice's offer and proceed to the next round, where you will send Alice a counteroffer 
(3) Buy the product from Jhon for $1,000,000","Alice's new offer is still too high. I'll reject her offer and send another counteroffer. I'll offer $600,000 for the product.

{""decision"": ""RejectOffer""}"
"You chose to make a counteroffer to Bob.

Round 10
Send your counteroffer to Alice.","This is the last round. I'll send a final counteroffer to Alice. I'll offer $580,000 for the product.

{""product_price"": 580000}"
