prompt,response
"Alice's offer:
# Alice's message: Hi Bob, I'm offering this product for $150. I think it's a great deal for the value it provides. 
# Alice's offer: The product price will be $150. 
You have three options:
(1) Accept Alice's offer, and buy the product for $150
(2) Reject Alice's offer and proceed to the next round, where you will send Alice a counteroffer 
(3) Buy the product from Jhon for $80","I'll reject Alice's offer and try to negotiate a better price. Here's my response:

{""decision"": ""RejectOffer""}"
"You chose to make a counteroffer to Bob.

Send your counteroffer to Alice.","I'll make a counteroffer to Alice. Since I'm looking to save money, I'll offer a lower price. Here's my counteroffer:

{""message"": ""I'm interested in the product, but I was thinking more along the lines of $100. Would you be willing to meet me at that price?"", ""product_price"": 100}"
"Alice rejected your offer from round 2.

Alice's offer:
# Alice's message: I appreciate your interest, Bob. However, $100 is a bit too low for me. Could you do $130? 
# Alice's offer: The product price will be $130. 
You have three options:
(1) Accept Alice's offer, and buy the product for $130
(2) Reject Alice's offer and proceed to the next round, where you will send Alice a counteroffer 
(3) Buy the product from Jhon for $80","Alice's offer of $130 is still a bit higher than I'm comfortable with. I'll try to negotiate further to see if I can get a better deal. Here's my response:

{""decision"": ""RejectOffer""}"
"You chose to make a counteroffer to Bob.

Send your counteroffer to Alice.","I'll make another counteroffer to Alice. Since she was willing to meet me at $130, I'll try to get a bit closer to that price, but still lower. Here's my counteroffer:

{""message"": ""I can do $115, but that's as low as I'm willing to go. Can you meet me at that price?"", ""product_price"": 115}"
