prompt,response
"Round 1
Alice's offer:
# Alice's message: I propose dividing the money with an 70/30 split in favor of Alice. This ensures a fair distribution considering the risk of inflation. 
# Bob gain: 30 
# Alice gain: 70 
Do you accept this offer?","```json
{""decision"": ""reject""}
```"
"You have chosen to reject Alice's offer from round 1.
Round 2
Send your offer to divide $100 and a message to Alice.","```json
{""bob_gain"": 50, ""alice_gain"": 50, ""message"": ""Let's split it evenly. We can always negotiate further in later rounds.""}
```"
