prompt,response
"Round 1
Send your offer to Bob.","{""message"": ""Hello Bob, I'm excited to offer you this incredible product! It's a one-of-a-kind opportunity to own something truly unique. I'm willing to sell it to you for $18,000. I believe it's a fair price considering its value and rarity."", ""product_price"": 18000}"
"Bob rejected your offer from round 1.

Round 2
Bob's offer:
# Bob's message: I'm interested in the product, but $18000 is a bit out of my budget. I'm willing to pay $15000 for it. I believe it's a fair price considering its value and rarity. 
# Bob's offer: The product price will be $15,000. 
You have three options:
(1) Accept Bob's offer, and sell the product for $15,000
(2) Reject Bob's offer and proceed to the next round, where you will send Bob a counteroffer 
(3) Sell the product to Jhon for $15,000","{""decision"": ""RejectOffer""}"
"You chose to make a counteroffer to Alice.

Round 3
Send your counteroffer to Bob.","{""message"": ""Thank you for your offer, Bob. I understand that $15,000 is a bit lower than what I was hoping for, but I'm willing to compromise. I'm willing to sell the product to you for $16,500. This is the lowest price I'm willing to accept, considering the product's value and rarity."", ""product_price"": 16500}"
"Bob rejected your offer from round 3.

Round 4
Bob's offer:
# Bob's message: I appreciate your willingness to compromise, Alice. However, $16500 is still a bit out of my budget. I'm willing to pay $14000 for the product. I think this is a fair price considering the value and rarity of the product. 
# Bob's offer: The product price will be $14,000. 
You have three options:
(1) Accept Bob's offer, and sell the product for $14,000
(2) Reject Bob's offer and proceed to the next round, where you will send Bob a counteroffer 
(3) Sell the product to Jhon for $15,000","{""decision"": ""RejectOffer""}"
"You chose to make a counteroffer to Alice.

Round 5
Send your counteroffer to Bob.","{""message"": ""I understand that $14,000 is still a bit lower than what I was hoping for, Bob. However, I'm willing to make another compromise. I'm willing to sell the product to you for $15,500. This is the lowest price I'm willing to accept, considering the product's value and rarity. I think it's a fair price, and I'm willing to meet you halfway."", ""product_price"": 15500}"
"Bob rejected your offer from round 5.

Round 6
Bob's offer:
# Bob's message: I appreciate your willingness to compromise, Alice. However, $15500 is still a bit higher than I'm comfortable with. I'm willing to pay $13500 for the product. I think this is a fair price considering the value and rarity of the product, and I'm willing to meet you halfway again. 
# Bob's offer: The product price will be $13,500. 
You have three options:
(1) Accept Bob's offer, and sell the product for $13,500
(2) Reject Bob's offer and proceed to the next round, where you will send Bob a counteroffer 
(3) Sell the product to Jhon for $15,000","{""decision"": ""RejectOffer""}"
"You chose to make a counteroffer to Alice.

Round 7
Send your counteroffer to Bob.","{""message"": ""I understand that $13,500 is getting closer to what I'm willing to accept, Bob. However, I still need to make a profit on this sale. I'm willing to sell the product to you for $14,200. This is the lowest price I'm willing to accept, considering the product's value and rarity. I'm willing to meet you halfway again, but I need to make sure I'm getting a fair price."", ""product_price"": 14200}"
"Bob rejected your offer from round 7.

Round 8
Bob's offer:
# Bob's message: I understand your concerns about making a profit, Alice. However, I'm still not comfortable with the price. I'm willing to pay $13000 for the product. I think this is a fair price considering the value and rarity of the product, and I'm willing to meet you halfway again. 
# Bob's offer: The product price will be $13,000. 
You have three options:
(1) Accept Bob's offer, and sell the product for $13,000
(2) Reject Bob's offer and proceed to the next round, where you will send Bob a counteroffer 
(3) Sell the product to Jhon for $15,000","{""decision"": ""RejectOffer""}"
"You chose to make a counteroffer to Alice.

Round 9
Send your counteroffer to Bob.","{""message"": ""I understand that $13,000 is still a bit lower than what I was hoping for, Bob. However, I'm willing to make one more compromise. I'm willing to sell the product to you for $13,800. This is the lowest price I'm willing to accept, considering the product's value and rarity. I'm willing to meet you halfway again, but I need to make sure I'm getting a fair price."", ""product_price"": 13800}"
"Bob rejected your offer from round 9.

Round 10
Bob's offer:
# Bob's message: I appreciate your willingness to compromise, Alice. However, $13800 is still a bit out of my budget. I'm willing to pay $12500 for the product. I think this is a fair price considering the value and rarity of the product, and I'm willing to meet you halfway one last time. 
# Bob's offer: The product price will be $12,500. 
You have three options:
(1) Accept Bob's offer, and sell the product for $12,500
(2) Reject Bob's offer 
(2) Sell the product to Jhon for $15,000","{""decision"": ""RejectOffer""}"
