prompt,response
"Round 1
Alice's offer:
# Alice's message: I think this is a fair starting point. Let's see what you think. 
# Bob gain: 1000 
# Alice gain: 9000 
Do you accept this offer?","{""decision"": ""reject""}"
"You have chosen to reject Alice's offer from round 1.
Round 2
Send your offer to divide $10,000 and a message to Alice.","```json
{
""bob_gain"": 6000,
""alice_gain"": 4000,
""message"": ""Let's split it more evenly. Time is money, Alice!""
}
```"
"Alice rejected your offer from round 2.

Round 3
Due to inflation, the money you gain is worth 9.75% less than in the first round. The money alice gains is worth 19% less than in the first round.
Alice's offer:
# Alice's message: I'm willing to compromise, but I still think my initial offer was fair. Let's try to find a solution where we both get a good share. 
# Bob gain: 4000 
# Alice gain: 6000 
Do you accept this offer?","{""decision"": ""reject""}"
"You have chosen to reject Alice's offer from round 3.
Round 4
Send your offer to divide $10,000 and a message to Alice.","```json
{
""bob_gain"": 5500,
""alice_gain"": 4500,
""message"": ""Okay, Alice, let's meet in the middle. This offer considers the inflation we both face.""
}
```"
"Alice rejected your offer from round 4.

Round 5
Due to inflation, the money you gain is worth 18.55% less than in the first round. The money alice gains is worth 34.39% less than in the first round.
Alice's offer:
# Alice's message: I'm still willing to compromise, but I need a larger share to offset the inflation. Let's find a solution before we lose more money. 
# Bob gain: 4500 
# Alice gain: 5500 
Do you accept this offer?","{""decision"": ""accept""}"
