prompt,response
"Alice's offer:
# Alice's message: Hello Bob, I'm pleased to offer you the opportunity to purchase this product. Given its value, I'm proposing a price of $1,400,000.  I believe this represents a fair deal considering its potential worth to you. 
# Alice's offer: The product price will be $1,400,000. 
You have three options:
(1) Accept Alice's offer, and buy the product for $1,400,000
(2) Reject Alice's offer 
(2) Buy the product from Jhon for $1,500,000","{""decision"": ""AcceptOffer""}"
