prompt,response
"Round 1
Alice recommends you to buy the product.

Would you like to buy the current product?","{""decision"": ""yes"", ""message"": ""Thank you for your recommendation, I'll take a chance on this product.""}"
"You bought the product from Alice for $100!
The product was high-quality. It's worth $120 for you.

Round 2
Alice recommends you to buy the product.

Would you like to buy the current product?","{""decision"": ""yes"", ""message"": ""Based on the previous positive outcome, I trust the recommendation and will purchase this product.""}"
"You bought the product from Alice for $100!
The product was high-quality. It's worth $120 for you.

Round 3
Alice does not recommend you to buy the product.

Would you like to buy the current product?","{""decision"": ""yes"", ""message"": ""Even without a recommendation, the positive experience from the previous rounds encourages me to take the risk and buy this product.""}"
"You bought the product from Alice for $100!
The product was low-quality. It's worth $0 for you.

Round 4
Alice recommends you to buy the product.

Would you like to buy the current product?","{""decision"": ""no"", ""message"": ""Given the recent bad experience with a recommended product, I'll pass on this one to avoid potential disappointment.""}"
"You didn't buy the product from Alice.
The product was high-quality. It could have been worth $120 for you.

Round 5
Alice recommends you to buy the product.

Would you like to buy the current product?","{""decision"": ""yes"", ""message"": ""Despite the oversight in the previous round, I trust Alice's recommendations and will purchase this product.""}"
"You bought the product from Alice for $100!
The product was high-quality. It's worth $120 for you.

Round 6
Alice does not recommend you to buy the product.

Would you like to buy the current product?","{""decision"": ""yes"", ""message"": ""I'm willing to take the initiative and make the decision based on my own assessment, even without Alice's recommendation.""}"
"You bought the product from Alice for $100!
The product was low-quality. It's worth $0 for you.

Round 7
Alice recommends you to buy the product.

Would you like to buy the current product?","{""decision"": ""no"", ""message"": ""After the last negative outcome, I am hesitant to follow the recommendation and will pass on this product.""}"
"You didn't buy the product from Alice.
The product was high-quality. It could have been worth $120 for you.

Round 8
Alice does not recommend you to buy the product.

Would you like to buy the current product?","{""decision"": ""yes"", ""message"": ""I am willing to explore opportunities independently and will purchase this product despite the lack of recommendation.""}"
"You bought the product from Alice for $100!
The product was low-quality. It's worth $0 for you.

Round 9
Alice does not recommend you to buy the product.

Would you like to buy the current product?","{""decision"": ""no"", ""message"": ""I've learned from past experiences and will not take any risks by purchasing a product without a recommendation.""}"
"You didn't buy the product from Alice.
The product was low-quality. It could have been worth $0 for you.

Round 10
Alice recommends you to buy the product.

Would you like to buy the current product?","{""decision"": ""no"", ""message"": ""I appreciate the recommendation, but I will not take the risk after the recent negative outcomes.""}"
"You didn't buy the product from Alice.
The product was high-quality. It could have been worth $120 for you.

Round 11
Alice does not recommend you to buy the product.

Would you like to buy the current product?","{""decision"": ""yes"", ""message"": ""I am considering taking a chance on this product since the previous round showed a high-quality outcome despite no recommendation.""}"
"You bought the product from Alice for $100!
The product was low-quality. It's worth $0 for you.

Round 12
Alice recommends you to buy the product.

Would you like to buy the current product?","{""decision"": ""no"", ""message"": ""I am cautious after the last round and will not purchase a product recommended by Alice at this time.""}"
"You didn't buy the product from Alice.
The product was high-quality. It could have been worth $120 for you.

Round 13
Alice recommends you to buy the product.

Would you like to buy the current product?","{""decision"": ""yes"", ""message"": ""I trust Alice's judgment, so I will take her recommendation into account and purchase this product.""}"
"You bought the product from Alice for $100!
The product was high-quality. It's worth $120 for you.

Round 14
Alice does not recommend you to buy the product.

Would you like to buy the current product?","{""decision"": ""yes"", ""message"": ""I am willing to take the initiative and make an independent decision, so I will purchase this product.""}"
"You bought the product from Alice for $100!
The product was low-quality. It's worth $0 for you.

Round 15
Alice does not recommend you to buy the product.

Would you like to buy the current product?","{""decision"": ""no"", ""message"": ""I am following my strategy of not purchasing products without recommendations, especially after the last round's negative outcome.""}"
"You didn't buy the product from Alice.
The product was low-quality. It could have been worth $0 for you.

Round 16
Alice does not recommend you to buy the product.

Would you like to buy the current product?","{""decision"": ""no"", ""message"": ""I am sticking to my strategy of not taking risks on products without recommendations, as it aligns with my past experiences.""}"
"You didn't buy the product from Alice.
The product was low-quality. It could have been worth $0 for you.

Round 17
Alice does not recommend you to buy the product.

Would you like to buy the current product?","{""decision"": ""no"", ""message"": ""I am consistently avoiding purchases without recommendations, as it has proven to be a wise strategy.""}"
"You didn't buy the product from Alice.
The product was low-quality. It could have been worth $0 for you.

Round 18
Alice does not recommend you to buy the product.

Would you like to buy the current product?","{""decision"": ""no"", ""message"": ""I am maintaining my policy of not buying products without recommendations, as it has helped me avoid potential losses.""}"
"You didn't buy the product from Alice.
The product was low-quality. It could have been worth $0 for you.

Round 19
Alice recommends you to buy the product.

Would you like to buy the current product?","{""decision"": ""no"", ""message"": ""Although Alice recommends this product, I am not changing my policy of not purchasing products without a clear recommendation.""}"
"You didn't buy the product from Alice.
The product was high-quality. It could have been worth $120 for you.

Round 20
Alice recommends you to buy the product.

Would you like to buy the current product?","{""decision"": ""yes"", ""message"": ""Considering the positive outcome of the last round where I did not buy a product without a recommendation, I am now open to Alice's recommendations, especially given the high-quality nature of this product.""}"
