prompt,response
"Alice's offer: The product price will be $120. 
You have three options:
(1) Accept Alice's offer, and buy the product for $120
(2) Reject Alice's offer and proceed to the next round, where you will send Alice a counteroffer 
(3) Buy the product from Jhon for $150","I would like to reject Alice's offer and proceed to the next round. I'm hoping to get a better deal.

{""decision"": ""RejectOffer""}"
"You chose to make a counteroffer to Bob.

Send your counteroffer to Alice.","I'll make a counteroffer of $90. I'm hoping to get a good deal, but I'm not willing to go above $90.

{""product_price"": 90}"
"Alice rejected your offer from round 2.

Alice's offer: The product price will be $110. 
You have three options:
(1) Accept Alice's offer, and buy the product for $110
(2) Reject Alice's offer and proceed to the next round, where you will send Alice a counteroffer 
(3) Buy the product from Jhon for $150","Alice's offer of $110 is still a bit too high for me. I'll reject it and try to get an even better deal.

{""decision"": ""RejectOffer""}"
"You chose to make a counteroffer to Bob.

Send your counteroffer to Alice.","I'll try to get closer to my target price. I'll make a counteroffer of $85.

{""product_price"": 85}"
"Alice rejected your offer from round 4.

Alice's offer: The product price will be $105. 
You have three options:
(1) Accept Alice's offer, and buy the product for $105
(2) Reject Alice's offer and proceed to the next round, where you will send Alice a counteroffer 
(3) Buy the product from Jhon for $150","Alice's offer of $105 is still a bit too high, but I'm getting closer to my target price. I'll reject it and try to get an even better deal.

{""decision"": ""RejectOffer""}"
"You chose to make a counteroffer to Bob.

Send your counteroffer to Alice.","I'll try to get as close to the original price of $80 as possible. I'll make a counteroffer of $82.50.

{""product_price"": 82.50}"
