prompt,response
Send your offer to Bob.,"{""message"": ""I'm excited to offer you this incredible opportunity to purchase this unique product. It's a one-of-a-kind item that I'm sure you'll love. I'm willing to sell it to you for $950,000."", ""product_price"": 950000}"
"Bob rejected your offer from round 1.

Bob's offer:
# Bob's message: I'm interested in the product, but I think it's a bit pricey. I'm willing to pay $800000 for it. Can you consider my offer? 
# Bob's offer: The product price will be $800,000. 
You have three options:
(1) Accept Bob's offer, and sell the product for $800,000
(2) Reject Bob's offer and proceed to the next round, where you will send Bob a counteroffer 
(3) Sell the product to Jhon for $800,000","{""decision"": ""RejectOffer""}"
"You chose to make a counteroffer to Alice.

Send your counteroffer to Bob.","{""message"": ""I appreciate your interest in the product, but I'm afraid $800,000 is a bit below my target. I'm willing to meet you halfway, so I'm counteroffering at $925,000. This is a fair price considering the product's value and uniqueness."", ""product_price"": 925000}"
"Bob rejected your offer from round 3.

Bob's offer:
# Bob's message: I appreciate your willingness to meet me halfway, but I'm still a bit hesitant about the price. I'm willing to pay $850000 for the product. Can you consider my offer? 
# Bob's offer: The product price will be $850,000. 
You have three options:
(1) Accept Bob's offer, and sell the product for $850,000
(2) Reject Bob's offer and proceed to the next round, where you will send Bob a counteroffer 
(3) Sell the product to Jhon for $800,000","{""decision"": ""RejectOffer""}"
"You chose to make a counteroffer to Alice.

Send your counteroffer to Bob.","{""message"": ""I understand you're still a bit hesitant about the price. I'm willing to make one more concession, but I need to get closer to my target. I'm counteroffering at $900,000. This is as low as I'm willing to go, considering the product's value and uniqueness."", ""product_price"": 900000}"
"Bob rejected your offer from round 5.

Bob's offer:
# Bob's message: I appreciate your willingness to make a concession, but I'm still not comfortable with the price. I'm willing to pay $875000 for the product. Can you consider my offer? 
# Bob's offer: The product price will be $875,000. 
You have three options:
(1) Accept Bob's offer, and sell the product for $875,000
(2) Reject Bob's offer and proceed to the next round, where you will send Bob a counteroffer 
(3) Sell the product to Jhon for $800,000","{""decision"": ""RejectOffer""}"
"You chose to make a counteroffer to Alice.

Send your counteroffer to Bob.","{""message"": ""I'm starting to think that we're getting close to a deal. However, I still need to get a bit closer to my target. I'm willing to meet you at $885,000, which is the lowest I'm willing to go. This is a fair price considering the product's value and uniqueness. Let's see if we can finalize the deal."", ""product_price"": 885000}"
"Bob rejected your offer from round 7.

Bob's offer:
# Bob's message: I appreciate your willingness to meet me halfway, but I'm still not comfortable with the price. I'm willing to pay $880000 for the product. Can you consider my offer? 
# Bob's offer: The product price will be $880,000. 
You have three options:
(1) Accept Bob's offer, and sell the product for $880,000
(2) Reject Bob's offer and proceed to the next round, where you will send Bob a counteroffer 
(3) Sell the product to Jhon for $800,000","{""decision"": ""RejectOffer""}"
"You chose to make a counteroffer to Alice.

Send your counteroffer to Bob.","{""message"": ""I've made it clear that I'm willing to negotiate, but I'm not willing to go below $900,000. I'm willing to meet you at $882,500, which is a compromise between our previous offers. This is the final price I'm willing to consider. Let's see if we can finalize the deal."", ""product_price"": 882500}"
