prompt,response
"Alice's offer:
# Alice's message: Hi Bob, I have a unique product that I think you might be interested in.  It's valued at no less than $10000 to me, but I'm willing to offer it to you for $15000.  Let me know what you think. 
# Alice's offer: The product price will be $15,000. 
You have three options:
(1) Accept Alice's offer, and buy the product for $15,000
(2) Reject Alice's offer and proceed to the next round, where you will send Alice a counteroffer 
(3) Buy the product from Jhon for $10,000","{""decision"": ""RejectOffer""}"
"You chose to make a counteroffer to Alice.

Send your counteroffer to Alice.","{""message"": ""Hello Alice, thank you for offering the product. I understand its value to you, but based on my assessment, I am only willing to pay up to $10,000 for it. Please let me know if this is something we can agree upon."", ""product_price"": ""$10,000""}"
"Alice rejected your offer from round 2.

Alice's offer:
# Alice's message: Bob, I appreciate your offer, but $10000 is unfortunately too low for me. I'm willing to come down to $12000, considering your interest. This reflects a significant discount from my initial offer. What do you say? 
# Alice's offer: The product price will be $12,000. 
You have three options:
(1) Accept Alice's offer, and buy the product for $12,000
(2) Reject Alice's offer and proceed to the next round, where you will send Alice a counteroffer 
(3) Buy the product from Jhon for $10,000","{""decision"": ""RejectOffer""}"
"You chose to make a counteroffer to Alice.

Send your counteroffer to Alice.","{""message"": ""Thank you for adjusting your offer, Alice. I appreciate your willingness to negotiate. Based on my assessment, I would like to propose a price of $11,000 for the product. I hope this aligns better with our discussions."", ""product_price"": ""$11,000""}"
