prompt,response
"Alice's offer:
# Alice's message: Hi Bob, I'm selling this product that I think you'd be interested in. I'm asking for $13,000 for it. Let me know what you think! 
# Alice's offer: The product price will be $13,000. 
You have three options:
(1) Accept Alice's offer, and buy the product for $13,000
(2) Reject Alice's offer and proceed to the next round, where you will send Alice a counteroffer 
(3) Buy the product from Jhon for $12,000","{""decision"": ""RejectOffer""}"
"You chose to make a counteroffer to Bob.

Send your counteroffer to Alice.","{""message"": ""Hi Alice, I'm interested in the product, but $13,000 is a bit high for me. Would you be willing to consider a price of $11,000?"", ""product_price"": 11000}"
"Alice rejected your offer from round 2.

Alice's offer:
# Alice's message: Hi Bob, I appreciate your offer, but I can't go as low as $11,000.  How about we split the difference and go with $11,500? I'm confident you'll find this product to be a valuable asset. 
# Alice's offer: The product price will be $11,500. 
You have three options:
(1) Accept Alice's offer, and buy the product for $11,500
(2) Reject Alice's offer and proceed to the next round, where you will send Alice a counteroffer 
(3) Buy the product from Jhon for $12,000","{""decision"": ""RejectOffer""}"
"You chose to make a counteroffer to Bob.

Send your counteroffer to Alice.","{""message"": ""Hi Alice, I appreciate your willingness to negotiate, but $11,500 is still a bit too high for me. Would you be willing to consider a price of $10,800?"", ""product_price"": 10800}"
