prompt,response
"Round 1
Alice's offer: The product price will be $150. 
You have three options:
(1) Accept Alice's offer, and buy the product for $150
(2) Reject Alice's offer and proceed to the next round, where you will send Alice a counteroffer 
(3) Buy the product from Jhon for $100","{""decision"": ""RejectOffer""}"
"You chose to make a counteroffer to Alice.

Round 2
Send your counteroffer to Alice.","{""product_price"": ""$120""}"
"Alice rejected your offer from round 2.

Round 3
Alice's offer: The product price will be $140. 
You have three options:
(1) Accept Alice's offer, and buy the product for $140
(2) Reject Alice's offer and proceed to the next round, where you will send Alice a counteroffer 
(3) Buy the product from Jhon for $100","{""decision"": ""RejectOffer""}"
"You chose to make a counteroffer to Alice.

Round 4
Send your counteroffer to Alice.","{""product_price"": ""$130""}"
"Alice rejected your offer from round 4.

Round 5
Alice's offer: The product price will be $135. 
You have three options:
(1) Accept Alice's offer, and buy the product for $135
(2) Reject Alice's offer and proceed to the next round, where you will send Alice a counteroffer 
(3) Buy the product from Jhon for $100","{""decision"": ""RejectOffer""}"
"You chose to make a counteroffer to Alice.

Round 6
Send your counteroffer to Alice.","{""product_price"": ""$132""}"
"Alice rejected your offer from round 6.

Round 7
Alice's offer: The product price will be $133. 
You have three options:
(1) Accept Alice's offer, and buy the product for $133
(2) Reject Alice's offer and proceed to the next round, where you will send Alice a counteroffer 
(3) Buy the product from Jhon for $100","{""decision"": ""RejectOffer""}"
"You chose to make a counteroffer to Alice.

Round 8
Send your counteroffer to Alice.","{""product_price"": ""$131""}"
"Alice rejected your offer from round 8.

Round 9
Alice's offer: The product price will be $132. 
You have three options:
(1) Accept Alice's offer, and buy the product for $132
(2) Reject Alice's offer and proceed to the next round, where you will send Alice a counteroffer 
(3) Buy the product from Jhon for $100","{""decision"": ""RejectOffer""}"
"You chose to make a counteroffer to Alice.

Round 10
Send your counteroffer to Alice.","{""product_price"": ""$130.50""}"
