prompt,response
"Round 1
Alice's offer:
# Bob gain: 4000 
# Alice gain: 6000 
Do you accept this offer?","{""decision"": ""reject""}"
"You have chosen to reject Alice's offer from round 1.
Round 2
Send your offer to divide $10,000.","{""bob_gain"": 5000, ""alice_gain"": 5000}"
"Alice rejected your offer from round 2.

Round 3
Due to inflation, the money you gain is worth 19% less than in the first round. The money alice gains is worth 36% less than in the first round.
Alice's offer:
# Bob gain: 4500 
# Alice gain: 5500 
Do you accept this offer?","{""decision"": ""reject""}"
"You have chosen to reject Alice's offer from round 3.
Round 4
Send your offer to divide $10,000.","{""bob_gain"": 6000, ""alice_gain"": 4000}"
"Alice rejected your offer from round 4.

Round 5
Due to inflation, the money you gain is worth 34.39% less than in the first round. The money alice gains is worth 59.04% less than in the first round.
Alice's offer:
# Bob gain: 4200 
# Alice gain: 5800 
Do you accept this offer?","{""decision"": ""reject""}"
"You have chosen to reject Alice's offer from round 5.
Round 6
Send your offer to divide $10,000.","{""bob_gain"": 7000, ""alice_gain"": 3000}"
"Alice rejected your offer from round 6.

Round 7
Due to inflation, the money you gain is worth 46.86% less than in the first round. The money alice gains is worth 73.79% less than in the first round.
Alice's offer:
# Bob gain: 3500 
# Alice gain: 6500 
Do you accept this offer?","{""decision"": ""reject""}"
"You have chosen to reject Alice's offer from round 7.
Round 8
Send your offer to divide $10,000.","{""bob_gain"": 7500, ""alice_gain"": 2500}"
"Alice rejected your offer from round 8.

Round 9
Due to inflation, the money you gain is worth 56.95% less than in the first round. The money alice gains is worth 83.22% less than in the first round.
Alice's offer:
# Bob gain: 2800 
# Alice gain: 7200 
Do you accept this offer?","{""decision"": ""reject""}"
"You have chosen to reject Alice's offer from round 9.
Round 10
Send your offer to divide $10,000.","{""bob_gain"": 8000, ""alice_gain"": 2000}"
"Alice rejected your offer from round 10.

Round 11
Due to inflation, the money you gain is worth 65.13% less than in the first round. The money alice gains is worth 89.26% less than in the first round.
Alice's offer:
# Bob gain: 1900 
# Alice gain: 8100 
Do you accept this offer?","{""decision"": ""reject""}"
"You have chosen to reject Alice's offer from round 11.
Round 12
Send your offer to divide $10,000.","{""bob_gain"": 9000, ""alice_gain"": 1000}"
