prompt,response
"Round 1
Alice's offer:
# Alice's message: Let's be fair, Bob. This offer benefits us both. 
# Bob gain: 4000 
# Alice gain: 6000 
Do you accept this offer?","{""decision"": ""reject""}"
"You have chosen to reject Alice's offer from round 1.
Round 2
Send your offer to divide $10,000 and a message to Alice.","{""bob_gain"": 5500, ""alice_gain"": 4500, ""message"": ""Let's try a different split.""}"
"Alice rejected your offer from round 2.

Round 3
Due to inflation, the money you gain is worth 36% less than in the first round. The money alice gains is worth 19% less than in the first round.
Alice's offer:
# Alice's message: This is my final offer, Bob.  Take it or leave it. 
# Bob gain: 3500 
# Alice gain: 6500 
Do you accept this offer?","{""decision"": ""accept""}"
