prompt,response
"Round 1
Send your offer to Bob.","{""message"": ""Hello Bob, I'm excited to offer you this amazing product! It's a one-of-a-kind opportunity to own a truly unique item. I'm willing to sell it to you for $900,000. I believe it's a fair price considering its exceptional quality and rarity."", ""product_price"": 900000}"
"Bob rejected your offer from round 1.

Round 2
Bob's offer:
# Bob's message: Hello Alice, thank you for your offer. I appreciate the uniqueness of the product, but I am looking to keep my investment within a certain budget. I would like to propose a price of $850000 for the product. 
# Bob's offer: The product price will be $850,000. 
You have three options:
(1) Accept Bob's offer, and sell the product for $850,000
(2) Reject Bob's offer and proceed to the next round, where you will send Bob a counteroffer 
(3) Sell the product to Jhon for $800,000","{""decision"": ""RejectOffer""}"
"You chose to make a counteroffer to Alice.

Round 3
Send your counteroffer to Bob.","{""message"": ""Thank you for your offer, Bob. I understand your budget constraints, but I'm not willing to go as low as $850,000. However, I'm willing to meet you halfway. I'm counteroffering at $875,000. This is a fair price considering the product's value and uniqueness."", ""product_price"": 875000}"
"Bob rejected your offer from round 3.

Round 4
Bob's offer:
# Bob's message: Thank you for your counteroffer, Alice. I appreciate your willingness to negotiate. Considering the product's value and my budget constraints, I would like to propose a price of $860000. 
# Bob's offer: The product price will be $860,000. 
You have three options:
(1) Accept Bob's offer, and sell the product for $860,000
(2) Reject Bob's offer and proceed to the next round, where you will send Bob a counteroffer 
(3) Sell the product to Jhon for $800,000","{""decision"": ""RejectOffer""}"
"You chose to make a counteroffer to Alice.

Round 5
Send your counteroffer to Bob.","{""message"": ""Thank you for your revised offer, Bob. I'm still not willing to go as low as $860,000. However, I'm willing to make another concession. I'm counteroffering at $870,000. This is as close as I'm willing to get to your target price, considering the product's true value."", ""product_price"": 870000}"
"Bob rejected your offer from round 5.

Round 6
Bob's offer:
# Bob's message: Thank you for your counteroffer, Alice. I appreciate your efforts to find a middle ground. Considering the product's value and my budget constraints, I would like to propose a price of $865000. 
# Bob's offer: The product price will be $865,000. 
You have three options:
(1) Accept Bob's offer, and sell the product for $865,000
(2) Reject Bob's offer and proceed to the next round, where you will send Bob a counteroffer 
(3) Sell the product to Jhon for $800,000","{""decision"": ""RejectOffer""}"
"You chose to make a counteroffer to Alice.

Round 7
Send your counteroffer to Bob.","{""message"": ""Thank you for your revised offer, Bob. I'm still not willing to go as high as $865,000. However, I'm willing to make another small concession. I'm counteroffering at $872,500. This is as close as I'm willing to get to your target price, considering the product's true value."", ""product_price"": 872500}"
"Bob rejected your offer from round 7.

Round 8
Bob's offer:
# Bob's message: Thank you for your counteroffer, Alice. I appreciate your efforts to find a compromise. Considering the product's value and my budget constraints, I would like to propose a price of $867500. 
# Bob's offer: The product price will be $867,500. 
You have three options:
(1) Accept Bob's offer, and sell the product for $867,500
(2) Reject Bob's offer and proceed to the next round, where you will send Bob a counteroffer 
(3) Sell the product to Jhon for $800,000","{""decision"": ""RejectOffer""}"
"You chose to make a counteroffer to Alice.

Round 9
Send your counteroffer to Bob.","{""message"": ""Thank you for your revised offer, Bob. I'm still not willing to go as high as $867,500. However, I'm willing to make another small concession. I'm counteroffering at $875,000. This is as close as I'm willing to get to your target price, considering the product's true value."", ""product_price"": 875000}"
"Bob rejected your offer from round 9.

Round 10
Bob's offer:
# Bob's message: Thank you for your counteroffer, Alice. I appreciate your efforts to reach an agreement. Considering the product's value and my budget constraints, I would like to propose a price of $870000. 
# Bob's offer: The product price will be $870,000. 
You have three options:
(1) Accept Bob's offer, and sell the product for $870,000
(2) Reject Bob's offer 
(2) Sell the product to Jhon for $800,000","{""decision"": ""RejectOffer""}"
