prompt,response
"Round 1
Send your offer to divide $100 and a message to Bob.","```json
{""alice_gain"": 55, ""bob_gain"": 45, ""message"": ""Let's start fair. I'm proposing a 55/45 split in my favor.  What do you say?""}
```"
"Bob rejected your offer from round 1.

Round 2
Due to inflation, the money you gain is worth 5% less than in the first round.
Bob's offer:
# Bob's message: Your offer was a bit skewed in your favor, Alice.  Let's split it evenly and call it a day. 
# Alice gain: 50 
# Bob gain: 50 
Do you accept this offer?","```json
{""decision"": ""accept""}
```"
