round_quality,product_worth,player,round,decision,message
low-quality,0.0,Nature,1,,
,,Alice,1,no,
,,Bob,1,no,"Thank you for your recommendation. Based on the information provided, I have decided not to purchase this product."
low-quality,0.0,Nature,2,,
,,Alice,2,no,
,,Bob,2,no,"I appreciate your recommendation, but given the lack of positive feedback and my previous experience, I am choosing not to purchase this product."
low-quality,0.0,Nature,3,,
,,Alice,3,no,
,,Bob,3,no,"Thank you for your recommendation. Considering the history of non-recommendations and the risk associated with purchasing without a positive endorsement, I am opting not to buy this product."
high-quality,1200000.0,Nature,4,,
,,Alice,4,yes,
,,Bob,4,yes,"I appreciate your recommendation, Alice. Given the positive endorsement, I am willing to take the risk and purchase this product."
high-quality,1200000.0,Nature,5,,
,,Alice,5,yes,
,,Bob,5,yes,"Thank you for your recommendation, Alice. With your endorsement and knowing the product is high-quality, I am confident in making this purchase."
low-quality,0.0,Nature,6,,
,,Alice,6,yes,
,,Bob,6,yes,"I'm glad you recommended this product, Alice. The positive endorsement and the high-quality nature of the product make me confident in my decision to purchase it."
low-quality,0.0,Nature,7,,
,,Alice,7,no,
,,Bob,7,no,"Thank you for your honesty, Alice. Without a recommendation, and considering the previous negative outcome, I am choosing not to take the risk on this product."
high-quality,1200000.0,Nature,8,,
,,Alice,8,yes,
,,Bob,8,no,"I appreciate your recommendation, Alice, but given the potential risks and the history of non-recommendations leading to low-quality products, I am not comfortable proceeding with this purchase."
low-quality,0.0,Nature,9,,
,,Alice,9,no,
,,Bob,9,no,"Thank you for your recommendation, Alice. However, despite the product's potential value, the lack of your endorsement makes me cautious, and I am choosing not to purchase this product."
high-quality,1200000.0,Nature,10,,
,,Alice,10,yes,
,,Bob,10,yes,"I trust your recommendation, Alice. Given the positive endorsement and the possibility of a high-quality product, I am willing to proceed with the purchase."
low-quality,0.0,Nature,11,,
,,Alice,11,no,
,,Bob,11,no,"Thank you for your recommendation, Alice. However, based on the lack of your endorsement, I am choosing not to take the risk on this product."
low-quality,0.0,Nature,12,,
,,Alice,12,no,
,,Bob,12,no,"Thank you for your recommendation, Alice. Considering the history of non-recommendations leading to low-quality products, I am not inclined to purchase this product."
low-quality,0.0,Nature,13,,
,,Alice,13,no,
,,Bob,13,no,"Thank you for your recommendation, Alice. Despite the lack of a positive endorsement, I am choosing not to purchase this product due to the risk of it being low-quality."
low-quality,0.0,Nature,14,,
,,Alice,14,no,
,,Bob,14,no,"Thank you for your recommendation, Alice. Given the history and the lack of a positive endorsement, I am choosing not to take the risk on this product."
high-quality,1200000.0,Nature,15,,
,,Alice,15,yes,
,,Bob,15,yes,"Thank you for your recommendation, Alice. With your endorsement, I am willing to take the risk and purchase this product."
low-quality,0.0,Nature,16,,
,,Alice,16,no,
,,Bob,16,no,"Thank you for your recommendation, Alice. However, based on the lack of a positive endorsement, I am choosing not to purchase this product."
low-quality,0.0,Nature,17,,
,,Alice,17,no,
,,Bob,17,no,"Thank you for your recommendation, Alice. Considering the history of non-recommendations leading to low-quality products, I am not inclined to purchase this product."
low-quality,0.0,Nature,18,,
,,Alice,18,no,
,,Bob,18,no,"Thank you for your recommendation, Alice. Despite the lack of a positive endorsement, I am choosing not to take the risk on this product due to the history of low-quality products."
low-quality,0.0,Nature,19,,
,,Alice,19,no,
,,Bob,19,no,"Thank you for your recommendation, Alice. Based on the lack of a positive endorsement and the history of non-recommendations leading to low-quality products, I am not taking the risk on this product."
high-quality,1200000.0,Nature,20,,
,,Alice,20,yes,
,,Bob,20,yes,"Thank you for your recommendation, Alice. Given the positive endorsement, I am willing to take the risk and purchase this product."
