prompt,response
"Alice's offer:
# Alice's message: Hi Bob, I'm selling this item which I believe you might be interested in. I'm asking for $120 for it.  What do you think? 
# Alice's offer: The product price will be $120. 
You have three options:
(1) Accept Alice's offer, and buy the product for $120
(2) Reject Alice's offer and proceed to the next round, where you will send Alice a counteroffer 
(3) Buy the product from Jhon for $80","{""decision"": ""RejectOffer""}"
"You chose to make a counteroffer to Bob.

Send your counteroffer to Alice.","{""message"": ""Hello Alice, thank you for offering the product. I understand its value to you, but my budget allows me to pay no more than $80 for it. Would you consider accepting this offer?"", ""product_price"": 80}"
