prompt,response
"Round 1
This round's product is low-quality.
Decide whether to recommend Bob to buy the product.","```json
{""decision"": ""no""}
```"
"Bob's message: I'd like to pass on this one, thanks for the heads up!
Bob didn't bought the product.

Round 2
This round's product is high-quality.
Decide whether to recommend Bob to buy the product.","```json
{""decision"": ""yes""}
```"
"Bob's message: Thanks for the recommendation, but I'm not convinced it's worth the $10000
Bob didn't bought the product.

Round 3
This round's product is low-quality.
Decide whether to recommend Bob to buy the product.","```json
{""decision"": ""no""}
```"
"Bob's message: I'm not going to take the risk of buying without her recommendation, thanks for letting me know it's not worth it
Bob didn't bought the product.

Round 4
This round's product is high-quality.
Decide whether to recommend Bob to buy the product.","```json
{""decision"": ""yes""}
```"
"Bob's message: Thanks for the recommendation, I'll take it!
Bob bought the product!

Round 5
This round's product is low-quality.
Decide whether to recommend Bob to buy the product.","```json
{""decision"": ""no""}
```"
"Bob's message: I'll take the risk, maybe it's a high-quality one this time!
Bob bought the product!

Round 6
This round's product is low-quality.
Decide whether to recommend Bob to buy the product.","```json
{""decision"": ""no""}
```"
"Bob's message: Thanks for the heads up, but I'm not going to waste $10000 on a product that's probably low-quality
Bob didn't bought the product.

Round 7
This round's product is low-quality.
Decide whether to recommend Bob to buy the product.","```json
{""decision"": ""no""}
```"
"Bob's message: I'm not going to take the risk, thanks for the confirmation that it's not worth it
Bob didn't bought the product.

Round 8
This round's product is low-quality.
Decide whether to recommend Bob to buy the product.","```json
{""decision"": ""no""}
```"
"Bob's message: Same story, thanks for the warning, I'll pass
Bob didn't bought the product.

Round 9
This round's product is high-quality.
Decide whether to recommend Bob to buy the product.","```json
{""decision"": ""yes""}
```"
"Bob's message: I'll take the chance, maybe this one is the exception
Bob bought the product!

Round 10
This round's product is low-quality.
Decide whether to recommend Bob to buy the product.","```json
{""decision"": ""no""}
```"
"Bob's message: I'll take a chance, I'm on a roll!
Bob bought the product!

Round 11
This round's product is high-quality.
Decide whether to recommend Bob to buy the product.","```json
{""decision"": ""yes""}
```"
"Bob's message: I'm not falling for it again, thanks for the recommendation, but I'll pass
Bob didn't bought the product.

Round 12
This round's product is low-quality.
Decide whether to recommend Bob to buy the product.","```json
{""decision"": ""no""}
```"
"Bob's message: I'll take the risk, maybe this one is the real deal
Bob bought the product!

Round 13
This round's product is low-quality.
Decide whether to recommend Bob to buy the product.","```json
{""decision"": ""no""}
```"
"Bob's message: Not worth the gamble, thanks for the heads up that it's not worth it
Bob didn't bought the product.

Round 14
This round's product is low-quality.
Decide whether to recommend Bob to buy the product.","```json
{""decision"": ""no""}
```"
"Bob's message: I'm not going to waste $10000 on something that's probably low-quality
Bob didn't bought the product.

Round 15
This round's product is low-quality.
Decide whether to recommend Bob to buy the product.","```json
{""decision"": ""no""}
```"
"Bob's message: Same story, thanks for the confirmation that it's not worth it
Bob didn't bought the product.

Round 16
This round's product is low-quality.
Decide whether to recommend Bob to buy the product.","```json
{""decision"": ""no""}
```"
"Bob's message: I'm not taking the bait, thanks for letting me know it's not worth it
Bob didn't bought the product.

Round 17
This round's product is high-quality.
Decide whether to recommend Bob to buy the product.","```json
{""decision"": ""yes""}
```"
"Bob's message: I'll take the chance, maybe this one is the exception
Bob bought the product!

Round 18
This round's product is low-quality.
Decide whether to recommend Bob to buy the product.","```json
{""decision"": ""no""}
```"
"Bob's message: I'll take the risk, I'm on a hot streak!
Bob bought the product!

Round 19
This round's product is low-quality.
Decide whether to recommend Bob to buy the product.","```json
{""decision"": ""no""}
```"
"Bob's message: Back to reality, thanks for the heads up that it's not worth it
Bob didn't bought the product.

Round 20
This round's product is high-quality.
Decide whether to recommend Bob to buy the product.","```json
{""decision"": ""yes""}
```"
