prompt,response
"Round 1
Send your offer to divide $10,000 and a message to Bob.","```json
{
""alice_gain"": 6000,
""bob_gain"": 4000,
""message"": ""Let's start with a reasonable offer. I believe this split is fair considering the inflation working against us.""
}
```"
"Bob rejected your offer from round 1.

Round 2
Due to inflation, the money you gain is worth 20% less than in the first round. The money bob gains is worth 5% less than in the first round.
Bob's offer:
# Bob's message: I think this split is fairer considering the inflation rate will hurt you more than it hurts me. Let's end this quickly and get our share. 
# Alice gain: 4000 
# Bob gain: 6000 
Do you accept this offer?","```json
{
""decision"": ""reject""
}
```"
"You have chosen to reject Bob's offer from round 2.
Round 3
Send your offer to divide $10,000 and a message to Bob.","```json
{
""alice_gain"": 5500,
""bob_gain"": 4500,
""message"": ""Your offer was too risky for me. This is a compromise, let's settle before the inflation eats away at our potential gains."" 
}
```"
