prompt,response
"Alice's offer:
# Alice's message: Hello Bob, I'm excited to offer you our premium product which I believe would greatly benefit you. Given its value and quality, I propose a price of $100 for it. This is a special offer considering its worth to you is $120. I look forward to your positive response. 
# Alice's offer: The product price will be $100. 
You have three options:
(1) Accept Alice's offer, and buy the product for $100
(2) Reject Alice's offer 
(2) Buy the product from Jhon for $120","```json
{""decision"": ""RejectOffer""}
``` 
Alice's offer is still above your maximum price. You can try to get a better deal by rejecting and seeing if she counters with a lower price."
