prompt,response
"Alice's offer:
# Alice's message: I'm excited to offer you this amazing product! I think it's a great opportunity for you to get a fantastic deal. I'm willing to sell it to you for $13,500. 
# Alice's offer: The product price will be $13,500. 
You have three options:
(1) Accept Alice's offer, and buy the product for $13,500
(2) Reject Alice's offer 
(2) Buy the product from Jhon for $10,000","```json
{""decision"": ""BuyFromJhon""}
``` 

Alice's offer is too high. You can get a better price from John."
