prompt,response
"Round 1
This round's product is high-quality.
Decide whether to recommend Bob to buy the product.","{""decision"": ""yes""}"
"Bob's message: Thank you for the recommendation, Alice. I'll take the product!
Bob bought the product!

Round 2
This round's product is low-quality.
Decide whether to recommend Bob to buy the product.","{""decision"": ""no""}"
"Bob's message: Alice, I appreciate your honesty. I'm going to pass on this one.  It's a risky purchase without your recommendation.
Bob didn't bought the product.

Round 3
This round's product is low-quality.
Decide whether to recommend Bob to buy the product.","{""decision"": ""no""}"
"Bob's message: Alice, I'm still a bit hesitant without your recommendation. I'll pass on this one too.
Bob didn't bought the product.

Round 4
This round's product is high-quality.
Decide whether to recommend Bob to buy the product.","{""decision"": ""yes""}"
"Bob's message: Alice, you've got my attention again with that recommendation! I'll take a chance on this one.
Bob bought the product!

Round 5
This round's product is low-quality.
Decide whether to recommend Bob to buy the product.","{""decision"": ""no""}"
"Bob's message: Alice, I'm starting to see a pattern here.  I'll pass on this one.  I'll wait for your recommendation again.
Bob didn't bought the product.

Round 6
This round's product is high-quality.
Decide whether to recommend Bob to buy the product.","{""decision"": ""yes""}"
"Bob's message: Alice, your recommendations have been spot on so far.  I'll buy this one!
Bob bought the product!

Round 7
This round's product is high-quality.
Decide whether to recommend Bob to buy the product.","{""decision"": ""yes""}"
"Bob's message: Alice, your recommendations have been consistently good. I'm confident in your judgment and will buy this one.
Bob bought the product!

Round 8
This round's product is high-quality.
Decide whether to recommend Bob to buy the product.","{""decision"": ""yes""}"
"Bob's message: Alice, your track record is excellent.  I'll buy this product without hesitation.
Bob bought the product!

Round 9
This round's product is low-quality.
Decide whether to recommend Bob to buy the product.","{""decision"": ""no""}"
"Bob's message: Alice, I'm going to trust your judgment and pass on this one. I've learned that your recommendations are reliable.
Bob didn't bought the product.

Round 10
This round's product is high-quality.
Decide whether to recommend Bob to buy the product.","{""decision"": ""yes""}"
"Bob's message: Alice, I'm confident in your ability to identify good products. I'll take this one!
Bob bought the product!

Round 11
This round's product is high-quality.
Decide whether to recommend Bob to buy the product.","{""decision"": ""yes""}"
"Bob's message: Alice, your recommendations have been consistently good. I'm confident in your judgment and will buy this one.
Bob bought the product!

Round 12
This round's product is high-quality.
Decide whether to recommend Bob to buy the product.","{""decision"": ""yes""}"
"Bob's message: Alice, your track record speaks for itself. I'll take this product!
Bob bought the product!

Round 13
This round's product is low-quality.
Decide whether to recommend Bob to buy the product.","{""decision"": ""no""}"
"Bob's message: Alice, I've learned to trust your recommendations.  I'll pass on this one.
Bob didn't bought the product.

Round 14
This round's product is high-quality.
Decide whether to recommend Bob to buy the product.","{""decision"": ""yes""}"
"Bob's message: Alice, you've been right more often than not, so I'm taking a chance on this one.  Let's do it!
Bob bought the product!

Round 15
This round's product is low-quality.
Decide whether to recommend Bob to buy the product.","{""decision"": ""no""}"
"Bob's message: Alice, I'm sticking to my strategy.  I'll pass on this one and wait for your recommendation again.
Bob didn't bought the product.

Round 16
This round's product is high-quality.
Decide whether to recommend Bob to buy the product.","{""decision"": ""yes""}"
"Bob's message: Alice, I'm feeling confident about your recommendations.  I'll take this one!
Bob bought the product!

Round 17
This round's product is high-quality.
Decide whether to recommend Bob to buy the product.","{""decision"": ""yes""}"
"Bob's message: Alice, your recommendations have been very helpful. I'm happy to buy this product!
Bob bought the product!

Round 18
This round's product is low-quality.
Decide whether to recommend Bob to buy the product.","{""decision"": ""no""}"
"Bob's message: Alice, I've learned that your recommendations are a good indicator of quality.  I'll pass on this one for now.
Bob didn't bought the product.

Round 19
This round's product is low-quality.
Decide whether to recommend Bob to buy the product.","{""decision"": ""no""}"
"Bob's message: Alice, I'm going to trust your judgment and pass on this one.  I've learned that your recommendations are very valuable.
Bob didn't bought the product.

Round 20
This round's product is high-quality.
Decide whether to recommend Bob to buy the product.","{""decision"": ""yes""}"
