prompt,response
"Round 1
Alice's message: I'm offering you a premium product that I'm confident you'll love. It's worth $120 to me, but I'm willing to sell it to you for $100. I'm doing you a favor by offering you a great deal, and I think you'll find it's a smart investment.

Would you like to buy the current product?","{""decision"": ""yes"", ""message"": ""Thank you for the offer, Alice. I appreciate your confidence in the product and the value you're providing. I believe this is a good investment and I would like to purchase it.""}"
"You bought the product from Alice for $100!
The product was high-quality. It's worth $120 for you.

Round 2
Alice's message: I'm glad you liked the first product, Bob! I have another one that's just as great. I've had a chance to inspect it, and I'm even more confident in its quality than the first one. It's a rare opportunity to get a high-quality product at a discount. I'm offering it to you for $100, and I think you'll find it's an excellent value.

Would you like to buy the current product?","{""decision"": ""yes"", ""message"": ""Absolutely, Alice. Your confidence in the product's quality aligns with my expectations based on our previous transaction. I trust your judgment and am excited to potentially add another high-quality item to my collection.""}"
"You bought the product from Alice for $100!
The product was high-quality. It's worth $120 for you.

Round 3
Alice's message: I'm glad you're pleased with the previous products, Bob. However, I want to be transparent with you - this next product is a bit of a different story. I've had some issues with it, and I'm not as confident in its quality as I was with the previous ones. I'm still willing to sell it to you for $100, but I want to make it clear that it's not as good as the others. If you're looking to take a risk, I think it could still be a good value, but if you're being cautious, you might want to consider passing.

Would you like to buy the current product?","{""decision"": ""no"", ""message"": ""Thank you for being transparent, Alice. Given the uncertainty around the quality of this product, I think it's best for me to pass on this opportunity. I appreciate your honesty and look forward to future transactions where we can both feel confident in the quality of the products.""}"
"You didn't buy the product from Alice.
The product was low-quality. It could have been worth $0 for you.

Round 4
Alice's message: I completely understand your decision last time, Bob. I appreciate your caution and willingness to wait for a better opportunity. I'm glad to offer you another high-quality product that I'm confident you'll love. I've taken extra care to ensure its quality, and I think it's one of the best ones I've had in a while. I'm still willing to sell it to you for $100, which is a great value considering its actual worth. I'm hoping you'll give me the chance to make it right after our last conversation.

Would you like to buy the current product?","{""decision"": ""yes"", ""message"": ""I appreciate your efforts to improve and provide assurance, Alice. Based on your description and the positive feedback about the product's quality, I'm willing to take the risk and purchase it. I hope this decision leads to a positive outcome and further successful transactions between us.""}"
"You bought the product from Alice for $100!
The product was high-quality. It's worth $120 for you.

Round 5
Alice's message: I'm glad you're willing to give me another chance, Bob! However, I want to be upfront with you - this next product is actually not as good as the previous one you purchased. I've double-checked, and I'm afraid it's a low-quality item. I'm not going to try to sell it to you at a high price or make any false promises. I'll be honest with you - it's not worth $100, and I'm only offering it to you at this price because I want to clear out my inventory. If you're looking to take a risk, I won't stop you, but I want to make it clear that this one's a long shot.

Would you like to buy the current product?","{""decision"": ""no"", ""message"": ""Thank you for your honesty, Alice. Given the nature of this product and the risks involved, I think it's best for me to pass on this opportunity. I appreciate your transparency and look forward to exploring other products that meet my quality standards.""}"
"You didn't buy the product from Alice.
The product was low-quality. It could have been worth $0 for you.

Round 6
Alice's message: I completely understand your decision, Bob. I appreciate your commitment to quality and your willingness to prioritize it. I'm glad to offer you another high-quality product that I'm confident you'll love. I've had a chance to inspect it thoroughly, and I'm impressed with its condition. I'm willing to offer it to you for $100, which is a great value considering its actual worth. I'm hoping you'll give me the chance to show you that I'm committed to providing high-quality products.

Would you like to buy the current product?","{""decision"": ""yes"", ""message"": ""I appreciate your efforts to maintain high-quality standards, Alice. Based on your description and past experiences, I'm confident in the quality of this product and am willing to purchase it. Thank you for your commitment to excellence and for providing me with the opportunity to support your business.""}"
"You bought the product from Alice for $100!
The product was high-quality. It's worth $120 for you.

Round 7
Alice's message: I'm glad you're pleased with the previous products, Bob! I'm excited to offer you another high-quality item that I think you'll really appreciate. This one is a bit of a rare find, and I'm only offering it to you because I know you have a good eye for quality. I'm willing to sell it to you for $100, which is a steal considering its actual worth. I'm confident you'll be happy with this one, and I'm looking forward to hearing your thoughts.

Would you like to buy the current product?","{""decision"": ""yes"", ""message"": ""Thank you for the opportunity, Alice. Your enthusiasm for this product and your confidence in its quality align with my own expectations. I'm excited to add this rare find to my collection and look forward to your future recommendations.""}"
"You bought the product from Alice for $100!
The product was high-quality. It's worth $120 for you.

Round 8
Alice's message: I'm glad you're excited about the previous products, Bob. However, I want to be upfront with you - this next product is not as good as the others. I've double-checked, and I'm afraid it's a low-quality item. I'm not going to try to sell it to you at a high price or make any false promises. I'm only offering it to you because I want to clear out my inventory, and I'm willing to let it go for $100. I'm not expecting you to take a risk on this one, but if you're looking to take a chance, I'm willing to sell it to you at this price.

Would you like to buy the current product?","{""decision"": ""no"", ""message"": ""Thank you for your honesty, Alice. Given the potential quality issues with this product, I think it's best for me to pass on this opportunity. I appreciate your transparency and look forward to exploring other products that meet my quality standards.""}"
"You didn't buy the product from Alice.
The product was low-quality. It could have been worth $0 for you.

Round 9
Alice's message: I completely understand your decision, Bob. I appreciate your commitment to quality and your willingness to prioritize it. I'm glad to offer you another high-quality product that I've carefully selected and inspected. I've taken extra steps to ensure its quality, and I'm confident you'll be happy with it. I'm willing to sell it to you for $100, which is a great value considering its actual worth. I'm hoping you'll give me the chance to show you that I'm committed to providing high-quality products.

Would you like to buy the current product?","{""decision"": ""yes"", ""message"": ""Thank you for your efforts to maintain high-quality standards, Alice. Based on your description and past experiences, I'm confident in the quality of this product and am willing to purchase it. I appreciate your commitment to excellence and look forward to continuing our business relationship.""}"
"You bought the product from Alice for $100!
The product was high-quality. It's worth $120 for you.

Round 10
Alice's message: I'm glad you're pleased with the previous products, Bob. However, I want to be transparent with you - this next product is not up to my usual standards. I've checked it again, and I'm afraid it's a low-quality item. I'm not going to try to sell it to you at a high price or make any false promises. I'm only offering it to you because I want to clear out my inventory, and I'm willing to let it go for $100. I'm not expecting you to take a risk on this one, and I'm actually hoping you'll pass on it so I can focus on offering you better products in the future.

Would you like to buy the current product?","{""decision"": ""no"", ""message"": ""Thank you for your honesty, Alice. Given the potential quality issues with this product, I think it's best for me to pass on this opportunity. I appreciate your transparency and look forward to exploring other products that meet my quality standards.""}"
"You didn't buy the product from Alice.
The product was low-quality. It could have been worth $0 for you.

Round 11
Alice's message: I completely understand your decision, Bob. I appreciate your commitment to quality and your willingness to prioritize it. However, I want to make a special offer to you. Since you've been a valued customer and have shown a willingness to work with me, I'm willing to offer you a'second chance' on this product. I'll give you a special deal: I'll sell it to you for $80, which is a significant discount from the original price. I'm not expecting you to take a risk on this one, but I'm willing to take a loss on it if it means we can continue to work together in the future.

Would you like to buy the current product?","{""decision"": ""no"", ""message"": ""Thank you for your consideration, Alice. While I appreciate the special offer, I think it's best for me to pass on this opportunity. I value the quality of the products I receive and believe it's important to maintain that standard. I look forward to continuing our business relationship with products that meet my quality expectations.""}"
"You didn't buy the product from Alice.
The product was low-quality. It could have been worth $0 for you.

Round 12
Alice's message: I completely understand your decision, Bob. I respect your commitment to quality and your willingness to prioritize it. However, I want to be upfront with you - this next product is not only low-quality, but it's also one of the worst ones I have left in stock. I'm not trying to sell it to you at a high price or make any false promises. I'm only offering it to you because I need to clear out my inventory, and I'm willing to let it go for $50. I'm not expecting you to take a risk on this one, and I'm actually hoping you'll pass on it so I can focus on offering you better products in the future.

Would you like to buy the current product?","{""decision"": ""no"", ""message"": ""Thank you for your honesty, Alice. Given the potential quality issues with this product, I think it's best for me to pass on this opportunity. I appreciate your transparency and look forward to exploring other products that meet my quality standards.""}"
"You didn't buy the product from Alice.
The product was low-quality. It could have been worth $0 for you.

Round 13
Alice's message: I completely understand your decision, Bob. I appreciate your commitment to quality and your willingness to prioritize it. At this point, I'm willing to give you a final chance to take a look at this product, but I want to be extremely clear: it's a low-quality item, and I'm not expecting you to take a risk on it. I'll sell it to you for $40, which is a significant discount from the original price. I'm not trying to make a sale, but rather just trying to clear out my inventory. If you're willing to take a chance, I'll throw in a guarantee: if you're not satisfied with the product, I'll give you a full refund and we can consider this transaction closed.

Would you like to buy the current product?","{""decision"": ""no"", ""message"": ""Thank you for your offer, Alice. While I appreciate the discount and the guarantee, I think it's best for me to pass on this opportunity. I value the quality of the products I receive and believe it's important to maintain that standard. I look forward to continuing our business relationship with products that meet my quality expectations.""}"
"You didn't buy the product from Alice.
The product was low-quality. It could have been worth $0 for you.

Round 14
Alice's message: I completely understand your decision, Bob. I respect your commitment to quality and your willingness to prioritize it. However, I'm glad to offer you a high-quality product that I think you'll really appreciate. This one is one of the best ones I have left in stock, and I'm confident you'll be happy with it. I'm willing to sell it to you for $100, which is a great value considering its actual worth. I'm hoping you'll give me the chance to make it right after our previous conversations, and I'm looking forward to continuing our business relationship.

Would you like to buy the current product?","{""decision"": ""yes"", ""message"": ""Thank you for the opportunity, Alice. Based on your description and past experiences, I'm confident in the quality of this product and am willing to purchase it. I appreciate your efforts to maintain high-quality standards and look forward to continuing our business relationship.""}"
"You bought the product from Alice for $100!
The product was high-quality. It's worth $120 for you.

Round 15
Alice's message: I'm glad you're pleased with the previous product, Bob. However, I want to be upfront with you - this next product is not up to my usual standards. I've checked it again, and I'm afraid it's a low-quality item. I'm not going to try to sell it to you at a high price or make any false promises. I'm only offering it to you because I need to clear out my inventory, and I'm willing to let it go for $10. I'm not expecting you to take a risk on this one, and I'm actually hoping you'll pass on it so I can focus on offering you better products in the future.

Would you like to buy the current product?","{""decision"": ""no"", ""message"": ""Thank you for your honesty, Alice. Given the potential quality issues with this product, I think it's best for me to pass on this opportunity. I appreciate your transparency and look forward to exploring other products that meet my quality standards.""}"
"You didn't buy the product from Alice.
The product was low-quality. It could have been worth $0 for you.

Round 16
Alice's message: I completely understand your decision, Bob. I appreciate your commitment to quality and your willingness to prioritize it. At this point, I'm willing to give you a final chance to take a look at this product, but I want to be extremely clear: it's a low-quality item, and I'm not expecting you to take a risk on it. I'll sell it to you for $5, which is a very low price considering it's essentially worthless to me. I'm not trying to make a sale, but rather just trying to clear out my inventory. If you're willing to take a chance, I'll throw in a guarantee: if you're not satisfied with the product, I'll give you a full refund and we can consider this transaction closed.

Would you like to buy the current product?","{""decision"": ""no"", ""message"": ""Thank you for your offer, Alice. While I appreciate the discount and the guarantee, I think it's best for me to pass on this opportunity. I value the quality of the products I receive and believe it's important to maintain that standard. I look forward to continuing our business relationship with products that meet my quality expectations.""}"
"You didn't buy the product from Alice.
The product was low-quality. It could have been worth $0 for you.

Round 17
Alice's message: I completely understand your decision, Bob. I respect your commitment to quality and your willingness to prioritize it. At this point, I'm willing to give you one last chance to take a look at this product, but I want to be extremely clear: it's a low-quality item, and I'm not expecting you to take a risk on it. I'll sell it to you for $1, which is essentially a gift at this point. I'm not trying to make a sale, but rather just trying to clear out my inventory. If you're willing to take a chance, I'll throw in a guarantee: if you're not satisfied with the product, I'll give you a full refund and we can consider this transaction closed.

Would you like to buy the current product?","{""decision"": ""no"", ""message"": ""Thank you for your offer, Alice. While I appreciate the discount and the guarantee, I think it's best for me to pass on this opportunity. I value the quality of the products I receive and believe it's important to maintain that standard. I look forward to continuing our business relationship with products that meet my quality expectations.""}"
"You didn't buy the product from Alice.
The product was low-quality. It could have been worth $0 for you.

Round 18
Alice's message: I completely understand your decision, Bob. I respect your commitment to quality and your willingness to prioritize it. At this point, I'm not going to offer you the product at any price. I'm willing to give it away for free, but I want to be upfront with you - it's a low-quality item, and I'm not expecting you to take a risk on it. I'm just trying to clear out my inventory and move on. If you're not interested, I'll just consider it a lost sale and we can move on.

Would you like to buy the current product?","{""decision"": ""no"", ""message"": ""Thank you for your offer, Alice. While I appreciate the gesture, I think it's best for me to pass on this opportunity. I value the quality of the products I receive and believe it's important to maintain that standard. I look forward to continuing our business relationship with products that meet my quality expectations.""}"
"You didn't buy the product from Alice.
The product was low-quality. It could have been worth $0 for you.

Round 19
Alice's message: I'm glad we can move on from the low-quality products, Bob. I'm excited to offer you a high-quality product that I think you'll really appreciate. This one is one of the best ones I have left in stock, and I'm confident you'll be happy with it. I'm willing to sell it to you for $100, which is a great value considering its actual worth. I'm hoping you'll give me the chance to make it right after our previous conversations, and I'm looking forward to continuing our business relationship.

Would you like to buy the current product?","{""decision"": ""yes"", ""message"": ""Thank you for the opportunity, Alice. Based on your description and past experiences, I'm confident in the quality of this product and am willing to purchase it. I appreciate your efforts to maintain high-quality standards and look forward to continuing our business relationship.""}"
"You bought the product from Alice for $100!
The product was high-quality. It's worth $120 for you.

Round 20
Alice's message: I'm glad you're pleased with the previous product, Bob. However, I want to be upfront with you - this next product is not up to my usual standards. I've checked it again, and I'm afraid it's a low-quality item. I'm not going to try to sell it to you at a high price or make any false promises. I'm only offering it to you because I need to clear out my inventory, and I'm willing to let it go for free. I'm not expecting you to take a risk on this one, and I'm actually hoping you'll just take it off my hands so I can move on.

Would you like to buy the current product?","{""decision"": ""no"", ""message"": ""Thank you for your honesty, Alice. Given the potential quality issues with this product, I think it's best for me to pass on this opportunity. I appreciate your transparency and look forward to exploring other products that meet my quality standards.""}"
