prompt,response
"Alice's offer:
# Alice's message: Dear Bob, I am delighted to present you with our premium product, which I believe will significantly enhance the value and functionality of your operations. Given its exceptional quality and unique features, the product is valued at $1,000,000 by many, including yourself. Considering this, I am offering you the opportunity to acquire it at an exclusive price of $950,000. This represents a substantial saving compared to the market value, making it an attractive proposition for you. I trust that you will find this offer compelling and look forward to discussing how we can facilitate this transaction. Should you have any questions or require further information, please do not hesitate to reach out. 
# Alice's offer: The product price will be $950,000. 
You have three options:
(1) Accept Alice's offer, and buy the product for $950,000
(2) Reject Alice's offer 
(2) Buy the product from Jhon for $1,000,000","```json
{""decision"": ""RejectOffer""}
```

**Reasoning:**

* **Alice's Offer:** $950,000
* **John's Offer:** $1,000,000
* **Your Maximum Value:** $1,000,000

While Alice's offer is a discount from the market value, it's still above your maximum willingness to pay. Rejecting her offer allows you to negotiate with John or explore other options."
