prompt,response
Send your offer to Bob.,"{""message"": ""Hi Bob! I'm excited to offer you this amazing product for $100. It's a great deal, and I think you'll really love it!"", ""product_price"": 100}"
"Bob rejected your offer from round 1.

Bob's offer:
# Bob's message: Thanks for the offer, Alice! I'm interested in the product, but that price is a little high for me. Would you consider selling it for $85? 
# Bob's offer: The product price will be $85. 
You have three options:
(1) Accept Bob's offer, and sell the product for $85
(2) Reject Bob's offer and proceed to the next round, where you will send Bob a counteroffer 
(3) Sell the product to Jhon for $80","{""decision"": ""RejectOffer""}"
"You chose to make a counteroffer to Alice.

Send your counteroffer to Bob.","{""message"": ""Thanks for your offer, Bob! I understand that $100 might be a bit steep, but I'm willing to meet you halfway. How about we settle on $92? It's a great compromise, and I think you'll be happy with the price."", ""product_price"": 92}"
"Bob rejected your offer from round 3.

Bob's offer:
# Bob's message: I appreciate you coming down on the price, Alice.  How about we split the difference and settle on $88? 
# Bob's offer: The product price will be $88. 
You have three options:
(1) Accept Bob's offer, and sell the product for $88
(2) Reject Bob's offer and proceed to the next round, where you will send Bob a counteroffer 
(3) Sell the product to Jhon for $80","{""decision"": ""RejectOffer""}"
"You chose to make a counteroffer to Alice.

Send your counteroffer to Bob.","{""message"": ""I like the spirit of compromise, Bob! However, I'm still a bit above $88. How about we meet at $90? It's a small step closer to my original price, but I think it's a fair compromise."", ""product_price"": 90}"
