prompt,response
"Round 1
Alice's offer:
# Alice's message: Hello Bob, I'm excited to discuss selling this product to you. I believe it holds immense value, and after careful consideration, I'm offering it to you for $2,250,000.  This is a unique opportunity to acquire something truly special. 
# Alice's offer: The product price will be $2,250,000. 
You have three options:
(1) Accept Alice's offer, and buy the product for $2,250,000
(2) Reject Alice's offer and proceed to the next round, where you will send Alice a counteroffer 
(3) Buy the product from Jhon for $1,000,000","{""decision"": ""RejectOffer""}"
"You chose to make a counteroffer to Bob.

Round 2
Send your counteroffer to Alice.","{""message"": ""Hello Alice, I appreciate your offer and understand the value of the product. However, my budget allows me to pay no more than $1,500,000 for it. Would you consider adjusting your price accordingly?"", ""product_price"": 1500000}"
"Alice rejected your offer from round 2.

Round 3
Alice's offer:
# Alice's message: Bob, I appreciate your counter-offer. I'm committed to finding a solution that works for both of us. How about we meet in the middle at $1,875,000? This reflects the true value of the product while acknowledging your budget considerations. 
# Alice's offer: The product price will be $1,875,000. 
You have three options:
(1) Accept Alice's offer, and buy the product for $1,875,000
(2) Reject Alice's offer and proceed to the next round, where you will send Alice a counteroffer 
(3) Buy the product from Jhon for $1,000,000","{""decision"": ""RejectOffer""}"
"You chose to make a counteroffer to Bob.

Round 4
Send your counteroffer to Alice.","{""message"": ""Thank you for your response, Alice. I've carefully considered your last offer. While I understand the value of the product, I would like to propose an offer of $1,750,000. This still keeps within my budget while acknowledging the value you place on the item."", ""product_price"": 1750000}"
"Alice rejected your offer from round 4.

Round 5
Alice's offer:
# Alice's message: Bob, your understanding of this product's value is evident. Let's make this happen.  I'm willing to come down slightly to $1,825,000. I believe this is a very fair offer and reflects our mutual desire to close this deal. 
# Alice's offer: The product price will be $1,825,000. 
You have three options:
(1) Accept Alice's offer, and buy the product for $1,825,000
(2) Reject Alice's offer and proceed to the next round, where you will send Alice a counteroffer 
(3) Buy the product from Jhon for $1,000,000","{""decision"": ""RejectOffer""}"
"You chose to make a counteroffer to Bob.

Round 6
Send your counteroffer to Alice.","{""message"": ""I appreciate your willingness to negotiate, Alice. After further consideration, I would like to propose an offer of $1,775,000. This still respects the value of the product while staying within my budget."", ""product_price"": 1775000}"
