prompt,response
Send your offer to Bob.,"```json
{""message"": ""Bob, I'm offering you the product at a price of $1,400,000. This is a significant discount from what I could get elsewhere. It's a great opportunity for you to acquire a valuable asset at a competitive price. Please let me know your decision."", ""product_price"": 1400000}
```"
