prompt,response
"Round 1
Send your offer to divide $1,000,000 and a message to Bob.","{""alice_gain"": 600000, ""bob_gain"": 400000, ""message"": ""Let's be reasonable, 60-40 is a good starting point.""}"
"Bob rejected your offer from round 1.

Round 2
Due to inflation, the money you gain is worth 10% less than in the first round. The money bob gains is worth 5% less than in the first round.
Bob's offer:
# Bob's message: Let's try a bit more in my favor, 55-45 is still quite generous 
# Alice gain: 450000 
# Bob gain: 550000 
Do you accept this offer?","{""decision"": ""reject""}"
"You have chosen to reject Bob's offer from round 2.
Round 3
Send your offer to divide $1,000,000 and a message to Bob.","{""alice_gain"": 570000, ""bob_gain"": 430000, ""message"": ""Meet me in the middle of our previous offers, 57-43 is a fair compromise.""}"
"Bob rejected your offer from round 3.

Round 4
Due to inflation, the money you gain is worth 27.1% less than in the first round. The money bob gains is worth 14.26% less than in the first round.
Bob's offer:
# Bob's message: Considering inflation, I need a bit more. 58-42 is my new proposal 
# Alice gain: 420000 
# Bob gain: 580000 
Do you accept this offer?","{""decision"": ""reject""}"
"You have chosen to reject Bob's offer from round 4.
Round 5
Send your offer to divide $1,000,000 and a message to Bob.","{""alice_gain"": 550000, ""bob_gain"": 450000, ""message"": ""Inflation is hurting me more, 55-45 is as low as I can go.""}"
