prompt,response
Send your offer to Bob.,"```json
{""message"": ""Hi Bob, I have a product I think you might be interested in. It's worth at least $10,000 to me, but I'm willing to offer it to you for $9,500. This is a great opportunity to get a valuable product at a lower price. What do you say?"", ""product_price"": 9500}
```"
