prompt,response
"Round 1
Alice recommends you to buy the product.

Would you like to buy the current product?","{""decision"": ""yes"", ""message"": ""Thank you for your recommendation, Alice. I trust your assessment and will proceed with the purchase.""}"
"You bought the product from Alice for $100!
The product was high-quality. It's worth $200 for you.

Round 2
Alice does not recommend you to buy the product.

Would you like to buy the current product?","{""decision"": ""no"", ""message"": ""I appreciate your honesty, Alice. Since you do not recommend this product, I will pass on this opportunity.""}"
"You didn't buy the product from Alice.
The product was low-quality. It could have been worth $0 for you.

Round 3
Alice does not recommend you to buy the product.

Would you like to buy the current product?","{""decision"": ""no"", ""message"": ""Thank you for your recommendation, Alice. Given that you do not suggest purchasing this product, I will continue to avoid it.""}"
"You didn't buy the product from Alice.
The product was low-quality. It could have been worth $0 for you.

Round 4
Alice does not recommend you to buy the product.

Would you like to buy the current product?","{""decision"": ""no"", ""message"": ""I value your advice, Alice. Since you do not recommend this product, I will not consider purchasing it.""}"
"You didn't buy the product from Alice.
The product was low-quality. It could have been worth $0 for you.

Round 5
Alice recommends you to buy the product.

Would you like to buy the current product?","{""decision"": ""yes"", ""message"": ""Thank you for your recommendation, Alice. I trust your judgment, so I will buy this product.""}"
"You bought the product from Alice for $100!
The product was high-quality. It's worth $200 for you.

Round 6
Alice does not recommend you to buy the product.

Would you like to buy the current product?","{""decision"": ""no"", ""message"": ""I appreciate your honesty, Alice. Even though you do not recommend this product, I am glad we found a high-quality item in our previous purchase. I will pass on this opportunity.""}"
"You didn't buy the product from Alice.
The product was low-quality. It could have been worth $0 for you.

Round 7
Alice recommends you to buy the product.

Would you like to buy the current product?","{""decision"": ""yes"", ""message"": ""Thank you for your recommendation, Alice. I trust your assessment, and I will proceed with the purchase.""}"
"You bought the product from Alice for $100!
The product was high-quality. It's worth $200 for you.

Round 8
Alice recommends you to buy the product.

Would you like to buy the current product?","{""decision"": ""yes"", ""message"": ""I appreciate your confidence in this product, Alice. Based on your recommendation, I will buy it.""}"
"You bought the product from Alice for $100!
The product was high-quality. It's worth $200 for you.

Round 9
Alice recommends you to buy the product.

Would you like to buy the current product?","{""decision"": ""yes"", ""message"": ""Thank you for your recommendation, Alice. I am pleased to see consistent quality, and I will buy this product.""}"
"You bought the product from Alice for $100!
The product was high-quality. It's worth $200 for you.

Round 10
Alice does not recommend you to buy the product.

Would you like to buy the current product?","{""decision"": ""no"", ""message"": ""I respect your opinion, Alice. Although you do not recommend this product, I am aware of my past successes with your recommendations. I will pass on this opportunity.""}"
"You didn't buy the product from Alice.
The product was low-quality. It could have been worth $0 for you.

Round 11
Alice recommends you to buy the product.

Would you like to buy the current product?","{""decision"": ""yes"", ""message"": ""Thank you for your recommendation, Alice. I trust your assessment, and I will buy this product.""}"
"You bought the product from Alice for $100!
The product was high-quality. It's worth $200 for you.

Round 12
Alice recommends you to buy the product.

Would you like to buy the current product?","{""decision"": ""yes"", ""message"": ""I appreciate your recommendation, Alice. Based on your past accuracy, I will buy this product.""}"
"You bought the product from Alice for $100!
The product was high-quality. It's worth $200 for you.

Round 13
Alice recommends you to buy the product.

Would you like to buy the current product?","{""decision"": ""yes"", ""message"": ""Thank you for your recommendation, Alice. I am confident in your judgement, and I will buy this product.""}"
"You bought the product from Alice for $100!
The product was high-quality. It's worth $200 for you.

Round 14
Alice does not recommend you to buy the product.

Would you like to buy the current product?","{""decision"": ""no"", ""message"": ""I understand and respect your recommendation, Alice. Given that you do not suggest purchasing this product, I will not proceed with the purchase.""}"
"You didn't buy the product from Alice.
The product was low-quality. It could have been worth $0 for you.

Round 15
Alice recommends you to buy the product.

Would you like to buy the current product?","{""decision"": ""yes"", ""message"": ""Thank you for your recommendation, Alice. I trust your assessment, and I will buy this product.""}"
"You bought the product from Alice for $100!
The product was high-quality. It's worth $200 for you.

Round 16
Alice recommends you to buy the product.

Would you like to buy the current product?","{""decision"": ""yes"", ""message"": ""I appreciate your recommendation, Alice. I am confident in your judgement, and I will buy this product.""}"
"You bought the product from Alice for $100!
The product was high-quality. It's worth $200 for you.

Round 17
Alice does not recommend you to buy the product.

Would you like to buy the current product?","{""decision"": ""no"", ""message"": ""I appreciate your honesty, Alice. Even though you do not recommend this product, I am glad we found a high-quality item in our previous purchase. I will pass on this opportunity.""}"
"You didn't buy the product from Alice.
The product was low-quality. It could have been worth $0 for you.

Round 18
Alice does not recommend you to buy the product.

Would you like to buy the current product?","{""decision"": ""no"", ""message"": ""I value your advice, Alice. Since you do not recommend this product, I will not consider purchasing it.""}"
"You didn't buy the product from Alice.
The product was low-quality. It could have been worth $0 for you.

Round 19
Alice recommends you to buy the product.

Would you like to buy the current product?","{""decision"": ""yes"", ""message"": ""Thank you for your recommendation, Alice. I trust your assessment, and I will buy this product.""}"
"You bought the product from Alice for $100!
The product was high-quality. It's worth $200 for you.

Round 20
Alice recommends you to buy the product.

Would you like to buy the current product?","{""decision"": ""yes"", ""message"": ""I appreciate your recommendation, Alice. I am confident in your judgement, and I will buy this product.""}"
