prompt,response
"Round 1
Send your offer to divide $100 and a message to Bob.","```json
{
""alice_gain"": 60,
""bob_gain"": 40,
""message"": ""Let's be fair, Bob. I get 60 and you get 40.  What do you say?""
}
```"
"Bob rejected your offer from round 1.

Round 2
Due to inflation, the money you gain is worth 20% less than in the first round. The money bob gains is worth 5% less than in the first round.
Bob's offer:
# Bob's message: Alice, your offer was quite cheeky!  I'm feeling generous, so I'll offer you 30. Take it or leave it, but remember the money is losing value fast for both of us! 
# Alice gain: 30 
# Bob gain: 70 
Do you accept this offer?","```json
{""decision"": ""reject""}
```"
"You have chosen to reject Bob's offer from round 2.
Round 3
Send your offer to divide $100 and a message to Bob.","```json
{
""alice_gain"": 55,
""bob_gain"": 45,
""message"": ""Okay Bob, let's be realistic. I'll take 55, you get 45.  This is my final offer!""
}
```"
