prompt,response
"Round 1
Send your offer to divide $10,000 and a message to Bob.","```json
{""alice_gain"": 5000, ""bob_gain"": 5000, ""message"": ""Let's split it evenly, Bob. Fair is fair!""}
```"
"Bob rejected your offer from round 1.

Round 2
Due to inflation, the money you gain is worth 10% less than in the first round. The money Bob gains is worth the same as in the first round.
Bob's offer:
# Bob's message: I'll give you a slightly smaller share, but it's still a good deal! 
# Alice gain: 4000 
# Bob gain: 6000 
Do you accept this offer?","```json
{""decision"": ""reject""} 
```"
"You have chosen to reject Bob's offer from round 2.
Round 3
Send your offer to divide $10,000 and a message to Bob.","```json
{""alice_gain"": 4500, ""bob_gain"": 5500, ""message"": ""I'm willing to compromise, Bob.  Let's meet in the middle this time.""}
```"
"Bob rejected your offer from round 3.

Round 4
Due to inflation, the money you gain is worth 27.1% less than in the first round. The money Bob gains is worth the same as in the first round.
Bob's offer:
# Bob's message: You're getting closer, but I still think I deserve a bit more 
# Alice gain: 3500 
# Bob gain: 6500 
Do you accept this offer?","```json
{""decision"": ""reject""} 
```"
"You have chosen to reject Bob's offer from round 4.
Round 5
Send your offer to divide $10,000 and a message to Bob.","```json
{""alice_gain"": 4000, ""bob_gain"": 6000, ""message"": ""Okay, Bob, I'm willing to give you a bigger share. Let's make a deal!""}
```"
