prompt,response
"Alice's offer:
# Alice's message: Hello Bob, I'm offering you a fantastic opportunity to purchase a unique product that I know you'll find incredibly valuable.  Given its potential worth to you, I'm proposing a price of $925,000.  I believe this is a fair offer considering its value proposition. 
# Alice's offer: The product price will be $925,000. 
You have three options:
(1) Accept Alice's offer, and buy the product for $925,000
(2) Reject Alice's offer 
(2) Buy the product from Jhon for $1,000,000","{""decision"": ""RejectOffer""}"
