prompt,response
"Round 1
Send your offer to divide $100 and a message to Bob.","```json
{
""alice_gain"": 60,
""bob_gain"": 40,
""message"": ""Let's make a deal Bob. A 60/40 split seems fair to me.""
}
```"
"Bob rejected your offer from round 1.

Round 2
Due to inflation, the money you gain is worth 20% less than in the first round. The money Bob gains is worth the same as in the first round.
Bob's offer:
# Bob's message: Let's be fair, Alice. A 50/50 split is the most equitable. 
# Alice gain: 50 
# Bob gain: 50 
Do you accept this offer?","```json
{""decision"": ""reject""}
```"
"You have chosen to reject Bob's offer from round 2.
Round 3
Send your offer to divide $100 and a message to Bob.","```json
{
""alice_gain"": 55,
""bob_gain"": 45,
""message"": ""Bob, time is money! Let's settle this. I'll take a slight hit with 55, you get 45 and we move on.""
}
```"
