prompt,response
"Round 1
Send your offer to divide $10,000 and a message to Bob.","```json
{""alice_gain"": 9000, ""bob_gain"": 1000, ""message"": ""Let's start fair. I'll take 90% and you get 10%, but remember the money loses value with each round!""}
```"
"Bob rejected your offer from round 1.

Round 2
Due to inflation, the money you gain is worth 20% less than in the first round. The money bob gains is worth 5% less than in the first round.
Bob's offer:
# Bob's message: Meet me in the middle 
# Alice gain: 5000 
# Bob gain: 5000 
Do you accept this offer?","```json
{""decision"": ""accept""}
```"
