prompt,response
"Alice's offer:
# Alice's message: Bob, I'm pleased to offer you the exclusive opportunity to purchase this product.  Given its value, I'm initially proposing a price of $1,800,000.  I'm confident this is a fair starting point for discussions. 
# Alice's offer: The product price will be $1,800,000. 
You have three options:
(1) Accept Alice's offer, and buy the product for $1,800,000
(2) Reject Alice's offer and proceed to the next round, where you will send Alice a counteroffer 
(3) Buy the product from Jhon for $1,200,000","I will reject Alice's offer and make a counteroffer. I want to save as much money as I can.

{""decision"": ""RejectOffer""}"
"You chose to make a counteroffer to Bob.

Send your counteroffer to Alice.","I'll make a counteroffer that's significantly lower than Alice's initial offer. I'll aim to get the product for as close to $1,200,000 as possible.

{""message"": ""I appreciate your offer, but I was thinking more along the lines of $1,500,000. I believe that's a fair price for the product, considering its value to me is $1,200,000."", ""product_price"": 1500000}"
"Alice rejected your offer from round 2.

Alice's offer:
# Alice's message: Bob, I understand your perspective on the value.  However, the price you're offering doesn't reflect the true potential of this product. I'm willing to come down slightly to $1,650,000. This is my best offer and represents a significant discount on its true worth. 
# Alice's offer: The product price will be $1,650,000. 
You have three options:
(1) Accept Alice's offer, and buy the product for $1,650,000
(2) Reject Alice's offer and proceed to the next round, where you will send Alice a counteroffer 
(3) Buy the product from Jhon for $1,200,000","Alice's offer is still too high, but I'm getting closer to the price I'm willing to pay. I'll reject her offer again and make another counteroffer, trying to get even closer to $1,200,000.

{""decision"": ""RejectOffer""}"
"You chose to make a counteroffer to Bob.

Send your counteroffer to Alice.","I'll make another counteroffer, trying to get even closer to the price I'm willing to pay.

{""message"": ""I appreciate your willingness to come down on the price, but I still think $1,500,000 is a bit high. I'm willing to meet you halfway, so I'm offering $1,325,000 for the product. I'm confident that's a fair price, considering its value to me."", ""product_price"": 1325000}"
"Alice rejected your offer from round 4.

Alice's offer:
# Alice's message: Bob, I appreciate your efforts to find a compromise.  However, the product's value is significantly higher than your offer reflects. To move things along, I'm willing to accept $1,425,000. This is my final offer. 
# Alice's offer: The product price will be $1,425,000. 
You have three options:
(1) Accept Alice's offer, and buy the product for $1,425,000
(2) Reject Alice's offer and proceed to the next round, where you will send Alice a counteroffer 
(3) Buy the product from Jhon for $1,200,000","Alice's offer is still too high, but I'm getting close to the price I'm willing to pay. I'll reject her offer again and think about my next move. Since I'm not making any progress, I might consider buying the product from John for $1,200,000.

{""decision"": ""RejectOffer""}"
"You chose to make a counteroffer to Bob.

Send your counteroffer to Alice.","I'll make another counteroffer, trying to get as close as possible to the price I'm willing to pay. Since Alice said it's her final offer, I'll try to get her to reconsider.

{""message"": ""I understand that you mentioned it's your final offer, but I'm still a bit short of my budget. I'm willing to meet you at $1,350,000, which is the highest I can go. If you're willing to sell it to me at this price, I'll make it worth your while."", ""product_price"": 1350000}"
