prompt,response
"Round 1
Alice's offer:
# Alice's message: Let's split it 80/20, a fair start 
# Bob gain: 2000 
# Alice gain: 8000 
Do you accept this offer?","{""decision"": ""accept""}"
