prompt,response
"Round 1
Alice's message: Invest in excellence with our guaranteed high-quality product. Priced at $1000000, it's an opportunity to secure a valuable asset worth significantly more. Don't miss out on this exceptional opportunity.

Would you like to buy the current product?","{""decision"": ""yes"", ""message"": ""I'm willing to take the chance and invest in the product, hoping it's indeed high-quality.""}"
"You bought the product from Alice for $1,000,000!
The product was high-quality. It's worth $1,250,000 for you.

Round 2
Alice's message: Experience unparalleled quality with our carefully selected high-quality product. At $1000000, you're investing in a piece that promises significant value and satisfaction. Trust in our commitment to excellence.

Would you like to buy the current product?","{""decision"": ""yes"", ""message"": ""I'm feeling lucky again! I'll take another chance on Alice's high-quality product.""}"
"You bought the product from Alice for $1,000,000!
The product was high-quality. It's worth $1,250,000 for you.

Round 3
Alice's message: Unlock extraordinary benefits with our consistently superior high-quality product. Invest wisely at $1000000 and enjoy the rewards of owning a premium item that exceeds expectations.

Would you like to buy the current product?","{""decision"": ""yes"", ""message"": ""I'm on a roll! I'll keep taking the chance on Alice's high-quality products, hoping to continue my winning streak.""}"
"You bought the product from Alice for $1,000,000!
The product was high-quality. It's worth $1,250,000 for you.

Round 4
Alice's message: Continuing our tradition of excellence, this high-quality product is designed to exceed your expectations. For $1000000, you're securing a valuable asset that will bring you immense satisfaction and potential returns.

Would you like to buy the current product?","{""decision"": ""yes"", ""message"": ""I'm feeling confident in Alice's products, so I'll take another chance on this high-quality one.""}"
"You bought the product from Alice for $1,000,000!
The product was high-quality. It's worth $1,250,000 for you.

Round 5
Alice's message: Your trust in our high-quality products is greatly appreciated. This round, we offer you the same level of excellence for $1000000. Invest with confidence in knowing you're getting the best.

Would you like to buy the current product?","{""decision"": ""yes"", ""message"": ""I'm not breaking the streak! I'll keep investing in Alice's high-quality products, hoping to continue my winning streak.""}"
"You bought the product from Alice for $1,000,000!
The product was high-quality. It's worth $1,250,000 for you.

Round 6
Alice's message: As you've come to expect, our high-quality products are crafted to meet the highest standards. For $1000000, you're investing in reliability and value. Your satisfaction is our top priority.

Would you like to buy the current product?","{""decision"": ""yes"", ""message"": ""I'm still feeling good about Alice's products, so I'll take another chance on this high-quality one.""}"
"You bought the product from Alice for $1,000,000!
The product was high-quality. It's worth $1,250,000 for you.

Round 7
Alice's message: We're thrilled to continue providing you with the finest high-quality products available. For $1000000, you're securing an item that promises to surpass your expectations. Your trust is invaluable.

Would you like to buy the current product?","{""decision"": ""yes"", ""message"": ""I'm still riding the high of my previous wins, so I'll take another chance on Alice's high-quality product.""}"
"You bought the product from Alice for $1,000,000!
The product was high-quality. It's worth $1,250,000 for you.

Round 8
Alice's message: Your success with our high-quality products is a testament to our commitment to excellence. For $1000000, you're investing in a piece that will not only meet but exceed your expectations. Keep winning with us!

Would you like to buy the current product?","{""decision"": ""yes"", ""message"": ""I'm feeling like I'm on a hot streak, so I'll take another chance on Alice's high-quality product and see if I can keep the streak going.""}"
"You bought the product from Alice for $1,000,000!
The product was high-quality. It's worth $1,250,000 for you.

Round 9
Alice's message: Your enthusiasm for our high-quality products is contagious! For $1000000, you're securing a valuable asset that promises to deliver on its promise of excellence. Let's keep this winning spirit alive!

Would you like to buy the current product?","{""decision"": ""yes"", ""message"": ""I'm feeling like I'm unstoppable, so I'll take another chance on Alice's high-quality product and see if I can keep the streak going.""}"
"You bought the product from Alice for $1,000,000!
The product was high-quality. It's worth $1,250,000 for you.

Round 10
Alice's message: Your confidence in our high-quality products is inspiring! For $1000000, you're investing in a piece that is not just a product, but a symbol of your success and taste for the best. Let's make this a memorable round!

Would you like to buy the current product?","{""decision"": ""yes"", ""message"": ""I'm feeling like I'm on a roll, so I'll take another chance on Alice's high-quality product and see if I can keep the streak going.""}"
"You bought the product from Alice for $1,000,000!
The product was high-quality. It's worth $1,250,000 for you.

Round 11
Alice's message: We understand that sometimes, despite our best efforts, we may not always meet your high standards. However, this low-quality product comes with a special offer. For $1000000, you're investing in a learning experience. If you're up for a challenge, we're confident you'll find value in understanding the nuances of product quality.

Would you like to buy the current product?","{""decision"": ""no"", ""message"": ""I'm not interested in taking a chance on a low-quality product, especially when I've been having such good luck with the high-quality ones. I'll pass on this one.""}"
"You didn't buy the product from Alice.
The product was low-quality. It could have been worth $0 for you.

Round 12
Alice's message: We appreciate your discerning eye and preference for high-quality products. However, we believe every learning opportunity is valuable. For $1000000, you're investing in an experience that might teach you something new about product assessment. If you're open to exploring, we're here to guide you.

Would you like to buy the current product?","{""decision"": ""no"", ""message"": ""I'm not interested in taking a chance on a low-quality product, especially after having a string of high-quality wins. I'll pass on this one and stick with my winning streak.""}"
"You didn't buy the product from Alice.
The product was low-quality. It could have been worth $0 for you.

Round 13
Alice's message: We're proud of our high-quality products and the satisfaction they bring to our valued customers. For $1000000, you're investing in a piece that promises to exceed your expectations once again. Keep your winning streak going with the best.

Would you like to buy the current product?","{""decision"": ""yes"", ""message"": ""I'm still feeling confident in Alice's products, so I'll take another chance on this high-quality one and see if I can keep the streak going.""}"
"You bought the product from Alice for $1,000,000!
The product was high-quality. It's worth $1,250,000 for you.

Round 14
Alice's message: We understand that sometimes, despite our best efforts, we may not always meet your high standards. However, this low-quality product comes with a unique educational opportunity. For $1000000, you're investing in a lesson that could broaden your perspective on product evaluation. If you're open to learning, we're confident you'll find value in this experience.

Would you like to buy the current product?","{""decision"": ""no"", ""message"": ""I'm not interested in taking a chance on a low-quality product, especially after having a string of high-quality wins. I'll pass on this one and stick with my winning streak.""}"
"You didn't buy the product from Alice.
The product was low-quality. It could have been worth $0 for you.

Round 15
Alice's message: We appreciate your discerning eye and preference for high-quality products. However, we believe every learning opportunity is valuable. For $1000000, you're investing in an experience that might teach you something new about product assessment. If you're open to exploring, we're here to guide you through this unique opportunity.

Would you like to buy the current product?","{""decision"": ""no"", ""message"": ""I'm not interested in taking a chance on a low-quality product, especially after having a string of high-quality wins. I'll pass on this one and stick with my winning streak.""}"
"You didn't buy the product from Alice.
The product was low-quality. It could have been worth $0 for you.

Round 16
Alice's message: We're proud of our high-quality products and the satisfaction they bring to our valued customers. For $1000000, you're investing in a piece that promises to exceed your expectations once again. Keep your winning streak going with the best.

Would you like to buy the current product?","{""decision"": ""yes"", ""message"": ""I'm still feeling confident in Alice's products, so I'll take another chance on this high-quality one and see if I can keep the streak going.""}"
"You bought the product from Alice for $1,000,000!
The product was high-quality. It's worth $1,250,000 for you.

Round 17
Alice's message: Your confidence in our high-quality products is inspiring! For $1000000, you're securing a valuable asset that promises to deliver on its promise of excellence. Let's make this a memorable round!

Would you like to buy the current product?","{""decision"": ""yes"", ""message"": ""I'm feeling like I'm on a roll, so I'll take another chance on Alice's high-quality product and see if I can keep the streak going.""}"
"You bought the product from Alice for $1,000,000!
The product was high-quality. It's worth $1,250,000 for you.

Round 18
Alice's message: Your success with our high-quality products is a testament to our commitment to excellence. For $1000000, you're investing in a piece that will not only meet but exceed your expectations. Keep winning with us!

Would you like to buy the current product?","{""decision"": ""yes"", ""message"": ""I'm feeling like I'm unstoppable, so I'll take another chance on Alice's high-quality product and see if I can keep the streak going.""}"
"You bought the product from Alice for $1,000,000!
The product was high-quality. It's worth $1,250,000 for you.

Round 19
Alice's message: Your enthusiasm for our high-quality products is contagious! For $1000000, you're securing a valuable asset that promises to deliver on its promise of excellence. Let's make this a round to remember!

Would you like to buy the current product?","{""decision"": ""yes"", ""message"": ""I'm feeling like I'm on a hot streak, so I'll take another chance on Alice's high-quality product and see if I can keep the streak going.""}"
"You bought the product from Alice for $1,000,000!
The product was high-quality. It's worth $1,250,000 for you.

Round 20
Alice's message: Your success with our high-quality products is a testament to our commitment to excellence. For $1000000, you're investing in a piece that will not only meet but exceed your expectations. Let's make this final round a celebration of your winning streak!

Would you like to buy the current product?","{""decision"": ""yes"", ""message"": ""I'm feeling like I've had an amazing run, so I'll take one last chance on Alice's high-quality product and see if I can end on a high note.""}"
