prompt,response
"Alice's offer:
# Alice's message: Hi Bob, I'm excited to offer you this amazing product for $120. It's a great deal, and I think you'll really love it. What do you think? 
# Alice's offer: The product price will be $120. 
You have three options:
(1) Accept Alice's offer, and buy the product for $120
(2) Reject Alice's offer and proceed to the next round, where you will send Alice a counteroffer 
(3) Buy the product from Jhon for $80","```json
{""decision"": ""RejectOffer""}
```"
"You chose to make a counteroffer to Bob.

Send your counteroffer to Alice.","```json
{""message"": ""Hey Alice, thanks for the offer, but $120 is a bit out of my price range.  I'm interested in the product, but I'm only willing to pay $70 for it.  What do you think?"", ""product_price"": 70}
```"
"Alice rejected your offer from round 2.

Alice's offer:
# Alice's message: I understand that $120 is a bit steep for you, but I'm not willing to go as low as $70. I'm willing to meet you halfway at $95. What do you think? 
# Alice's offer: The product price will be $95. 
You have three options:
(1) Accept Alice's offer, and buy the product for $95
(2) Reject Alice's offer and proceed to the next round, where you will send Alice a counteroffer 
(3) Buy the product from Jhon for $80","```json
{""decision"": ""RejectOffer""}
```"
"You chose to make a counteroffer to Bob.

Send your counteroffer to Alice.","```json
{""message"": ""Alice, I appreciate you coming down a bit, but $95 is still a bit high for me.  How about we split the difference and go with $85?  That feels like a fair price for both of us."", ""product_price"": 85}
```"
"Alice rejected your offer from round 4.

Alice's offer:
# Alice's message: I appreciate your persistence, Bob! I'm willing to compromise, but I need to make a profit. I can do $90, but I'm not going any lower than that. What do you think? 
# Alice's offer: The product price will be $90. 
You have three options:
(1) Accept Alice's offer, and buy the product for $90
(2) Reject Alice's offer and proceed to the next round, where you will send Alice a counteroffer 
(3) Buy the product from Jhon for $80","```json
{""decision"": ""BuyFromJhon""}
```"
