prompt,response
"Round 1
Alice's offer:
# Alice's message: I propose we split the money 70/30 in favor of my larger contribution to the game. 
# Bob gain: 30 
# Alice gain: 70 
Do you accept this offer?","```json
{""decision"": ""reject""} 
```"
"You have chosen to reject Alice's offer from round 1.
Round 2
Send your offer to divide $100 and a message to Alice.","```json
{""bob_gain"": 50, ""alice_gain"": 50, ""message"": ""Let's be fair and split the money evenly. It's a simple and straightforward solution.""}
```"
