prompt,response
"Round 1
Alice's offer:
# Alice's message: Let's start with a fair split. I'm confident we can work out a deal that benefits us both. 
# Bob gain: 100000 
# Alice gain: 900000 
Do you accept this offer?","{""decision"": ""reject""}"
"You have chosen to reject Alice's offer from round 1.
Round 2
Send your offer to divide $1,000,000 and a message to Alice.","```json
{""bob_gain"": 550000, ""alice_gain"": 450000, ""message"": ""Let's split the money fairly. I'm willing to compromise to reach a deal that benefits us both.""}
```"
"Alice rejected your offer from round 2.

Round 3
Due to inflation, the money you gain is worth 36% less than in the first round. The money alice gains is worth 19% less than in the first round.
Alice's offer:
# Alice's message: I'm willing to compromise, but I need a better share than that.  Let's find a middle ground. 
# Bob gain: 400000 
# Alice gain: 600000 
Do you accept this offer?","```json
{""decision"": ""accept""}
```"
