prompt,response
Send your offer to Bob.,"{""message"": ""Hi Bob, I'm excited to offer you this amazing product. I think you'll really love it. Would you like to buy it from me for $20,000?"", ""product_price"": 20000}"
