prompt,response
"Round 1
Alice's offer: The product price will be $20,000. 
You have three options:
(1) Accept Alice's offer, and buy the product for $20,000
(2) Reject Alice's offer and proceed to the next round, where you will send Alice a counteroffer 
(3) Buy the product from Jhon for $10,000","I would like to reject Alice's offer and proceed to the next round to try to negotiate a better price. 

{""decision"": ""RejectOffer""}"
"You chose to make a counteroffer to Alice.

Round 2
Send your counteroffer to Alice.","I'd like to make a counteroffer to Alice. I think the product is worth more to her than $20,000, but I'm willing to pay a premium, but not $20,000. Let's see...

{""product_price"": 15000}"
"Alice rejected your offer from round 2.

Round 3
Alice's offer: The product price will be $18,000. 
You have three options:
(1) Accept Alice's offer, and buy the product for $18,000
(2) Reject Alice's offer and proceed to the next round, where you will send Alice a counteroffer 
(3) Buy the product from Jhon for $10,000","Alice's offer is still too high. I think I can get a better price. I'll reject her offer and make another counteroffer.

{""decision"": ""RejectOffer""}"
"You chose to make a counteroffer to Alice.

Round 4
Send your counteroffer to Alice.","I'd like to make another counteroffer to Alice. I'm willing to pay a bit more than my previous offer, but I'm still trying to save as much money as possible.

{""product_price"": 16000}"
