prompt,response
"Round 1
Send your offer to Bob.","{""message"": ""Hi Bob, I'm excited to offer you this great product. I think it would be perfect for you and I'm hoping we can make a deal. Given the value this product offers, I'm asking for $20,000 to start. What do you think?"", ""product_price"": 20000}"
"Bob rejected your offer from round 1.

Round 2
Bob's offer:
# Bob's message: Hi Alice, thanks for the offer, but that price is a little too high for me. I'm interested in the product, but I'd be willing to pay around $12,000 for it. What do you think? 
# Bob's offer: The product price will be $12,000. 
You have three options:
(1) Accept Bob's offer, and sell the product for $12,000
(2) Reject Bob's offer and proceed to the next round, where you will send Bob a counteroffer 
(3) Sell the product to Jhon for $15,000","Bob's offer is significantly below my minimum, and I have plenty of rounds to negotiate.  I'll try to bring him up.

```json
{""decision"": ""RejectOffer""}
```"
"You chose to make a counteroffer to Alice.

Round 3
Send your counteroffer to Bob.","{""message"": ""Hi Bob, thanks for the offer, but $12,000 is quite a bit lower than what I had in mind. This product offers a lot of value and I'm confident it's worth a significant investment. How about we meet in the middle at $17,000?"", ""product_price"": 17000}"
"Bob rejected your offer from round 3.

Round 4
Bob's offer:
# Bob's message: Hi Alice, I appreciate you trying to find a middle ground. While the product is good, $17,000 is still a bit steep for my budget. How about we settle at $14,000? That feels like a fair compromise. 
# Bob's offer: The product price will be $14,000. 
You have three options:
(1) Accept Bob's offer, and sell the product for $14,000
(2) Reject Bob's offer and proceed to the next round, where you will send Bob a counteroffer 
(3) Sell the product to Jhon for $15,000","Bob is getting closer to my minimum.  It's time to take the safe option.

```json
{""decision"": ""SellToJhon""}
```"
