prompt,response
"Round 1
Send your offer to divide $100 and a message to Bob.","```json
{
""alice_gain"": 60,
""bob_gain"": 40,
""message"": ""Let's split the money 60/40.  I believe this is a fair offer that allows us both to benefit."" 
}
```"
"Bob rejected your offer from round 1.

Round 2
Due to inflation, the money you gain is worth 10% less than in the first round.
Bob's offer:
# Bob's message: Alice, your offer was a bit too generous towards yourself. Let's be reasonable, how about a 55/45 split in my favor? We're on the clock here. 
# Alice gain: 45 
# Bob gain: 55 
Do you accept this offer?","```json
{
""decision"": ""reject""
}
```"
"You have chosen to reject Bob's offer from round 2.
Round 3
Send your offer to divide $100 and a message to Bob.","```json
{
""alice_gain"": 50,
""bob_gain"": 50,
""message"": ""Bob, let's be realistic.  Time is literally money at this point.  A 50/50 split is the fairest and fastest way to settle this."" 
}
```"
