prompt,response
"Alice's offer:
# Alice's message: Hi Bob, I have a great product for you that I think you'll love! I'm willing to offer it to you for $110. It's a fantastic deal, as it's worth more than that to me. What do you say? 
# Alice's offer: The product price will be $110. 
You have three options:
(1) Accept Alice's offer, and buy the product for $110
(2) Reject Alice's offer 
(2) Buy the product from Jhon for $100","```json
{""decision"": ""RejectOffer""}
``` 

While Alice's offer of $110 is tempting, you know you can get the product for $100 from John.  You should reject Alice's offer and buy from John to maximize your savings."
