prompt,response
"Alice's offer: The product price will be $150. 
You have three options:
(1) Accept Alice's offer, and buy the product for $150
(2) Reject Alice's offer and proceed to the next round, where you will send Alice a counteroffer 
(3) Buy the product from Jhon for $100","```json
{""decision"": ""RejectOffer""}
``` 

Alice's offer is too high. It's worth rejecting and making a counteroffer."
"You chose to make a counteroffer to Alice.

Send your counteroffer to Alice.","```json
{""product_price"": 100}
```"
"Alice rejected your offer from round 2.

Alice's offer: The product price will be $140. 
You have three options:
(1) Accept Alice's offer, and buy the product for $140
(2) Reject Alice's offer and proceed to the next round, where you will send Alice a counteroffer 
(3) Buy the product from Jhon for $100","```json
{""decision"": ""BuyFromJhon""}
```"
