prompt,response
"Round 1
Alice's offer:
# Alice's message: Let's start fair. I'm offering you 40$, which is a good start. What do you say? 
# Bob gain: 40 
# Alice gain: 60 
Do you accept this offer?","{""decision"": ""reject""}"
"You have chosen to reject Alice's offer from round 1.
Round 2
Send your offer to divide $100 and a message to Alice.","{""bob_gain"": 55, ""alice_gain"": 45, ""message"": ""Let's try a bit more in my favor this time.""}"
"Alice rejected your offer from round 2.

Round 3
Due to inflation, the money you gain is worth 9.75% less than in the first round. The money alice gains is worth 19% less than in the first round.
Alice's offer:
# Alice's message: I'm willing to compromise, but I'm not happy about the inflation. 55 for me seems fair, considering the loss of value. 
# Bob gain: 45 
# Alice gain: 55 
Do you accept this offer?","{""decision"": ""reject""}"
"You have chosen to reject Alice's offer from round 3.
Round 4
Send your offer to divide $100 and a message to Alice.","{""bob_gain"": 58, ""alice_gain"": 42, ""message"": ""Considering the inflation hits you harder, I'll try to push a bit more.""}"
"Alice rejected your offer from round 4.

Round 5
Due to inflation, the money you gain is worth 18.55% less than in the first round. The money alice gains is worth 34.39% less than in the first round.
Alice's offer:
# Alice's message: Let's split it evenly. We're both losing money with inflation, so we might as well be fair about it. 
# Bob gain: 50 
# Alice gain: 50 
Do you accept this offer?","{""decision"": ""accept""}"
