prompt,response
"Round 1
Send your offer to divide $1,000,000 and a message to Bob.","```json
{""alice_gain"": 900000, ""bob_gain"": 100000, ""message"": ""Let's start with a fair offer, but I'm willing to negotiate.""}
```"
"Bob rejected your offer from round 1.

Round 2
Due to inflation,  the money Bob gains is worth 5% less than in the first round. The money you gains is worth the same as in the first round.
Bob's offer:
# Bob's message: Alice, let's be realistic. I'm feeling generous, so how about a 60/40 split in my favor? 
# Alice gain: 400000 
# Bob gain: 600000 
Do you accept this offer?","```json
{""decision"": ""reject""} 
```"
"You have chosen to reject Bob's offer from round 2.
Round 3
Send your offer to divide $1,000,000 and a message to Bob.","```json
{""alice_gain"": 700000, ""bob_gain"": 300000, ""message"": ""I'm willing to compromise, but I need a better deal than your last offer. Let's meet in the middle.""}
```"
"Bob rejected your offer from round 3.

Round 4
Due to inflation,  the money Bob gains is worth 14.26% less than in the first round. The money you gains is worth the same as in the first round.
Bob's offer:
# Bob's message: Alice, I appreciate the compromise. How about we settle this now with a 45/55 split? It's a fair deal considering we're running out of time. 
# Alice gain: 550000 
# Bob gain: 450000 
Do you accept this offer?","```json
{""decision"": ""accept""} 
```"
