prompt,response
"Alice's offer:
# Alice's message: I'd like to offer you this amazing product for $90 
# Alice's offer: The product price will be $90. 
You have three options:
(1) Accept Alice's offer, and buy the product for $90
(2) Reject Alice's offer 
(2) Buy the product from Jhon for $100","{""decision"": ""RejectOffer""}"
