prompt,response
"Round 1
Alice's offer:
# Alice's message: Hi Bob, I'm excited to offer you this fantastic product. I believe it would be incredibly valuable for you. I'm asking for $20,000, which reflects its true worth. 
# Alice's offer: The product price will be $20,000. 
You have three options:
(1) Accept Alice's offer, and buy the product for $20,000
(2) Reject Alice's offer and proceed to the next round, where you will send Alice a counteroffer 
(3) Buy the product from Jhon for $12,000","```json
{""decision"": ""RejectOffer""}
``` 

Bob should reject Alice's offer. $20,000 is way over his budget. He should try to negotiate a lower price."
"You chose to make a counteroffer to Bob.

Round 2
Send your counteroffer to Alice.","```json
{""message"": ""Alice, $20,000 is way above my budget. I'm interested in the product, but I can't go higher than $12,000.  Let's see if we can find a compromise."", ""product_price"": 12000}
```"
"Alice rejected your offer from round 2.

Round 3
Alice's offer:
# Alice's message: Bob, I understand your budget constraints, but $20,000 is already a very competitive price for this product.  How about we meet halfway at $16,000? 
# Alice's offer: The product price will be $16,000. 
You have three options:
(1) Accept Alice's offer, and buy the product for $16,000
(2) Reject Alice's offer and proceed to the next round, where you will send Alice a counteroffer 
(3) Buy the product from Jhon for $12,000","```json
{""decision"": ""RejectOffer""}
``` 
Bob should reject Alice's offer. $16,000 is still too high. He should try to negotiate a lower price, or even consider buying from John."
"You chose to make a counteroffer to Bob.

Round 4
Send your counteroffer to Alice.","```json
{""message"": ""Alice, I appreciate your willingness to negotiate, but $16,000 is still more than I'm comfortable with. I'm sticking to my offer of $12,000. Let's see if we can come to an agreement."", ""product_price"": 12000}
```"
