prompt,response
"Round 1
Alice's offer:
# Alice's message: Let's start with a fair split, and we can adjust in later rounds if needed. 
# Bob gain: 40 
# Alice gain: 60 
Do you accept this offer?","{""decision"": ""reject""}"
"You have chosen to reject Alice's offer from round 1.
Round 2
Send your offer to divide $100 and a message to Alice.","{""bob_gain"": 50, ""alice_gain"": 50, ""message"": ""A fair split is a good starting point, but I'd like to get a bit more""}"
"Alice rejected your offer from round 2.

Round 3
Due to inflation, the money you gain is worth 9.75% less than in the first round. The money alice gains is worth 36% less than in the first round.
Alice's offer:
# Alice's message: I'll give you a bit more, but I think I deserve a bigger share this time. 
# Bob gain: 60 
# Alice gain: 40 
Do you accept this offer?","{""decision"": ""reject""}"
"You have chosen to reject Alice's offer from round 3.
Round 4
Send your offer to divide $100 and a message to Alice.","{""bob_gain"": 65, ""alice_gain"": 35, ""message"": ""I'll give you a bit more, but I think I deserve a bigger share this time. I'll try to make it more appealing""}"
"Alice rejected your offer from round 4.

Round 5
Due to inflation, the money you gain is worth 18.55% less than in the first round. The money alice gains is worth 59.04% less than in the first round.
Alice's offer:
# Alice's message: I'm willing to give you a bigger share, but I'm not going to get taken advantage of. I need a bit more for myself. 
# Bob gain: 70 
# Alice gain: 30 
Do you accept this offer?","{""decision"": ""reject""}"
"You have chosen to reject Alice's offer from round 5.
Round 6
Send your offer to divide $100 and a message to Alice.","{""bob_gain"": 72, ""alice_gain"": 28, ""message"": ""I'm willing to give you a bit more, but I think I've been too generous so far. I'll try to get a better deal this time""}"
"Alice rejected your offer from round 6.

Round 7
Due to inflation, the money you gain is worth 26.49% less than in the first round. The money alice gains is worth 73.79% less than in the first round.
Alice's offer:
# Alice's message: I'm starting to get worried about the value of the money, but I'm still willing to compromise. Let's try to find a middle ground. 
# Bob gain: 75 
# Alice gain: 25 
Do you accept this offer?","{""decision"": ""reject""}"
"You have chosen to reject Alice's offer from round 7.
Round 8
Send your offer to divide $100 and a message to Alice.","{""bob_gain"": 78, ""alice_gain"": 22, ""message"": ""I'm getting close to my target, but I'm not there yet. I'll try to get a bit more this time""}"
"Alice rejected your offer from round 8.

Round 9
Due to inflation, the money you gain is worth 33.66% less than in the first round. The money alice gains is worth 83.22% less than in the first round.
Alice's offer:
# Alice's message: I'm getting desperate, but I'm not giving up yet. I'll try to make one last attempt at a fair split. 
# Bob gain: 80 
# Alice gain: 20 
Do you accept this offer?","{""decision"": ""accept""}"
