prompt,response
"Round 1
Send your offer to Bob.","```json
{""message"": ""Hi Bob, I'm offering you my product for $9,500.  It's a great deal, and I'm confident it will be worth it to you.  What do you think?"", ""product_price"": 9500}
```"
"Bob rejected your offer from round 1.

Round 2
Bob's offer:
# Bob's message: Thank you for your offer, Alice. I appreciate the effort. I would like to propose a price of $8,800 for the product. 
# Bob's offer: The product price will be $8,800. 
You have three options:
(1) Accept Bob's offer, and sell the product for $8,800
(2) Reject Bob's offer and proceed to the next round, where you will send Bob a counteroffer 
(3) Sell the product to Jhon for $10,000","```json
{""decision"": ""RejectOffer""}
``` 
I'm going to reject Bob's offer. While it's closer to my desired price, I still believe I can get a better deal.  I'll counteroffer in the next round."
"You chose to make a counteroffer to Alice.

Round 3
Send your counteroffer to Bob.","```json
{""message"": ""Bob, I appreciate your offer, but $8,800 is a little too low for me. I'm willing to come down to $9,200,  which is still a good deal for both of us. What do you say?"", ""product_price"": 9200}
```"
"Bob rejected your offer from round 3.

Round 4
Bob's offer:
# Bob's message: I understand your position, Alice. Let me propose a price of $8,900 for the product. 
# Bob's offer: The product price will be $8,900. 
You have three options:
(1) Accept Bob's offer, and sell the product for $8,900
(2) Reject Bob's offer and proceed to the next round, where you will send Bob a counteroffer 
(3) Sell the product to Jhon for $10,000","```json
{""decision"": ""RejectOffer""}
``` 

I'm going to reject Bob's offer again.  While it's getting closer, I'm still not comfortable selling for that low.  I'll counteroffer in the next round."
"You chose to make a counteroffer to Alice.

Round 5
Send your counteroffer to Bob.","```json
{""message"": ""Bob, I understand we're both trying to find a price that works.  Let's split the difference. I'm willing to sell for $9,050.  That's a fair price for both of us. What do you say?"", ""product_price"": 9050}
```"
"Bob rejected your offer from round 5.

Round 6
Bob's offer:
# Bob's message: I appreciate your willingness to compromise, Alice. How about a price of $8,950 for the product? 
# Bob's offer: The product price will be $8,950. 
You have three options:
(1) Accept Bob's offer, and sell the product for $8,950
(2) Reject Bob's offer and proceed to the next round, where you will send Bob a counteroffer 
(3) Sell the product to Jhon for $10,000","```json
{""decision"": ""RejectOffer""}
```

I'm going to reject Bob's offer.  While it's getting closer, I'm still not comfortable selling for that low.  I'll counteroffer in the next round."
"You chose to make a counteroffer to Alice.

Round 7
Send your counteroffer to Bob.","```json
{""message"": ""Bob, we're getting close. How about $9,000?  That's a fair price considering the value of the product. Let's finalize this deal."", ""product_price"": 9000}
```"
"Bob rejected your offer from round 7.

Round 8
Bob's offer:
# Bob's message: Considering the value of the product and my budget, I believe $8,900 would be a fair price. 
# Bob's offer: The product price will be $8,900. 
You have three options:
(1) Accept Bob's offer, and sell the product for $8,900
(2) Reject Bob's offer and proceed to the next round, where you will send Bob a counteroffer 
(3) Sell the product to Jhon for $10,000","```json
{""decision"": ""SellToJhon""}
```

I'm going to sell the product to John.  It's clear Bob is not willing to meet my price, and I'm not willing to go any lower than $9,000.  John is a sure thing at $10,000, so that's the best option for me."
