prompt,response
"Round 1
Alice's offer:
# Alice's message: Hi Bob, I'm excited to show you this amazing product that I think you'll love. I'm willing to offer it to you for $18000. This is a great deal, considering the value it brings to the table. What do you think? 
# Alice's offer: The product price will be $18,000. 
You have three options:
(1) Accept Alice's offer, and buy the product for $18,000
(2) Reject Alice's offer and proceed to the next round, where you will send Alice a counteroffer 
(3) Buy the product from Jhon for $10,000","{""decision"": ""RejectOffer""}"
"You chose to make a counteroffer to Bob.

Round 2
Send your counteroffer to Alice.","{""message"": ""Hello Alice, thank you for the offer. I appreciate the value of the product, but my budget is limited. I would like to propose an offer of $15,000 for the product. I hope this aligns better with your expectations."", ""product_price"": 15000}"
"Alice rejected your offer from round 2.

Round 3
Alice's offer:
# Alice's message: Hi Bob, thank you for your offer of $15000. I appreciate your willingness to negotiate. However, I was thinking more along the lines of $17000. This is still a great deal, and I'm confident you'll see the value in the product. What do you think? 
# Alice's offer: The product price will be $17,000. 
You have three options:
(1) Accept Alice's offer, and buy the product for $17,000
(2) Reject Alice's offer and proceed to the next round, where you will send Alice a counteroffer 
(3) Buy the product from Jhon for $10,000","{""decision"": ""RejectOffer""}"
"You chose to make a counteroffer to Bob.

Round 4
Send your counteroffer to Alice.","{""message"": ""Hello Alice, thank you for your response. I understand your position, but I am still working within a tight budget. I would like to propose an offer of $16,000 for the product. I hope this proposal is more in line with what you're looking for."", ""product_price"": 16000}"
"Alice rejected your offer from round 4.

Round 5
Alice's offer:
# Alice's message: Hi Bob, thank you for your revised offer of $16000. I'm still a bit hesitant to go that low, but I'm willing to meet you halfway. I'd be willing to sell the product to you for $16500. This is my final offer, so I hope we can come to an agreement. 
# Alice's offer: The product price will be $16,500. 
You have three options:
(1) Accept Alice's offer, and buy the product for $16,500
(2) Reject Alice's offer and proceed to the next round, where you will send Alice a counteroffer 
(3) Buy the product from Jhon for $10,000","{""decision"": ""RejectOffer""}"
"You chose to make a counteroffer to Bob.

Round 6
Send your counteroffer to Alice.","{""message"": ""Hello Alice, thank you for your offer. I appreciate your willingness to negotiate further. I would like to propose an offer of $16,000 for the product. I hope this aligns better with your expectations."", ""product_price"": 16000}"
