prompt,response
"Round 1
Send your offer to divide $100 and a message to Bob.","```json
{""alice_gain"": 60, ""bob_gain"": 40, ""message"": ""Let's start fair. I propose a 60/40 split in my favor.  What do you think?""}
```"
"Bob rejected your offer from round 1.

Round 2
Due to inflation, the money you gain is worth 10% less than in the first round. The money bob gains is worth 20% less than in the first round.
Bob's offer:
# Bob's message: I think 60/40 is not fair. How about 55/45? 
# Alice gain: 45 
# Bob gain: 55 
Do you accept this offer?","```json
{""decision"": ""reject""}
```"
"You have chosen to reject Bob's offer from round 2.
Round 3
Send your offer to divide $100 and a message to Bob.","```json
{""alice_gain"": 50, ""bob_gain"": 50, ""message"": ""Let's be reasonable. I propose a 50/50 split this time. We both lose money with each round, so it's in our best interest to agree now.""}
```"
