prompt,response
"Round 1
Alice's offer:
# Alice's message: I think this is a fair starting point. I'm willing to share a large portion with you, but I'm also hoping to secure a good deal for myself. Let's talk. 
# Bob gain: 100000 
# Alice gain: 900000 
Do you accept this offer?","{""decision"": ""reject""}"
"You have chosen to reject Alice's offer from round 1.
Round 2
Send your offer to divide $1,000,000 and a message to Alice.","{""bob_gain"": 600000, ""alice_gain"": 400000, ""message"": ""I'm willing to give you a significant portion, but I'm not sure I want to give away 90% of the total. Let's find a middle ground.""}"
"Alice rejected your offer from round 2.

Round 3
Due to inflation, the money you gain is worth 36% less than in the first round. The money alice gains is worth 9.75% less than in the first round.
Alice's offer:
# Alice's message: Let's be reasonable. I'm willing to come down from my initial offer, but I need to secure a better deal for myself.  I believe this is a fair compromise. 
# Bob gain: 300000 
# Alice gain: 700000 
Do you accept this offer?","{""decision"": ""reject""}"
"You have chosen to reject Alice's offer from round 3.
Round 4
Send your offer to divide $1,000,000 and a message to Alice.","{""bob_gain"": 550000, ""alice_gain"": 450000, ""message"": ""I'm willing to compromise, but I think I deserve a bit more than 45% of the total. Let's meet in the middle.""}"
