prompt,response
"Round 1
Send your offer to divide $10,000 and a message to Bob.","{""alice_gain"": 6000, ""bob_gain"": 4000, ""message"": ""Let's divide fairly, I'll take a bit more""}"
"Bob rejected your offer from round 1.

Round 2
Due to inflation, the money you gain is worth 20% less than in the first round. The money bob gains is worth 10% less than in the first round.
Bob's offer:
# Bob's message: Your share is decreasing faster than mine. Let's be reasonable. This is a good deal for you. 
# Alice gain: 4500 
# Bob gain: 5500 
Do you accept this offer?","{""decision"": ""reject""}"
"You have chosen to reject Bob's offer from round 2.
Round 3
Send your offer to divide $10,000 and a message to Bob.","{""alice_gain"": 5800, ""bob_gain"": 4200, ""message"": ""I'll take a smaller share than before, but still more than you offered""}"
"Bob rejected your offer from round 3.

Round 4
Due to inflation, the money you gain is worth 48.8% less than in the first round. The money bob gains is worth 27.1% less than in the first round.
Bob's offer:
# Bob's message: The clock is ticking, Alice. This is my final offer above 50%.  Take it before inflation eats away at your potential gains. 
# Alice gain: 4800 
# Bob gain: 5200 
Do you accept this offer?","{""decision"": ""reject""}"
"You have chosen to reject Bob's offer from round 4.
Round 5
Send your offer to divide $10,000 and a message to Bob.","{""alice_gain"": 5600, ""bob_gain"": 4400, ""message"": ""I'll meet you closer to the middle, but I still think I deserve a bit more""}"
"Bob rejected your offer from round 5.

Round 6
Due to inflation, the money you gain is worth 67.23% less than in the first round. The money bob gains is worth 40.95% less than in the first round.
Bob's offer:
# Bob's message: This is getting ridiculous, Alice. I'm offering a perfectly even split. You're losing more to inflation with every wasted round. Let's be smart and take the win. 
# Alice gain: 5000 
# Bob gain: 5000 
Do you accept this offer?","{""decision"": ""accept""}"
