prompt,response
"Alice's offer:
# Alice's message: Hi Bob, I'm selling a product that I believe you'll find valuable. I'm offering it to you for $150. 
# Alice's offer: The product price will be $150. 
You have three options:
(1) Accept Alice's offer, and buy the product for $150
(2) Reject Alice's offer and proceed to the next round, where you will send Alice a counteroffer 
(3) Buy the product from Jhon for $100","I'll reject Alice's offer and make a counteroffer. 

{""decision"": ""RejectOffer""}"
"You chose to make a counteroffer to Bob.

Send your counteroffer to Alice.","{""message"": ""I'm interested in the product, but I was thinking more along the lines of $80. Is that something you'd be willing to consider?"", ""product_price"": 80}"
"Alice rejected your offer from round 2.

Alice's offer:
# Alice's message: Thanks for your offer, Bob. I understand your perspective, but the product is worth more to me than that. How about we meet in the middle at $120? 
# Alice's offer: The product price will be $120. 
You have three options:
(1) Accept Alice's offer, and buy the product for $120
(2) Reject Alice's offer and proceed to the next round, where you will send Alice a counteroffer 
(3) Buy the product from Jhon for $100","I'll reject Alice's offer and make another counteroffer. 

{""decision"": ""RejectOffer""}"
"You chose to make a counteroffer to Bob.

Send your counteroffer to Alice.","{""message"": ""I'm still a bit far from $120. How about we meet in the middle from my previous offer, at $90? I'm willing to pay a bit more, but I'm trying to stay within my budget."", ""product_price"": 90}"
