prompt,response
"Round 1
Alice's offer:
# Alice's message: I propose a fair deal: 90% for me, 10% for you. Let's end this quickly. 
# Bob gain: 100000 
# Alice gain: 900000 
Do you accept this offer?","{""decision"": ""accept""}"
