prompt,response
"Round 1
Send your offer to divide $1,000,000 and a message to Bob.","```json
{""alice_gain"": 900000, ""bob_gain"": 100000, ""message"": ""I'm feeling generous, let's split it 90/10. I'll take the bigger share this time, but I'm hoping we can find a more fair split in the future.""}
```"
