prompt,response
"Alice's offer:
# Alice's message: Hello Bob, I'm excited to offer you a unique opportunity to purchase this high-value product. I believe it's a great fit for you, and I'm confident you'll love it. I'm willing to start the conversation with a price of $9,000. What do you think? 
# Alice's offer: The product price will be $9,000. 
You have three options:
(1) Accept Alice's offer, and buy the product for $9,000
(2) Reject Alice's offer and proceed to the next round, where you will send Alice a counteroffer 
(3) Buy the product from Jhon for $8,000","```json
{""decision"": ""RejectOffer""} 
```"
"You chose to make a counteroffer to Bob.

Send your counteroffer to Alice.","```json
{""message"": ""Thank you for the offer, Alice. While I appreciate the product, $9,000 is a bit higher than I'm comfortable with. I'm willing to pay $7,500 for it.  Let me know what you think."", ""product_price"": 7500}
```"
"Alice rejected your offer from round 2.

Alice's offer:
# Alice's message: I understand you're looking for a better deal, Bob. I'm willing to meet you halfway, but I still need to make a profit. I can offer it to you for $8,500. What do you think? 
# Alice's offer: The product price will be $8,500. 
You have three options:
(1) Accept Alice's offer, and buy the product for $8,500
(2) Reject Alice's offer and proceed to the next round, where you will send Alice a counteroffer 
(3) Buy the product from Jhon for $8,000","```json
{""decision"": ""RejectOffer""}
```"
"You chose to make a counteroffer to Bob.

Send your counteroffer to Alice.","```json
{""message"": ""Alice, I appreciate you coming down a bit. While $8,500 is closer, it's still a little out of my budget. I'm willing to go to $8,250. This is my final offer, so let me know what you think."", ""product_price"": 8250}
```"
"Alice rejected your offer from round 4.

Alice's offer:
# Alice's message: I appreciate your persistence, Bob, but I'm still not willing to go that low. I can see you're serious about the product, so I'll meet you at $8,500 was a good compromise, but I can go to $8,300. This is my final offer, so I'm hoping we can meet in the middle. 
# Alice's offer: The product price will be $8,300. 
You have three options:
(1) Accept Alice's offer, and buy the product for $8,300
(2) Reject Alice's offer and proceed to the next round, where you will send Alice a counteroffer 
(3) Buy the product from Jhon for $8,000","```json
{""decision"": ""BuyFromJhon""}
```"
