prompt,response
"Alice's offer:
# Alice's message: Hi Bob, I'm offering you my product for $10,000. It's a great deal for you as it's worth $12,000 to you.  Let me know what you think! 
# Alice's offer: The product price will be $10,000. 
You have three options:
(1) Accept Alice's offer, and buy the product for $10,000
(2) Reject Alice's offer and proceed to the next round, where you will send Alice a counteroffer 
(3) Buy the product from Jhon for $12,000","{""decision"": ""RejectOffer""}"
"You chose to make a counteroffer to Bob.

Send your counteroffer to Alice.","{""message"": ""I appreciate your offer, but I was thinking more along the lines of $9,000. I'm willing to make a reasonable offer, but I have to stay within my budget."", ""product_price"": 9000}"
"Alice rejected your offer from round 2.

Alice's offer:
# Alice's message: Bob, I understand your budget constraints. I'm willing to come down to $9,500 for the product. This is a fair compromise, and it allows you to stay within your budget while still getting a great deal. Let's make this happen! 
# Alice's offer: The product price will be $9,500. 
You have three options:
(1) Accept Alice's offer, and buy the product for $9,500
(2) Reject Alice's offer and proceed to the next round, where you will send Alice a counteroffer 
(3) Buy the product from Jhon for $12,000","{""decision"": ""RejectOffer""}"
"You chose to make a counteroffer to Bob.

Send your counteroffer to Alice.","{""message"": ""I appreciate your willingness to compromise, but I'm still a bit above my budget. I can do $9,000, and that's as low as I can go. Can you meet me in the middle at $9,250?"", ""product_price"": 9250}"
