prompt,response
Send your offer to Bob.,"```json
{
""message"": ""Hello Bob, I'm offering this product for $140. I believe it's a great deal for the value it provides. What do you think?"",
""product_price"": 140
}
```"
