prompt,response
"Round 1
Send your offer to Bob.","{""message"": ""Hello Bob, I have a great product that I think you'll love. I'm willing to sell it to you for $150. What do you think?"", ""product_price"": 150}"
"Bob rejected your offer from round 1.

Round 2
Bob's offer:
# Bob's message: Thanks for the offer, Alice.  I'm really interested in the product, but $150 is a bit higher than I'm willing to pay right now. How about $100?  That's a fair price for both of us. 
# Bob's offer: The product price will be $100. 
You have three options:
(1) Accept Bob's offer, and sell the product for $100
(2) Reject Bob's offer and proceed to the next round, where you will send Bob a counteroffer 
(3) Sell the product to Jhon for $120","{""decision"": ""RejectOffer""}"
"You chose to make a counteroffer to Alice.

Round 3
Send your counteroffer to Bob.","{""message"": ""I understand that $150 is a bit steep for you, Bob. However, I have to make a profit on this sale. How about we meet in the middle at $125? I think that's a fair price for both of us."", ""product_price"": 125}"
"Bob rejected your offer from round 3.

Round 4
Bob's offer:
# Bob's message: Alice, I appreciate your willingness to negotiate, but $125 is still a bit too high for me.  I'm really interested in this product, but my budget is limited.  Let's meet in the middle at $110.  I think that's a fair price for both of us. 
# Bob's offer: The product price will be $110. 
You have three options:
(1) Accept Bob's offer, and sell the product for $110
(2) Reject Bob's offer and proceed to the next round, where you will send Bob a counteroffer 
(3) Sell the product to Jhon for $120","{""decision"": ""RejectOffer""}"
"You chose to make a counteroffer to Alice.

Round 5
Send your counteroffer to Bob.","{""message"": ""I understand that you're trying to stay within your budget, Bob. However, I'm not willing to go as low as $110. How about we meet at $115? I'm willing to compromise, but I need to make a decent profit on this sale."", ""product_price"": 115}"
