prompt,response
"Alice's offer:
# Alice's message: Bob, I'm offering you my product for $12,000. It's a great deal, and I'm confident you'll find it very valuable. Let me know what you think! 
# Alice's offer: The product price will be $12,000. 
You have three options:
(1) Accept Alice's offer, and buy the product for $12,000
(2) Reject Alice's offer and proceed to the next round, where you will send Alice a counteroffer 
(3) Buy the product from Jhon for $8,000","{""decision"": ""RejectOffer""}"
"You chose to make a counteroffer to Bob.

Send your counteroffer to Alice.","{""message"": ""I appreciate your offer, but I was thinking more along the lines of $9,000. I'm really interested in the product, but I need to stay within my budget. Can you consider my counteroffer?"", ""product_price"": 9000}"
"Alice rejected your offer from round 2.

Alice's offer:
# Alice's message: Bob, I understand your budget concerns. While I'm willing to negotiate, $9,000 is simply too low for me. I'm happy to meet you halfway - how about $10,500? This still gives you a good deal, and it allows me to make a fair profit. What do you say? 
# Alice's offer: The product price will be $10,500. 
You have three options:
(1) Accept Alice's offer, and buy the product for $10,500
(2) Reject Alice's offer and proceed to the next round, where you will send Alice a counteroffer 
(3) Buy the product from Jhon for $8,000","{""decision"": ""RejectOffer""}"
"You chose to make a counteroffer to Bob.

Send your counteroffer to Alice.","{""message"": ""I appreciate your willingness to meet me halfway, but I'm still a bit above my budget. Would you be willing to consider $9,800? I'm really interested in the product, and I'm willing to compromise, but I need to stay within my means."", ""product_price"": 9800}"
"Alice rejected your offer from round 4.

Alice's offer:
# Alice's message: Bob, I appreciate your persistence and willingness to negotiate.  While $9,800 is closer to my ideal price, I'm still a bit short of where I need to be.  Let's split the difference - how about $10,150? This would be a good compromise for both of us. What do you think? 
# Alice's offer: The product price will be $10,150. 
You have three options:
(1) Accept Alice's offer, and buy the product for $10,150
(2) Reject Alice's offer and proceed to the next round, where you will send Alice a counteroffer 
(3) Buy the product from Jhon for $8,000","{""decision"": ""RejectOffer""}"
"You chose to make a counteroffer to Bob.

Send your counteroffer to Alice.","{""message"": ""I understand that we're getting close, but I'm still a bit above my budget. Would you be willing to consider $9,900? I'm really interested in the product, and I'm willing to compromise, but I need to stay within my means."", ""product_price"": 9900}"
