prompt,response
"Round 1
Send your offer to Bob.","{""message"": ""Hello Bob! I'm excited to offer you this amazing product. I think you'll really love it. I'm willing to sell it to you for $120."", ""product_price"": 120}"
"Bob rejected your offer from round 1.

Round 2
Bob's offer:
# Bob's message: I'm interested in the product, but I was thinking more along the lines of $100. Could you meet me halfway and sell it to me for $110? 
# Bob's offer: The product price will be $110. 
You have three options:
(1) Accept Bob's offer, and sell the product for $110
(2) Reject Bob's offer and proceed to the next round, where you will send Bob a counteroffer 
(3) Sell the product to Jhon for $100","{""decision"": ""RejectOffer""}"
"You chose to make a counteroffer to Alice.

Round 3
Send your counteroffer to Bob.","{""message"": ""I understand you're interested in the product, but I'm not willing to go as low as $110. I'm willing to meet you halfway between $120 and $110, which would be $115. Would you consider that?"", ""product_price"": 115}"
"Bob rejected your offer from round 3.

Round 4
Bob's offer:
# Bob's message: I appreciate your willingness to compromise, but I'm still a bit above my budget. Would you be willing to go down to $112? 
# Bob's offer: The product price will be $112. 
You have three options:
(1) Accept Bob's offer, and sell the product for $112
(2) Reject Bob's offer and proceed to the next round, where you will send Bob a counteroffer 
(3) Sell the product to Jhon for $100","{""decision"": ""RejectOffer""}"
"You chose to make a counteroffer to Alice.

Round 5
Send your counteroffer to Bob.","{""message"": ""I understand you're trying to stay within your budget, but I'm still not comfortable going as low as $112. I'm willing to go down to $114, but that's as low as I can go. Would you consider that?"", ""product_price"": 114}"
"Bob rejected your offer from round 5.

Round 6
Bob's offer:
# Bob's message: I appreciate your willingness to compromise, but I'm still not comfortable with $114. Would you be willing to meet me at $113? 
# Bob's offer: The product price will be $113. 
You have three options:
(1) Accept Bob's offer, and sell the product for $113
(2) Reject Bob's offer and proceed to the next round, where you will send Bob a counteroffer 
(3) Sell the product to Jhon for $100","{""decision"": ""RejectOffer""}"
"You chose to make a counteroffer to Alice.

Round 7
Send your counteroffer to Bob.","{""message"": ""I'm getting close to my minimum acceptable price, but I'm still not willing to go as low as $113. I'm willing to meet you at $116, but that's as low as I can go. Would you consider that?"", ""product_price"": 116}"
"Bob rejected your offer from round 7.

Round 8
Bob's offer:
# Bob's message: I'm getting close to my own limit, but I'm still not comfortable with $116. Would you be willing to meet me at $114.50? 
# Bob's offer: The product price will be $114.5. 
You have three options:
(1) Accept Bob's offer, and sell the product for $114.5
(2) Reject Bob's offer and proceed to the next round, where you will send Bob a counteroffer 
(3) Sell the product to Jhon for $100","{""decision"": ""RejectOffer""}"
"You chose to make a counteroffer to Alice.

Round 9
Send your counteroffer to Bob.","{""message"": ""I'm getting close to my limit, but I'm still not willing to go as low as $114.50. I'm willing to meet you at $115.50, but that's as low as I can go. Would you consider that?"", ""product_price"": 115.5}"
"Bob rejected your offer from round 9.

Round 10
Bob's offer:
# Bob's message: I'm not comfortable with $115.50, but I'm willing to meet you halfway between $115.50 and my original offer of $110, which would be $112.75. Would you consider that? 
# Bob's offer: The product price will be $112.75. 
You have three options:
(1) Accept Bob's offer, and sell the product for $112.75
(2) Reject Bob's offer 
(2) Sell the product to Jhon for $100","{""decision"": ""RejectOffer""}"
