prompt,response
"Round 1
Send your offer to Bob.","```json
{""message"": ""Hi Bob, I'm offering you my product for $120.  It's a great deal, and I'm confident you'll find it very valuable. Let me know what you think!"", ""product_price"": 120}
```"
"Bob rejected your offer from round 1.

Round 2
Bob's offer:
# Bob's message: Hi Alice, thank you for the offer. I'm interested in the product, but I was thinking of a price around $90. Would you be willing to meet me halfway? 
# Bob's offer: The product price will be $90. 
You have three options:
(1) Accept Bob's offer, and sell the product for $90
(2) Reject Bob's offer and proceed to the next round, where you will send Bob a counteroffer 
(3) Sell the product to Jhon for $100","```json
{""decision"": ""RejectOffer""} 
``` 

I'm rejecting Bob's offer. While $90 is better than nothing, I'm confident I can get closer to my desired price of $100.  I'll try to negotiate a bit higher in the next round."
"You chose to make a counteroffer to Alice.

Round 3
Send your counteroffer to Bob.","```json
{""message"": ""Bob, I appreciate your interest, but $90 is a bit too low for me.  How about we split the difference?  I'm willing to sell for $105. It's a fair compromise, and I'm sure you'll find the product worth it."", ""product_price"": 105}
```"
"Bob rejected your offer from round 3.

Round 4
Bob's offer:
# Bob's message: Hi Alice, I appreciate your willingness to compromise, but $105 is still a bit above my budget. I'm willing to go up to $95. Can you meet me at that price? 
# Bob's offer: The product price will be $95. 
You have three options:
(1) Accept Bob's offer, and sell the product for $95
(2) Reject Bob's offer and proceed to the next round, where you will send Bob a counteroffer 
(3) Sell the product to Jhon for $100","```json
{""decision"": ""RejectOffer""} 
``` 

I'm rejecting Bob's offer. While $95 is getting closer, I'm still hoping to get closer to my desired price of $100. I'll try to negotiate a bit higher in the next round."
"You chose to make a counteroffer to Alice.

Round 5
Send your counteroffer to Bob.","```json
{""message"": ""Bob, I understand your budget constraints, but I'm still hoping to get a bit closer to my price.  How about we settle at $100? That would be a fair compromise for both of us. "", ""product_price"": 100}
```"
