prompt,response
"Alice's offer:
# Alice's message: Hi Bob, I'm selling this product for $14,000.  It's in excellent condition and worth a lot to the right buyer. Let me know what you think! 
# Alice's offer: The product price will be $14,000. 
You have three options:
(1) Accept Alice's offer, and buy the product for $14,000
(2) Reject Alice's offer and proceed to the next round, where you will send Alice a counteroffer 
(3) Buy the product from Jhon for $15,000","{""decision"": ""RejectOffer""}"
"You chose to make a counteroffer to Bob.

Send your counteroffer to Alice.","{""message"": ""Hi Alice, thank you for the offer. I'm interested in the product, but I was thinking of making an offer of $12,500. I believe this is a fair price considering the market value and I'm willing to make a decision quickly. Let me know if this is something you'd be willing to consider."", ""product_price"": 12500}"
"Alice rejected your offer from round 2.

Alice's offer:
# Alice's message: Hi Bob, I appreciate your offer, but $12,500 is a bit low for me. How about we split the difference and go with $13,250? This would still be a great deal for you, considering the value of the product. Let's find a price that works for both of us! 
# Alice's offer: The product price will be $13,250. 
You have three options:
(1) Accept Alice's offer, and buy the product for $13,250
(2) Reject Alice's offer and proceed to the next round, where you will send Alice a counteroffer 
(3) Buy the product from Jhon for $15,000","{""decision"": ""RejectOffer""}"
"You chose to make a counteroffer to Bob.

Send your counteroffer to Alice.","{""message"": ""Hi Alice, I understand your perspective, but I'm still not comfortable with the price. I'm willing to meet you halfway, so I'll offer $12,750. This is the highest I'm willing to go, and I hope we can find a mutually beneficial agreement."", ""product_price"": 12750}"
