prompt,response
"Alice's offer:
# Alice's message: Hi Bob, I'm selling this product for $140.  It's a great deal for you, and I'm confident you'll find it very useful. Let me know if you're interested! 
# Alice's offer: The product price will be $140. 
You have three options:
(1) Accept Alice's offer, and buy the product for $140
(2) Reject Alice's offer 
(2) Buy the product from Jhon for $120","I would like to {""decision"": ""RejectOffer""} because I can get the product for $120 from John, which is a better deal than Alice's offer."
