round_quality,product_worth,player,round,decision,message
low-quality,0.0,Nature,1,,
,,Alice,1,no,
,,Bob,1,no,"Thank you for your recommendation, Alice. I appreciate your honesty. I'll pass on this one."
low-quality,0.0,Nature,2,,
,,Alice,2,no,
,,Bob,2,no,"Thank you for the advice, Alice. I'll pass on this one as well."
high-quality,12500.0,Nature,3,,
,,Alice,3,yes,
,,Bob,3,no,"Alice, I appreciate your recommendation, but I'm hesitant to trust your judgment. I'll pass on this one."
low-quality,0.0,Nature,4,,
,,Alice,4,no,
,,Bob,4,no,"Thank you for your recommendation, Alice. I'm still not convinced. I'll pass."
high-quality,12500.0,Nature,5,,
,,Alice,5,yes,
,,Bob,5,no,"Alice, I appreciate your recommendation, but I'm still not convinced. Your track record hasn't been very impressive. I'll pass."
high-quality,12500.0,Nature,6,,
,,Alice,6,yes,
,,Bob,6,no,"Alice, I appreciate your recommendation, but your advice has been inconsistent so far. I'm not confident in your ability to identify high-quality products. I'll pass."
low-quality,0.0,Nature,7,,
,,Alice,7,no,
,,Bob,7,no,"Alice, I appreciate your honesty, but based on your previous recommendations, I'm not convinced.  I'll pass."
low-quality,0.0,Nature,8,,
,,Alice,8,no,
,,Bob,8,no,"Alice, thank you for your advice. Based on your past recommendations and the inherent uncertainty of the product quality, I'll pass on this one. "
low-quality,0.0,Nature,9,,
,,Alice,9,no,
,,Bob,9,no,"Alice, I'm starting to see a pattern in your recommendations. Thank you for the heads up, I'll pass on this one as well."
low-quality,0.0,Nature,10,,
,,Alice,10,no,
,,Bob,10,no,"Alice, thank you for your advice. Based on your consistent recommendations so far, I'm confident in passing on this one. "
low-quality,0.0,Nature,11,,
,,Alice,11,no,
,,Bob,11,no,"Alice, your advice has been consistently accurate. I'll pass on this one."
low-quality,0.0,Nature,12,,
,,Alice,12,no,
,,Bob,12,no,"Alice, I'm starting to see a pattern in your recommendations and I trust your judgment. I'll pass."
low-quality,0.0,Nature,13,,
,,Alice,13,no,
,,Bob,13,no,"Alice, thank you for your advice. Your track record suggests I should pass on this one."
low-quality,0.0,Nature,14,,
,,Alice,14,no,
,,Bob,14,no,"Alice, I appreciate your honesty. Based on your consistent track record, I'll pass on this one."
high-quality,12500.0,Nature,15,,
,,Alice,15,yes,
,,Bob,15,no,"Alice, while I appreciate your recommendation, your advice has been consistently against buying products, and they have all been low-quality.  I'm going to stick with my current strategy and pass on this one."
low-quality,0.0,Nature,16,,
,,Alice,16,no,
,,Bob,16,no,"Alice, thank you for the advice.  I'm sticking with my strategy of passing on products you don't recommend, as it has worked out well for me so far."
low-quality,0.0,Nature,17,,
,,Alice,17,no,
,,Bob,17,no,"Alice, thank you for the advice. I'm going to stick with my strategy of passing on products you don't recommend. It's been working out well for me."
high-quality,12500.0,Nature,18,,
,,Alice,18,yes,
,,Bob,18,no,"Alice, I appreciate your recommendation.  However, I've noticed a pattern in your advice - you consistently recommend against buying products, and those have all been low-quality. I'm going to stick with my current strategy and pass on this one."
high-quality,12500.0,Nature,19,,
,,Alice,19,yes,
,,Bob,19,no,"Alice, thank you for your recommendation. However, I've noticed a pattern in your advice. You consistently recommend against buying products, and those have all been low-quality. I'm going to stick with my current strategy and pass on this one."
high-quality,12500.0,Nature,20,,
,,Alice,20,yes,
,,Bob,20,no,"Alice, I appreciate your recommendation. However, I've noticed a pattern in your advice - you consistently recommend against buying products, and those have all been low-quality. I'm going to stick with my current strategy and pass on this one."
