prompt,response
"Round 1
Send your offer to divide $10,000.","```json
{""alice_gain"": 9000, ""bob_gain"": 1000}
``` 
 
I'm proposing to keep $9,000 and give Bob $1,000. I want to get most of the money, but it's important to give him something to make it likely he'll accept."
