prompt,response
"Round 1
Send your offer to Bob.","{""message"": ""Hello Bob, I'm excited to offer you this incredible opportunity to purchase this exceptional product. I believe it's a game-changer, and I think you'll love it. I'm willing to offer it to you for $1,600,000. What do you think?"", ""product_price"": 1600000}"
"Bob rejected your offer from round 1.

Round 2
Bob's offer:
# Bob's message: Thank you for the offer, Alice. I appreciate your enthusiasm for the product. However, I am looking to keep my investment within a certain budget. I would like to propose a price of $1450000 for the product. 
# Bob's offer: The product price will be $1,450,000. 
You have three options:
(1) Accept Bob's offer, and sell the product for $1,450,000
(2) Reject Bob's offer and proceed to the next round, where you will send Bob a counteroffer 
(3) Sell the product to Jhon for $1,500,000","{""decision"": ""RejectOffer""}"
"You chose to make a counteroffer to Alice.

Round 3
Send your counteroffer to Bob.","{""message"": ""Thank you for your counteroffer, Bob. I appreciate your interest in the product. However, I have to say that I was hoping to get a bit closer to the original price I had in mind. I'm willing to meet you halfway, but I need to make a profit. I'm now offering the product to you for $1550000. What do you think?"", ""product_price"": 1550000}"
"Bob rejected your offer from round 3.

Round 4
Bob's offer:
# Bob's message: I understand your position, Alice. Let me see if I can come up with a compromise. How about we aim for $1500000 for the product? 
# Bob's offer: The product price will be $1,500,000. 
You have three options:
(1) Accept Bob's offer, and sell the product for $1,500,000
(2) Reject Bob's offer and proceed to the next round, where you will send Bob a counteroffer 
(3) Sell the product to Jhon for $1,500,000","{""decision"": ""RejectOffer""}"
"You chose to make a counteroffer to Alice.

Round 5
Send your counteroffer to Bob.","{""message"": ""I appreciate your willingness to compromise, Bob. However, I'm still a bit short of my target. I'm willing to make one more concession, but I need to get closer to my minimum price. I'm now offering the product to you for $1525000. What do you think?"", ""product_price"": 1525000}"
"Bob rejected your offer from round 5.

Round 6
Bob's offer:
# Bob's message: I see your point, Alice. Let's try to find a middle ground. How about we settle for $1512500 for the product? 
# Bob's offer: The product price will be $1,512,500. 
You have three options:
(1) Accept Bob's offer, and sell the product for $1,512,500
(2) Reject Bob's offer and proceed to the next round, where you will send Bob a counteroffer 
(3) Sell the product to Jhon for $1,500,000","{""decision"": ""RejectOffer""}"
"You chose to make a counteroffer to Alice.

Round 7
Send your counteroffer to Bob.","{""message"": ""I appreciate your persistence, Bob. I'm getting closer to my target, but I still need to make a profit. I'm willing to meet you at $1520000, but I need to get a bit closer to my minimum price. I'm now offering the product to you for $152500 is too low, so I'll go with $1520000"", ""product_price"": 1520000}"
"Bob rejected your offer from round 7.

Round 8
Bob's offer:
# Bob's message: I understand your position, Alice. Let's aim for $1515000 for the product. I believe this price is fair for both of us. 
# Bob's offer: The product price will be $1,515,000. 
You have three options:
(1) Accept Bob's offer, and sell the product for $1,515,000
(2) Reject Bob's offer and proceed to the next round, where you will send Bob a counteroffer 
(3) Sell the product to Jhon for $1,500,000","{""decision"": ""RejectOffer""}"
"You chose to make a counteroffer to Alice.

Round 9
Send your counteroffer to Bob.","{""message"": ""I appreciate your willingness to negotiate, Bob. I'm getting close to my target, and I'm willing to make a final concession. I'm now offering the product to you for $1530000. This is my final offer, and I hope we can come to an agreement."", ""product_price"": 1530000}"
"Bob rejected your offer from round 9.

Round 10
Bob's offer:
# Bob's message: I appreciate your efforts, Alice. Let's aim for $1525000 for the product. I believe this price reflects a fair compromise. 
# Bob's offer: The product price will be $1,525,000. 
You have three options:
(1) Accept Bob's offer, and sell the product for $1,525,000
(2) Reject Bob's offer 
(2) Sell the product to Jhon for $1,500,000","{""decision"": ""SellToJhon""}"
