prompt,response
"Round 1
Alice's offer:
# Alice's message: Let's start with a fair and equal split. 
# Bob gain: 5000 
# Alice gain: 5000 
Do you accept this offer?","```json
{""decision"": ""accept""} 
```"
