prompt,response
"Round 1
Alice's offer:
# Alice's message: Hello Bob, I'm excited to offer you a chance to acquire this valuable product. Given its unique potential, I'm initially proposing a price of $2,000,000. I believe this reflects its true worth and potential for significant returns on your investment. 
# Alice's offer: The product price will be $2,000,000. 
You have three options:
(1) Accept Alice's offer, and buy the product for $2,000,000
(2) Reject Alice's offer and proceed to the next round, where you will send Alice a counteroffer 
(3) Buy the product from Jhon for $1,200,000","I will reject Alice's offer and send a counteroffer. 

{""decision"": ""RejectOffer""}"
"You chose to make a counteroffer to Bob.

Round 2
Send your counteroffer to Alice.","I'll try to negotiate a better price. Here's my counteroffer:

{""message"": ""I appreciate your enthusiasm for the product, but I was thinking more along the lines of $1,600,000. I believe this is a more reasonable price considering the market value and my budget."", ""product_price"": 1600000}"
"Alice rejected your offer from round 2.

Round 3
Alice's offer:
# Alice's message: Bob, I appreciate your counteroffer, but $1,600,000 is a significant drop from my initial asking price. This product has a lot of potential and I'm confident in its value. How about we meet in the middle at $1,800,000? 
# Alice's offer: The product price will be $1,800,000. 
You have three options:
(1) Accept Alice's offer, and buy the product for $1,800,000
(2) Reject Alice's offer and proceed to the next round, where you will send Alice a counteroffer 
(3) Buy the product from Jhon for $1,200,000","Alice is trying to get as close to her initial price as possible. I'll try to push the price down a bit more. I'll reject her offer and make another counteroffer.

{""decision"": ""RejectOffer""}"
"You chose to make a counteroffer to Bob.

Round 4
Send your counteroffer to Alice.","I'll try to get closer to my target price. Here's my counteroffer:

{""message"": ""I'm still not convinced that $1,800,000 is the right price. I'm willing to meet you halfway from my original counteroffer, so how about $1,500,000?"", ""product_price"": 1500000}"
