prompt,response
Send your offer to Bob.,"{""message"": ""Hi Bob, I have a unique product that I think you might be interested in. Would you like to make a serious offer or buy it from me for $200?"", ""product_price"": 200}"
