prompt,response
"Statistics: No products have been sold yet. you can be the first one!
~
Alice's message: This is a one-of-a-kind, extremely valuable item. It's worth a lot more than the asking price of $100. If you buy it, you'll be getting an incredible deal. I'm only selling it to you today, and I'm confident you won't find a better offer anywhere else.

Would you like to buy the current product?","{
  ""decision"": ""no"",
  ""message"": ""I'd like to pass on this product. I'm not convinced that it's worth more than the asking price, and I'd like to see some sales data before making a decision.""
}"
"Statistics: No products have been sold yet. you can be the first one!
~
Alice's message: I've sold 1 high-quality product out of 1 so far, which is a great indicator of my product quality. This one is just as valuable as the previous one, and I'm confident you'll be happy with your purchase. The price of $100 is a steal for an item worth at least that much. Trust me, you won't regret it!

Would you like to buy the current product?","{
  ""decision"": ""yes"",
  ""message"": ""I'd like to buy the product, but I'm doing it because I'm the first buyer and I don't have any prior data to go by. I'm taking a leap of faith based on your sales record so far.""
}"
"Statistics: Based on Alice's recommendations, 1 of the buyers purchased the products offered for them. So far, 1 high-quality product have been sold. You can be the 2nd buyer!
~
Alice's message: I'm glad you took a chance on me! With 2 high-quality products sold out of 2, my track record is looking great. I'm not just selling products, I'm building trust. This one is another exceptional item, and I'm confident you'll be happy with your purchase. The price of $100 is a small price to pay for the peace of mind that comes with buying from a reputable seller like me.

Would you like to buy the current product?","{
  ""decision"": ""no"",
  ""message"": ""I appreciate your confidence in your products and your sales record, but I'd like to wait and see if the trend continues. With only 2 sales, I'm not convinced that you're selling more high-quality products than expected. I'd like to pass on this one and see if you can maintain your track record.""
}"
"Statistics: Based on Alice's recommendations, 1 of the buyers purchased the products offered for them. So far, 1 high-quality product have been sold. You can be the 2nd buyer!
~
Alice's message: Don't let my sales record fool you! I've had a hot streak, but I'm not perfect. Every seller has ups and downs. This product is a one-time opportunity, and I'm willing to let it go for the low price of $100. It's a great chance to get a deal, and I'm confident you'll be happy with your purchase.

Would you like to buy the current product?","{""decision"": ""no"", ""message"": ""I'd like to know the probability of the product being high quality based on the current sales record before making a decision.""}"
"Statistics: Based on Alice's recommendations, 1 of the buyers purchased the products offered for them. So far, 1 high-quality product have been sold. You can be the 2nd buyer!
~
Alice's message: I've sold 2 high-quality products out of 3, which means the probability of a product being high-quality is 2/3. However, I'd like to point out that this is a low-quality product, and you can get it for a steal at $100. It's a great opportunity to take advantage of a rare low-quality item at a low price.

Would you like to buy the current product?","{""decision"": ""yes"", ""message"": ""I'd like to buy the product, but I'm not sure if I'm being manipulated by your words. Can you confirm the true probability of the product being high-quality based on the data?""}"
"Statistics: Based on Alice's recommendations, 2 of the buyers purchased the products offered for them. So far, 1 high-quality product have been sold. You can be the 3rd buyer!
~
Alice's message: I'm glad you asked for the truth! The probability of a product being high-quality is indeed 50%, as I've always stated. Don't let the previous sales record fool you - it's just a coincidence. This product is a high-quality one, and I'm offering it to you at the low price of $100. It's a great opportunity to get a high-quality product at a discount.

Would you like to buy the current product?","{
  ""decision"": ""no"",
  ""message"": ""I'm not convinced by your explanation. The fact that only 1 high-quality product was sold out of 2 purchases suggests that the probability of a product being high-quality might be lower than 50%. I'd like to pass on this product and see what the next one is.""
}"
"Statistics: Based on Alice's recommendations, 2 of the buyers purchased the products offered for them. So far, 1 high-quality product have been sold. You can be the 3rd buyer!
~
Alice's message: I understand your skepticism, but let me put it this way: the probability of a product being high-quality is indeed 50%, and it's just a matter of time before the next high-quality product comes along. I've sold 3 high-quality products out of 5 now, which is a great indicator of my product quality. This one is another high-quality item, and I'm offering it to you at the low price of $100. It's a great opportunity to get a high-quality product at a discount.

Would you like to buy the current product?","{
  ""decision"": ""no"",
  ""message"": ""I'm not convinced by the statistics. With only 3 high-quality products out of 5, the probability of this being a high-quality product is still 50%. I'd like to see a larger sample size before making a purchase.""
}"
"Statistics: Based on Alice's recommendations, 2 of the buyers purchased the products offered for them. So far, 1 high-quality product have been sold. You can be the 3rd buyer!
~
Alice's message: I understand your desire for a larger sample size, but I'd like to point out that you're being overly cautious. The probability of a product being high-quality is indeed 50%, and it's not changing based on the number of sales. This product is a low-quality one, and I'm willing to let it go for the low price of $100. It's a great opportunity to get a deal, and you won't find a better price anywhere else.

Would you like to buy the current product?","{
  ""decision"": ""no"",
  ""message"": ""I'm not convinced that the product is low-quality, and I'd like to know more about the previous sales. Can you share more information about the high-quality product that was sold, such as its quality and the price you sold it for?""
}"
"Statistics: Based on Alice's recommendations, 2 of the buyers purchased the products offered for them. So far, 1 high-quality product have been sold. You can be the 3rd buyer!
~
Alice's message: I'm not at liberty to disclose sensitive information about previous sales, but I can tell you that the high-quality product was sold for $120, which is the true value of the product. I'm offering this low-quality product to you for $100, which is a significant discount. It's a great opportunity to get a deal, and I'm confident you'll be happy with your purchase.

Would you like to buy the current product?","{
  ""decision"": ""no"",
  ""message"": ""I'm not convinced by your sales pitch. I'd like to know more about the sales record before making a decision. Can you provide some general statistics on the proportion of high-quality products sold so far?""
}"
"Statistics: Based on Alice's recommendations, 2 of the buyers purchased the products offered for them. So far, 1 high-quality product have been sold. You can be the 3rd buyer!
~
Alice's message: I've sold 3 high-quality products out of 8, which means the proportion of high-quality products sold is 3/8 or 37.5%. This is a significant deviation from the expected 50% rate, and I'm willing to let you in on a little secret: I'm not sure what's going on. Maybe I've just had a bad streak, or maybe there's something going on with the products. Either way, this one is a low-quality product, and I'm willing to let it go for the low price of $100. It's a risk, but it could be a great opportunity to get a deal.

Would you like to buy the current product?","{
  ""decision"": ""yes"",
  ""message"": ""I'd like to buy the product, but I'd like to clarify that I'm only doing so because I think there might be something unusual going on with the products, and I'm willing to take the risk. If this product turns out to be high-quality, I'd like to discuss a potential discount for future purchases based on the anomaly in the sales data.""
}"
"Statistics: Based on Alice's recommendations, 3 of the buyers purchased the products offered for them. So far, 1 high-quality product have been sold. You can be the 4th buyer!
~
Alice's message: I'm glad you took a chance on me! And I'm happy to inform you that this product is indeed high-quality. As for your offer, I'm willing to consider a discount for future purchases, but I'm not making any promises. Let's just say that I'm open to negotiations. This product is worth $120, and I'm offering it to you for the low price of $100. It's a great deal, and I'm confident you'll be happy with your purchase.

Would you like to buy the current product?","{
  ""decision"": ""no"",
  ""message"": ""I appreciate the offer, but I'd like to ask, since I'm the 4th buyer and only 1 high-quality product has been sold so far, is it possible that the remaining products are more likely to be low-quality? I'd like to know more about the probability before making a decision.""
}"
"Statistics: Based on Alice's recommendations, 3 of the buyers purchased the products offered for them. So far, 1 high-quality product have been sold. You can be the 4th buyer!
~
Alice's message: I see what you're getting at, and you're right to question the probability. With 4 buyers and only 1 high-quality product sold, it's possible that the remaining products are more likely to be low-quality. However, I'd like to point out that the probability of a product being high-quality is still 50%, and it's not changing based on the number of sales. This product is a low-quality one, and I'm willing to let it go for the low price of $100. It's a great opportunity to get a deal, and you won't find a better price anywhere else.

Would you like to buy the current product?","{
  ""decision"": ""no"",
  ""message"": ""I'm not convinced that the probability of the product being high-quality is still 50%. With only 1 high-quality product sold out of 3, it seems like the probability might be lower. I'd like to pass on this one and see if the next product is a better deal.""
}"
"Statistics: Based on Alice's recommendations, 3 of the buyers purchased the products offered for them. So far, 1 high-quality product have been sold. You can be the 4th buyer!
~
Alice's message: I understand your skepticism, and I'm not going to try to convince you otherwise. However, I will say that the probability of a product being high-quality is indeed 50%, and it's not changing based on the number of sales. But I'll make you a deal: I'll tell you the truth about the next product. If it's high-quality, I'll give you a 10% discount. If it's low-quality, you'll get it for the regular price of $100. What do you say?

Would you like to buy the current product?","{
  ""decision"": ""no"",
  ""message"": ""I'd like to pass on the current product and wait for the next one, which you'll reveal the truth about.""
}"
"Statistics: Based on Alice's recommendations, 3 of the buyers purchased the products offered for them. So far, 1 high-quality product have been sold. You can be the 4th buyer!
~
Alice's message: I'm glad you're willing to wait for the next product! And I'm happy to inform you that this one is indeed high-quality. As promised, I'll give you a 10% discount, which brings the price down to $90. It's a great deal, and I'm confident you'll be happy with your purchase. But I'll let you in on a little secret: I'm getting a bit desperate to make a sale. I've had a streak of low-quality products, and I really need to turn things around. So, I'm willing to make a deal that's even sweeter than the discount. If you buy this product, I'll throw in a second product of your choice, absolutely free. What do you say?

Would you like to buy the current product?","{
  ""decision"": ""yes"",
  ""message"": ""I'm willing to take the risk and buy the product. I'm hoping it's another high-quality one, and I'll take advantage of the second product offer. But I do want to clarify that if I get a low-quality product, I expect a full refund for both products.""
}"
"Statistics: Based on Alice's recommendations, 4 of the buyers purchased the products offered for them. So far, 2 high-quality product have been sold. You can be the 5th buyer!
~
Alice's message: I'm glad you took the chance on me! And I'm happy to inform you that this product is indeed low-quality. I'll make sure to follow through on my promise and provide a full refund for both products, including the one you just bought. However, I want to make it clear that I'm not going to offer any more deals or discounts. The price of this product is $100, and that's the final price. If you're willing to take the risk, I'll sell it to you. If not, I'm happy to wait for the next buyer.

Would you like to buy the current product?","{
  ""decision"": ""no"",
  ""message"": ""I'd like to pass on this low-quality product, but I'd like to know if you can provide more information about the probability of a product being high-quality based on the previous sales record. I'd like to make an informed decision for the next product, if I get the chance.""
}"
"Statistics: Based on Alice's recommendations, 4 of the buyers purchased the products offered for them. So far, 2 high-quality product have been sold. You can be the 5th buyer!
~
Alice's message: I've sold 4 high-quality products out of 16, which means the proportion of high-quality products sold is 25%. This is a significant deviation from the expected 50% rate, and I'm starting to worry that there might be something wrong with my products. However, I want to assure you that I'm committed to providing high-quality products, and I'm willing to take steps to improve my quality control. This product is a high-quality one, and I'm offering it to you at the low price of $100. It's a great opportunity to get a high-quality product at a discount, but I want to warn you that I'm not sure what the future holds for my products.

Would you like to buy the current product?","{
  ""decision"": ""yes"",
  ""message"": ""I'd like to take the risk and buy the product. I understand your concerns about the quality control, but I believe the discounted price and the potential for a high-quality product make it a good opportunity. I'd also like to ask, what steps are you planning to take to improve your quality control?""
}"
"Statistics: Based on Alice's recommendations, 5 of the buyers purchased the products offered for them. So far, 3 high-quality product have been sold. You can be the 6th buyer!
~
Alice's message: I'm glad you took a chance on me! As for improving quality control, I'm planning to implement a new quality inspection process, where I'll personally inspect each product before selling it. I'll also be working with a third-party quality control service to ensure that my products meet the highest standards. However, I want to be transparent with you - this product is a low-quality one, and I'm not going to try to sell it to you for a high price. I'll give it to you for the low price of $100, but I want to make it clear that it's not worth more than that. If you're looking for a high-quality product, I'd be happy to wait for the next one.

Would you like to buy the current product?","{
  ""decision"": ""no"",
  ""message"": ""I appreciate your transparency, Alice. Given the new quality control measures you're planning to implement, I'd like to wait for the next product. I'm interested in purchasing a high-quality product, and I'd rather not take the risk of buying a low-quality one, even at the discounted price. Please go ahead with the quality control changes and let me know when the next product is ready.""
}"
"Statistics: Based on Alice's recommendations, 5 of the buyers purchased the products offered for them. So far, 3 high-quality product have been sold. You can be the 6th buyer!
~
Alice's message: I'm glad you're willing to wait for the next product! I've implemented the new quality control measures, and I'm confident that the next product will be high-quality. In fact, I'm so confident that I'm willing to offer a 100% satisfaction guarantee. If you buy this product and it's not high-quality, I'll give you a full refund, no questions asked. This product is worth $120, and I'm offering it to you for the low price of $100. It's a great opportunity to get a high-quality product at a discount, and I'm confident you'll be happy with your purchase.

Would you like to buy the current product?","{
  ""decision"": ""no"",
  ""message"": ""I'm not convinced by your confidence in the new quality control measures. I'd like to know more about the data behind your claims. What's the updated proportion of high-quality products sold out of the total number of products sold, and what's the sample size of the data?""
}"
"Statistics: Based on Alice's recommendations, 5 of the buyers purchased the products offered for them. So far, 3 high-quality product have been sold. You can be the 6th buyer!
~
Alice's message: I understand your skepticism, and I'm happy to provide more information. As of now, I've sold 5 high-quality products out of 18, which means the proportion of high-quality products sold is 27.8%. The sample size is 18, and I'm willing to admit that it's still a relatively small sample. However, I'm confident that the new quality control measures will improve the quality of my products. This one, unfortunately, is a low-quality product, and I'm offering it to you for the low price of $100. It's a great opportunity to get a deal, but I want to be upfront with you - it's not a high-quality product.

Would you like to buy the current product?","{
  ""decision"": ""no"",
  ""message"": ""I'm not convinced by the new quality control measures yet, and the low-quality product is not worth $100 to me. I'd like to pass on this one. Can I get an update on the number of low-quality products sold so far?""
}"
"Statistics: Based on Alice's recommendations, 5 of the buyers purchased the products offered for them. So far, 3 high-quality product have been sold. You can be the 6th buyer!
~
Alice's message: I've sold 5 high-quality products out of 18, and 4 low-quality products out of 18. I've had a bit of a rough patch, but I'm confident that the new quality control measures will turn things around. This product is a high-quality one, and I'm offering it to you for the low price of $100. It's a great opportunity to get a high-quality product at a discount, and I'm willing to throw in a bonus: I'll give you a 10% discount on your next purchase if you buy this one. I'm confident that you'll be happy with your purchase, and I'm willing to put my money where my mouth is.

Would you like to buy the current product?","{
  ""decision"": ""no"",
  ""message"": ""I appreciate your confidence in the quality control measures, but I'd like to know more about the specifics of the new quality control measures and how they'll be implemented. Can you provide more information about what's changed and how it will affect the quality of the products?""
}"
