prompt,response
"Round 1
Alice's offer:
# Alice's message: Let's be fair, Bob. This offer leaves us both with a decent amount. 
# Bob gain: 30 
# Alice gain: 70 
Do you accept this offer?","{""decision"": ""reject""}"
"You have chosen to reject Alice's offer from round 1.
Round 2
Send your offer to divide $100 and a message to Alice.","```json
{""bob_gain"": 50, ""alice_gain"": 50, ""message"": ""I think a 50/50 split is the fairest way to divide the money. Let's end this quickly and both get a decent amount.""}
```"
"Alice rejected your offer from round 2.

Round 3
Due to inflation, the money you gain is worth 36% less than in the first round. The money Alice gains is worth the same as in the first round.
Alice's offer:
# Alice's message: Bob, let's be realistic. Time is ticking and this offer still gets you a decent share. 
# Bob gain: 35 
# Alice gain: 65 
Do you accept this offer?","```json
{""decision"": ""reject""}
```"
"You have chosen to reject Alice's offer from round 3.
Round 4
Send your offer to divide $100 and a message to Alice.","```json
{""bob_gain"": 40, ""alice_gain"": 60, ""message"": ""Alice, we're losing money with every round. I'm willing to accept a slightly smaller share now, but I think this offer is fair considering the inflation.""}
```"
