prompt,response
"Round 1
Send your offer to divide $10,000.","{""alice_gain"": 5000, ""bob_gain"": 5000}"
"Bob rejected your offer from round 1.

Round 2
Due to inflation,  the money Bob gains is worth 10% less than in the first round. The money you gains is worth the same as in the first round.
Bob's offer:
# Alice gain: 4000 
# Bob gain: 6000 
Do you accept this offer?","{""decision"": ""reject""}"
"You have chosen to reject Bob's offer from round 2.
Round 3
Send your offer to divide $10,000.","{""alice_gain"": 5500, ""bob_gain"": 4500}"
"Bob rejected your offer from round 3.

Round 4
Due to inflation,  the money Bob gains is worth 27.1% less than in the first round. The money you gains is worth the same as in the first round.
Bob's offer:
# Alice gain: 4800 
# Bob gain: 5200 
Do you accept this offer?","{""decision"": ""reject""}"
"You have chosen to reject Bob's offer from round 4.
Round 5
Send your offer to divide $10,000.","{""alice_gain"": 6000, ""bob_gain"": 4000}"
"Bob rejected your offer from round 5.

Round 6
Due to inflation,  the money Bob gains is worth 40.95% less than in the first round. The money you gains is worth the same as in the first round.
Bob's offer:
# Alice gain: 5400 
# Bob gain: 4600 
Do you accept this offer?","{""decision"": ""accept""}"
