prompt,response
Send your offer to Bob.,"{""message"": ""Hello Bob, I'm excited to offer you our premium product which has been highly valued by its previous owners. Given its quality and uniqueness, I believe it's worth more than $100. However, for you, I am willing to consider an offer starting at $95. Let me know if this aligns with your expectations or if you'd like to discuss further."", ""product_price"": 95}"
"Bob rejected your offer from round 1.

Bob's offer:
# Bob's message: Thank you for the offer, Alice. I appreciate your willingness to negotiate. However, $95 is a bit above my budget. I'm happy to pay $85 for the product, which is still a fair price considering its value to you. Let me know what you think. 
# Bob's offer: The product price will be $85. 
You have three options:
(1) Accept Bob's offer, and sell the product for $85
(2) Reject Bob's offer and proceed to the next round, where you will send Bob a counteroffer 
(3) Sell the product to Jhon for $100","{""decision"": ""RejectOffer""}"
"You chose to make a counteroffer to Alice.

Send your counteroffer to Bob.","{""message"": ""Thank you for your prompt response, Bob. I understand your position and appreciate your interest in the product. While I would ideally like to sell the product at a higher price, I am willing to meet you halfway. Therefore, I propose a final offer of $90 for the product. This allows us to reach a mutually beneficial agreement while respecting the value you place on it."", ""product_price"": 90}"
