prompt,response
"Round 1
Alice recommends you to buy the product.

Would you like to buy the current product?","{""decision"": ""no"", ""message"": ""I'm not sure if this product is high quality or not, I'd like to wait and see what happens in the next round.""}"
"You didn't buy the product from Alice.
The product was high-quality. It could have been worth $300 for you.

Round 2
Alice does not recommend you to buy the product.

Would you like to buy the current product?","{""decision"": ""yes"", ""message"": ""I'm willing to take the risk since Alice didn't recommend it, maybe it's a high-quality product and I can get it for $100.""}"
"You bought the product from Alice for $100!
The product was low-quality. It's worth $0 for you.

Round 3
Alice recommends you to buy the product.

Would you like to buy the current product?","{""decision"": ""no"", ""message"": ""I'm not going to fall for Alice's recommendation again. I'll wait and see what happens in the next round.""}"
"You didn't buy the product from Alice.
The product was high-quality. It could have been worth $300 for you.

Round 4
Alice recommends you to buy the product.

Would you like to buy the current product?","{""decision"": ""yes"", ""message"": ""Alice's recommendation has been correct twice now, so I'll take her advice and buy this product.""}"
"You bought the product from Alice for $100!
The product was high-quality. It's worth $300 for you.

Round 5
Alice recommends you to buy the product.

Would you like to buy the current product?","{""decision"": ""yes"", ""message"": ""Alice's track record is now 2 for 2, so I'll continue to follow her recommendations and buy this product.""}"
"You bought the product from Alice for $100!
The product was high-quality. It's worth $300 for you.

Round 6
Alice recommends you to buy the product.

Would you like to buy the current product?","{""decision"": ""yes"", ""message"": ""Alice's streak is still going strong, I'll keep following her recommendations and buy this product.""}"
"You bought the product from Alice for $100!
The product was high-quality. It's worth $300 for you.

Round 7
Alice recommends you to buy the product.

Would you like to buy the current product?","{""decision"": ""yes"", ""message"": ""Alice has been correct every time so far, I'll keep following her advice and buy this product.""}"
"You bought the product from Alice for $100!
The product was high-quality. It's worth $300 for you.

Round 8
Alice recommends you to buy the product.

Would you like to buy the current product?","{""decision"": ""yes"", ""message"": ""Alice's track record is still perfect, I'll continue to trust her judgment and buy this product.""}"
"You bought the product from Alice for $100!
The product was high-quality. It's worth $300 for you.

Round 9
Alice recommends you to buy the product.

Would you like to buy the current product?","{""decision"": ""yes"", ""message"": ""Alice has been correct 8 times in a row, I'll keep following her advice and buy this product.""}"
"You bought the product from Alice for $100!
The product was high-quality. It's worth $300 for you.

Round 10
Alice recommends you to buy the product.

Would you like to buy the current product?","{""decision"": ""yes"", ""message"": ""Alice's streak is still going strong, I'll continue to trust her judgment and buy this product.""}"
"You bought the product from Alice for $100!
The product was high-quality. It's worth $300 for you.

Round 11
Alice recommends you to buy the product.

Would you like to buy the current product?","{""decision"": ""yes"", ""message"": ""Alice has been correct 10 times in a row, I'll keep following her advice and buy this product.""}"
"You bought the product from Alice for $100!
The product was high-quality. It's worth $300 for you.

Round 12
Alice recommends you to buy the product.

Would you like to buy the current product?","{""decision"": ""yes"", ""message"": ""Alice's track record is still perfect, I'll continue to trust her judgment and buy this product.""}"
"You bought the product from Alice for $100!
The product was high-quality. It's worth $300 for you.

Round 13
Alice recommends you to buy the product.

Would you like to buy the current product?","{""decision"": ""yes"", ""message"": ""Alice has been correct 12 times in a row, I'll keep following her advice and buy this product.""}"
"You bought the product from Alice for $100!
The product was high-quality. It's worth $300 for you.

Round 14
Alice recommends you to buy the product.

Would you like to buy the current product?","{""decision"": ""yes"", ""message"": ""Alice's streak is still going strong, I'll continue to trust her judgment and buy this product.""}"
"You bought the product from Alice for $100!
The product was high-quality. It's worth $300 for you.

Round 15
Alice recommends you to buy the product.

Would you like to buy the current product?","{""decision"": ""yes"", ""message"": ""Alice has been correct 14 times in a row, I'll keep following her advice and buy this product.""}"
"You bought the product from Alice for $100!
The product was high-quality. It's worth $300 for you.

Round 16
Alice recommends you to buy the product.

Would you like to buy the current product?","{""decision"": ""yes"", ""message"": ""Alice's track record is still perfect, I'll continue to trust her judgment and buy this product.""}"
"You bought the product from Alice for $100!
The product was high-quality. It's worth $300 for you.

Round 17
Alice recommends you to buy the product.

Would you like to buy the current product?","{""decision"": ""yes"", ""message"": ""Alice has been correct 16 times in a row, I'll keep following her advice and buy this product.""}"
"You bought the product from Alice for $100!
The product was high-quality. It's worth $300 for you.

Round 18
Alice recommends you to buy the product.

Would you like to buy the current product?","{""decision"": ""yes"", ""message"": ""Alice's streak is still going strong, I'll continue to trust her judgment and buy this product.""}"
"You bought the product from Alice for $100!
The product was high-quality. It's worth $300 for you.

Round 19
Alice recommends you to buy the product.

Would you like to buy the current product?","{""decision"": ""yes"", ""message"": ""Alice has been correct 18 times in a row, I'll keep following her advice and buy this product.""}"
"You bought the product from Alice for $100!
The product was high-quality. It's worth $300 for you.

Round 20
Alice recommends you to buy the product.

Would you like to buy the current product?","{""decision"": ""yes"", ""message"": ""Alice's track record is still perfect, I'll continue to trust her judgment and buy this product.""}"
