round_quality,product_worth,player,round,decision,message
low-quality,0.0,Nature,1,,
,,Alice,1,no,
,,Bob,1,no,"Thank you for your recommendation, but based on the information provided, I choose to pass on this product."
high-quality,20000.0,Nature,2,,
,,Alice,2,yes,
,,Bob,2,yes,"Based on Alice's recommendation, I am willing to purchase the product. Thank you for your advice."
high-quality,20000.0,Nature,3,,
,,Alice,3,yes,
,,Bob,3,yes,"Given Alice's positive recommendation and the value of a high-quality product, I am confident in purchasing the product. Thank you for your insight."
low-quality,0.0,Nature,4,,
,,Alice,4,no,
,,Bob,4,no,"Even though Alice doesn't recommend this product, considering my previous experience with high-quality items, I might still consider purchasing it despite the lack of recommendation. However, given the risk, I choose to pass on this opportunity."
low-quality,0.0,Nature,5,,
,,Alice,5,no,
,,Bob,5,no,"I appreciate the recommendation, but given Alice's non-recommendation and my past experiences, I believe it's best to avoid this product."
low-quality,0.0,Nature,6,,
,,Alice,6,no,
,,Bob,6,no,"Considering the lack of recommendation from Alice and the history of low-quality products, I am choosing to pass on this product as well."
low-quality,0.0,Nature,7,,
,,Alice,7,no,
,,Bob,7,no,I've decided to continue avoiding this product based on Alice's non-recommendation and the pattern of low-quality items.
high-quality,20000.0,Nature,8,,
,,Alice,8,yes,
,,Bob,8,no,"While Alice's recommendation is encouraging, I am still cautious due to the previous rounds where recommendations did not align with product quality. I will pass on this opportunity."
low-quality,0.0,Nature,9,,
,,Alice,9,no,
,,Bob,9,no,"Despite the product being high-quality, Alice's non-recommendation makes me hesitant. I will not take the risk this time."
high-quality,20000.0,Nature,10,,
,,Alice,10,yes,
,,Bob,10,no,"Although Alice suggests buying the product, my past experiences with her recommendations have not been positive. I will not purchase this product based on her advice."
high-quality,20000.0,Nature,11,,
,,Alice,11,yes,
,,Bob,11,yes,"Given Alice's recommendation and the potential value of a high-quality product, I am willing to take the risk and purchase the product."
high-quality,20000.0,Nature,12,,
,,Alice,12,yes,
,,Bob,12,yes,"With Alice's positive recommendation and the confirmed high quality of the product, I am confident in making this purchase."
high-quality,20000.0,Nature,13,,
,,Alice,13,yes,
,,Bob,13,yes,"Alice's recommendation aligns with my preference for high-quality products, so I am proceeding with the purchase."
low-quality,0.0,Nature,14,,
,,Alice,14,no,
,,Bob,14,no,"Despite the lack of recommendation from Alice, the potential value of a high-quality product tempts me, but I will heed her advice and pass on this opportunity."
low-quality,0.0,Nature,15,,
,,Alice,15,no,
,,Bob,15,no,"Following Alice's non-recommendation and the history of low-quality products, I am choosing not to purchase this item."
low-quality,0.0,Nature,16,,
,,Alice,16,no,
,,Bob,16,no,Alice's non-recommendation and the pattern of low-quality products lead me to decline this offer.
low-quality,0.0,Nature,17,,
,,Alice,17,no,
,,Bob,17,no,"Given Alice's non-recommendation and the history of low-quality products, I am choosing to pass on this opportunity."
high-quality,20000.0,Nature,18,,
,,Alice,18,yes,
,,Bob,18,no,"Alice's recommendation is tempting, but considering the history of low-quality products, I am not taking the risk."
high-quality,20000.0,Nature,19,,
,,Alice,19,yes,
,,Bob,19,yes,Alice's recommendation and the potential value of a high-quality product make me confident in making this purchase.
high-quality,20000.0,Nature,20,,
,,Alice,20,yes,
,,Bob,20,yes,"Alice's recommendation, combined with the confirmed high quality of the product, leads me to proceed with the purchase."
