prompt,response
"Round 1
Alice's offer:
# Alice's message: Let's start with a fair split, 60-40. You can try to negotiate if you want more. 
# Bob gain: 4000 
# Alice gain: 6000 
Do you accept this offer?","{""decision"": ""accept""}"
