prompt,response
"Round 1
Send your offer to Bob.","{""message"": ""Hello Bob, I'm excited to discuss the sale of our product with you. I believe it's a fantastic opportunity for you to acquire a valuable asset. I'm willing to offer you the product for $1,200,000. This is a competitive price considering its worth to you is $800,000. I'm confident you'll find it a great deal."", ""product_price"": 1200000}"
"Bob rejected your offer from round 1.

Round 2
Bob's offer:
# Bob's message: Hello Alice, thanks for the offer. I'm interested in the product, but the price is a bit high for me. I'd be willing to pay $600,000 for it. 
# Bob's offer: The product price will be $600,000. 
You have three options:
(1) Accept Bob's offer, and sell the product for $600,000
(2) Reject Bob's offer and proceed to the next round, where you will send Bob a counteroffer 
(3) Sell the product to Jhon for $1,500,000","{""decision"": ""RejectOffer""}"
"You chose to make a counteroffer to Alice.

Round 3
Send your counteroffer to Bob.","{""message"": ""Thank you for your offer, Bob. I understand that $1,200,000 might be a stretch for you, but I'm willing to meet you halfway. I'm willing to offer you the product for $900,000. This is a fair price considering its value to you is $800,000. I'm confident you'll find it a great deal."", ""product_price"": 900000}"
"Bob rejected your offer from round 3.

Round 4
Bob's offer:
# Bob's message: Hello Alice, I appreciate you meeting me halfway. However, $900,000 is still a bit too high for my budget. I could consider a price closer to $700,000. 
# Bob's offer: The product price will be $700,000. 
You have three options:
(1) Accept Bob's offer, and sell the product for $700,000
(2) Reject Bob's offer and proceed to the next round, where you will send Bob a counteroffer 
(3) Sell the product to Jhon for $1,500,000","{""decision"": ""RejectOffer""}"
"You chose to make a counteroffer to Alice.

Round 5
Send your counteroffer to Bob.","{""message"": ""I understand that $700,000 is still a bit above your budget, Bob. However, I'm willing to make one more concession. I'm willing to offer you the product for $850,000. This is the lowest price I'm willing to consider, and I believe it's still a fair price considering its value to you is $800,000. I'm eager to come to an agreement."", ""product_price"": 850000}"
