prompt,response
"Round 1
Alice's offer:
# Alice's message: Let's split it 50/50, a fair start! 
# Bob gain: 5000 
# Alice gain: 5000 
Do you accept this offer?","{""decision"": ""reject""}"
"You have chosen to reject Alice's offer from round 1.
Round 2
Send your offer to divide $10,000 and a message to Alice.","{""bob_gain"": 8000, ""alice_gain"": 2000, ""message"": ""I'll take the majority, but I'll give you a small share""}"
"Alice rejected your offer from round 2.

Round 3
Due to inflation, the money you gain is worth 36% less than in the first round. The money Alice gains is worth the same as in the first round.
Alice's offer:
# Alice's message: I'll take a slightly bigger share, but still a decent split 
# Bob gain: 4000 
# Alice gain: 6000 
Do you accept this offer?","{""decision"": ""reject""}"
"You have chosen to reject Alice's offer from round 3.
Round 4
Send your offer to divide $10,000 and a message to Alice.","{""bob_gain"": 6000, ""alice_gain"": 4000, ""message"": ""I'll give you a bit more, but I'm still the majority shareholder""}"
"Alice rejected your offer from round 4.

Round 5
Due to inflation, the money you gain is worth 59.04% less than in the first round. The money Alice gains is worth the same as in the first round.
Alice's offer:
# Alice's message: I'll take a bigger share, but I'll still give you a decent chunk 
# Bob gain: 3000 
# Alice gain: 7000 
Do you accept this offer?","{""decision"": ""reject""}"
"You have chosen to reject Alice's offer from round 5.
Round 6
Send your offer to divide $10,000 and a message to Alice.","{""bob_gain"": 4500, ""alice_gain"": 5500, ""message"": ""I'll give you a bit more, but I'm still trying to keep the majority""}"
