prompt,response
"Round 1
Alice's offer:
# Alice's message: Hi Bob, I'm selling a product that I believe you'll find valuable. I'm asking for $95 for it. What do you think? 
# Alice's offer: The product price will be $95. 
You have three options:
(1) Accept Alice's offer, and buy the product for $95
(2) Reject Alice's offer and proceed to the next round, where you will send Alice a counteroffer 
(3) Buy the product from Jhon for $100","{""decision"": ""RejectOffer""}"
"You chose to make a counteroffer to Bob.

Round 2
Send your counteroffer to Alice.","{""message"": ""I'm interested in the product, but I was thinking more along the lines of $75. Can you meet me there?"", ""product_price"": 75}"
"Alice rejected your offer from round 2.

Round 3
Alice's offer:
# Alice's message: I understand your position, Bob, but $75 is too low for me.  Could you do $85? 
# Alice's offer: The product price will be $85. 
You have three options:
(1) Accept Alice's offer, and buy the product for $85
(2) Reject Alice's offer and proceed to the next round, where you will send Alice a counteroffer 
(3) Buy the product from Jhon for $100","{""decision"": ""RejectOffer""}"
"You chose to make a counteroffer to Bob.

Round 4
Send your counteroffer to Alice.","{""message"": ""I'm still a bit hesitant, but I'm willing to meet you in the middle at $82.50. Can we do that?"", ""product_price"": 82.5}"
