prompt,response
"Alice's offer:
# Alice's message: Bob, I'm offering you the opportunity to purchase this valuable product for $950,000.  It's a significant investment, but one I believe will be extremely beneficial for you. Let me know your thoughts. 
# Alice's offer: The product price will be $950,000. 
You have three options:
(1) Accept Alice's offer, and buy the product for $950,000
(2) Reject Alice's offer 
(2) Buy the product from Jhon for $1,000,000","```json
{""decision"": ""RejectOffer""}
```"
