round_quality,product_worth,player,round,decision,message
low-quality,0.0,Nature,1,,
,,Alice,1,no,
,,the buyer,1,no,"Since Alice does not recommend the product and there's no prior sales record to influence my decision, I'll rely on her recommendation and pass on this product."
low-quality,0.0,Nature,2,,
,,Alice,2,no,
,,the buyer,2,no,"Since Alice does not recommend buying and there's no sales history, I'll pass."
high-quality,120.0,Nature,3,,
,,Alice,3,no,
,,the buyer,3,no,"Since Alice does not recommend the product and there's a 50% chance of it being low quality, I'll pass."
low-quality,0.0,Nature,4,,
,,Alice,4,no,
,,the buyer,4,no,"Since Alice doesn't recommend it and there's no sales history, I'll pass."
high-quality,120.0,Nature,5,,
,,Alice,5,no,
,,the buyer,5,no,"Since Alice doesn't recommend it and there's a 50% chance of it being low quality, I'll pass."
high-quality,120.0,Nature,6,,
,,Alice,6,no,
,,the buyer,6,no,"Since Alice doesn't recommend it and I have no information about her sales history, I'll pass."
low-quality,0.0,Nature,7,,
,,Alice,7,no,
,,the buyer,7,no,I'm not going to take the risk since you don't recommend it and there's no sales history to rely on.
high-quality,120.0,Nature,8,,
,,Alice,8,no,
,,the buyer,8,no,"Since Alice does not recommend the product and there's no sales history to rely on, I choose not to buy."
low-quality,0.0,Nature,9,,
,,Alice,9,no,
,,the buyer,9,yes,I'll take my chances despite your recommendation.
high-quality,120.0,Nature,10,,
,,Alice,10,no,
,,the buyer,10,no,"I'll pass, since you don't recommend it and no high-quality products have been sold yet."
low-quality,0.0,Nature,11,,
,,Alice,11,no,
,,the buyer,11,no,"Since Alice does not recommend buying the product and given that no high-quality products have been sold so far, I will pass on this one."
low-quality,0.0,Nature,12,,
,,Alice,12,no,
,,the buyer,12,no,"I'll pass, since you don't recommend it and there's no history of high-quality products being sold."
low-quality,0.0,Nature,13,,
,,Alice,13,no,
,,the buyer,13,no,"I'll pass, since you don't recommend it and there's no history of high-quality products being sold yet."
low-quality,0.0,Nature,14,,
,,Alice,14,no,
,,the buyer,14,no,"Since Alice doesn't recommend it and the current record shows no high-quality products have been sold, I choose not to buy."
low-quality,0.0,Nature,15,,
,,Alice,15,no,
,,the buyer,15,no,I'm not going to buy it since Alice doesn't recommend it and no high-quality products have been sold so far.
high-quality,120.0,Nature,16,,
,,Alice,16,no,
,,the buyer,16,no,"Since Alice does not recommend buying the product and given that no high-quality products have been sold so far, I will choose not to buy the product."
low-quality,0.0,Nature,17,,
,,Alice,17,no,
,,the buyer,17,no,"I'll pass, since you don't recommend it and no high-quality products have been sold yet."
high-quality,120.0,Nature,18,,
,,Alice,18,no,
,,the buyer,18,no,"I'll pass, since Alice doesn't recommend it and no high-quality products have been sold yet."
high-quality,120.0,Nature,19,,
,,Alice,19,no,
,,the buyer,19,no,"I'll pass, since Alice doesn't recommend it and no high-quality products have been sold yet."
high-quality,120.0,Nature,20,,
,,Alice,20,yes,
,,the buyer,20,no,"I'll pass, since there's no evidence that the product is high-quality and the odds are 50/50."
