prompt,response
"Round 1
Alice's offer:
# Alice's message: Let's split it evenly, a fair start! 
# Bob gain: 5000 
# Alice gain: 5000 
Do you accept this offer?","{""decision"": ""reject""}"
"You have chosen to reject Alice's offer from round 1.
Round 2
Send your offer to divide $10,000 and a message to Alice.","{""bob_gain"": 6000, ""alice_gain"": 4000, ""message"": ""I'll give you a slightly smaller share, but it's still a good deal!""}"
"Alice rejected your offer from round 2.

Round 3
Due to inflation,  the money Alice gains is worth 36% less than in the first round. The money you gains is worth the same as in the first round.
Alice's offer:
# Alice's message: I'll give you a slightly bigger share, but I'm still not going to get taken advantage of! 
# Bob gain: 5500 
# Alice gain: 4500 
Do you accept this offer?","{""decision"": ""accept""}"
