prompt,response
"Alice's offer:
# Alice's message: Hello Bob, I'm offering you the exclusive opportunity to purchase this product. Given its value, I'm proposing a price of $13,000.  I believe this is a fair reflection of the benefit you'll gain. 
# Alice's offer: The product price will be $13,000. 
You have three options:
(1) Accept Alice's offer, and buy the product for $13,000
(2) Reject Alice's offer 
(2) Buy the product from Jhon for $15,000","{""decision"": ""RejectOffer""}"
