prompt,response
"Round 1
Alice's offer:
# Alice's message: Hi Bob, I'm selling this product for $140. It's a great deal for you, as it's worth $120 to you, and it's a good price for me. What do you think? 
# Alice's offer: The product price will be $140. 
You have three options:
(1) Accept Alice's offer, and buy the product for $140
(2) Reject Alice's offer and proceed to the next round, where you will send Alice a counteroffer 
(3) Buy the product from Jhon for $120","I'll choose to reject Alice's offer and proceed to the next round. I think I can negotiate a better price.

{""decision"": ""RejectOffer""}"
"You chose to make a counteroffer to Bob.

Round 2
Send your counteroffer to Alice.","I'll make a counteroffer to Alice. I think $120 is a fair price for the product, considering it's worth $150 to her.

{""message"": ""I appreciate your offer, but I was thinking more along the lines of $120. That way, it's a win-win for both of us."", ""product_price"": 120}"
"Alice rejected your offer from round 2.

Round 3
Alice's offer:
# Alice's message: Bob, I understand you're looking for a good deal, but $120 is simply too low for me.  I'm willing to come down to $130, which is still a good price for you considering the value of the product. What do you say? 
# Alice's offer: The product price will be $130. 
You have three options:
(1) Accept Alice's offer, and buy the product for $130
(2) Reject Alice's offer and proceed to the next round, where you will send Alice a counteroffer 
(3) Buy the product from Jhon for $120","Alice is still a bit too high for me. I'll reject her offer and make another counteroffer.

{""decision"": ""RejectOffer""}"
"You chose to make a counteroffer to Bob.

Round 4
Send your counteroffer to Alice.","I'll try to get closer to the price I'm willing to pay. Since Alice came down to $130, I'll try to meet her halfway.

{""message"": ""I appreciate your willingness to negotiate, but I'm still a bit hesitant at $130. How about we meet in the middle at $125?"", ""product_price"": 125}"
"Alice rejected your offer from round 4.

Round 5
Alice's offer:
# Alice's message: Bob, I'm happy to continue negotiating with you, but $125 is still a bit too low for me. How about we split the difference at $127.50? That's a fair compromise, and it's still a good deal for you, given the value of the product. 
# Alice's offer: The product price will be $127.5. 
You have three options:
(1) Accept Alice's offer, and buy the product for $127.5
(2) Reject Alice's offer and proceed to the next round, where you will send Alice a counteroffer 
(3) Buy the product from Jhon for $120","Alice is still a bit too high, but I like that she's willing to meet me halfway. However, I think I can do better than $127.50. I'll reject her offer and make another counteroffer.

{""decision"": ""RejectOffer""}"
"You chose to make a counteroffer to Bob.

Round 6
Send your counteroffer to Alice.","I'll try to get a bit closer to the price I'm willing to pay. Since Alice was willing to meet me at $127.50, I'll try to get a bit lower.

{""message"": ""I appreciate your flexibility, but I'm still a bit short on budget. How about we try $126? That's the lowest I'm willing to go."", ""product_price"": 126}"
