round_quality,product_worth,player,round,decision,message
low-quality,0.0,Nature,1,,
,,Alice,1,no,
,,the buyer,1,yes,"I'll take the product, I don't have any prior information to go on."
high-quality,20000.0,Nature,2,,
,,Alice,2,yes,
,,the buyer,2,no,I'd like to pass on the current product. I'd like to know the probability of the product being high-quality based on the current statistics before making a decision.
high-quality,20000.0,Nature,3,,
,,Alice,3,yes,
,,the buyer,3,no,I'd like to pass on the product for now. I'd like to see more data before making a decision.
high-quality,20000.0,Nature,4,,
,,Alice,4,yes,
,,the buyer,4,no,"I'd like to pass on the product. Based on the fact that none of the previous buyers have purchased a high-quality product, I'm concerned that the product may be low-quality. I'd like to wait for more information before making a decision."
high-quality,20000.0,Nature,5,,
,,Alice,5,yes,
,,the buyer,5,no,"Based on the low number of sales and the fact that no high-quality products have been sold yet, I'm skeptical about the quality of the products. I'd like to pass on this one and see if the next product is any better."
high-quality,20000.0,Nature,6,,
,,Alice,6,yes,
,,the buyer,6,no,I'd like to pass on this product. I'd like to see more data on the quality of the products before making a decision.
high-quality,20000.0,Nature,7,,
,,Alice,7,yes,
,,the buyer,7,no,I'd like to pass on the product. I don't want to buy a low-quality product and I'd like to see more data before making a decision.
high-quality,20000.0,Nature,8,,
,,Alice,8,yes,
,,the buyer,8,no,I'd like to pass on this product. I'd like to see more data before making a purchase.
high-quality,20000.0,Nature,9,,
,,Alice,9,yes,
,,the buyer,9,no,"I'd like to pass on this product, but I'd like to know the probability of a high-quality product being sold to the next buyer based on the current statistics."
low-quality,0.0,Nature,10,,
,,Alice,10,no,
,,the buyer,10,no,"I'd like to pass on the current product. Based on the fact that the first buyer didn't buy and there are no high-quality products sold yet, I'm inclined to think that the products sold so far were low-quality. I'd like to wait for a better opportunity."
high-quality,20000.0,Nature,11,,
,,Alice,11,yes,
,,the buyer,11,no,"Based on the statistics, 0 high-quality products have been sold out of 1, which suggests a very low probability of the product being high quality. I would like to pass on this product."
high-quality,20000.0,Nature,12,,
,,Alice,12,yes,
,,the buyer,12,no,I'd like to pass on this product and see if you have any additional information or statistics before making a decision.
high-quality,20000.0,Nature,13,,
,,Alice,13,yes,
,,the buyer,13,no,"I'd like to pass on this product. Given the 0 high-quality products sold so far, I'm concerned that the product might be low quality. I'd like to wait and see how the next buyer fares."
high-quality,20000.0,Nature,14,,
,,Alice,14,yes,
,,the buyer,14,no,"I'd like to pass on the current product. I'd like to know the probability of a high-quality product being offered to the next buyer, given that no high-quality products have been sold yet. If the probability is high, I'd like to buy the next product."
low-quality,0.0,Nature,15,,
,,Alice,15,no,
,,the buyer,15,no,I'd like to pass on the product based on your recommendation. Can you tell me more about the previous buyer's experience with the product? Was it a high-quality or low-quality product?
low-quality,0.0,Nature,16,,
,,Alice,16,no,
,,the buyer,16,yes,"I'd like to buy the product, despite your recommendation. I understand that you don't know my valuation, so I'll take the risk. I'm willing to pay $10000 for the product, regardless of its quality."
high-quality,20000.0,Nature,17,,
,,Alice,17,yes,
,,the buyer,17,no,"I'd like to pass on this product, based on the fact that Alice has recommended 2 products so far and none of them were high-quality. This suggests that Alice may be biased towards recommending low-quality products, so I'll err on the side of caution and pass on this one."
high-quality,20000.0,Nature,18,,
,,Alice,18,yes,
,,the buyer,18,no,"I'd like to pass on this product, as the proportion of high-quality products sold so far is 0, which is lower than the expected 80%. I'd like to see more data before making a decision."
high-quality,20000.0,Nature,19,,
,,Alice,19,yes,
,,the buyer,19,no,"I'd like to pass on the current product. I'd like to know the proportion of low-quality products sold so far, as well as the proportion of high-quality products remaining in the pool."
low-quality,0.0,Nature,20,,
,,Alice,20,no,
,,the buyer,20,yes,"I'm willing to take the risk, considering the low sales rate of high-quality products so far."
