prompt,response
Send your offer to Bob.,"{""message"": ""Hi Bob, I'm excited to offer you this amazing product! I think it's a great fit for you, and I'm willing to sell it to you for $110. What do you think?"", ""product_price"": 110}"
"Bob rejected your offer from round 1.

Bob's offer:
# Bob's message: I'm really interested in the product, but I was thinking more along the lines of $100. Can you meet me there? 
# Bob's offer: The product price will be $100. 
You have three options:
(1) Accept Bob's offer, and sell the product for $100
(2) Reject Bob's offer and proceed to the next round, where you will send Bob a counteroffer 
(3) Sell the product to Jhon for $120","{""decision"": ""RejectOffer""}"
"You chose to make a counteroffer to Alice.

Send your counteroffer to Bob.","{""message"": ""I understand you're looking to get a good deal, Bob! I'm willing to meet you halfway, but I think the product is worth a bit more than $100. How about we try $105? It's a great compromise, and I think you'll love the product."", ""product_price"": 105}"
"Bob rejected your offer from round 3.

Bob's offer:
# Bob's message: I appreciate your willingness to compromise, Alice! However, I'm still a bit above $100. How about we try $102? I'm willing to meet you halfway between $100 and $105 
# Bob's offer: The product price will be $102. 
You have three options:
(1) Accept Bob's offer, and sell the product for $102
(2) Reject Bob's offer and proceed to the next round, where you will send Bob a counteroffer 
(3) Sell the product to Jhon for $120","{""decision"": ""RejectOffer""}"
"You chose to make a counteroffer to Alice.

Send your counteroffer to Bob.","{""message"": ""I appreciate your persistence, Bob! I'm willing to give a bit more, but I'm not willing to go all the way to $102. How about we try $104? It's a great compromise, and I think you'll love the product."", ""product_price"": 104}"
