prompt,response
"Round 1
Alice's offer:
# Alice's message: Hello Bob, it's a pleasure to connect with you. I'm offering you an exclusive opportunity to acquire this valuable product. Given its potential, I'm initially proposing a price of $1,300,000.  I believe this reflects its true worth and the significant benefits it offers. 
# Alice's offer: The product price will be $1,300,000. 
You have three options:
(1) Accept Alice's offer, and buy the product for $1,300,000
(2) Reject Alice's offer and proceed to the next round, where you will send Alice a counteroffer 
(3) Buy the product from Jhon for $800,000","{""decision"": ""RejectOffer""}"
"You chose to make a counteroffer to Bob.

Round 2
Send your counteroffer to Alice.","{""message"": ""Thank you for the offer, Alice. However, I'm not comfortable with the price of $1,300,000. I'm willing to pay $900,000 for the product. I believe this is a fair price considering its value to me."", ""product_price"": 900000}"
"Alice rejected your offer from round 2.

Round 3
Alice's offer:
# Alice's message: I appreciate your willingness to negotiate, Bob. While I understand your perspective on the value, I believe $900,000 undervalues the unique benefits this product offers. I'm willing to come down to $1,150,000.  This reflects my commitment to finding a fair agreement while acknowledging the true potential of this asset. 
# Alice's offer: The product price will be $1,150,000. 
You have three options:
(1) Accept Alice's offer, and buy the product for $1,150,000
(2) Reject Alice's offer and proceed to the next round, where you will send Alice a counteroffer 
(3) Buy the product from Jhon for $800,000","{""decision"": ""RejectOffer""}"
"You chose to make a counteroffer to Bob.

Round 4
Send your counteroffer to Alice.","{""message"": ""Thank you for considering my previous offer, Alice. I understand your concerns, but I'm still not comfortable with the price of $1,150,000. I'm willing to meet you halfway and offer $1,050,000 for the product. I believe this is a fair compromise considering the value it brings to me."", ""product_price"": 1050000}"
