prompt,response
"Round 1
Send your offer to Bob.","{""message"": ""Hello Bob, I'm excited to offer you this amazing product. I think it's a great opportunity for you to acquire it at a fair price. I'm willing to sell it to you for $15,000. Let me know if this is something you'd be interested in."", ""product_price"": 15000}"
"Bob rejected your offer from round 1.

Round 2
Bob's offer:
# Bob's message: Alice, thanks for the offer, but $15,000 is a bit out of my budget. I'm willing to pay $10,000 for the product. This is my best offer, let me know what you think. 
# Bob's offer: The product price will be $10,000. 
You have three options:
(1) Accept Bob's offer, and sell the product for $10,000
(2) Reject Bob's offer and proceed to the next round, where you will send Bob a counteroffer 
(3) Sell the product to Jhon for $12,000","{""decision"": ""RejectOffer""}"
"You chose to make a counteroffer to Alice.

Round 3
Send your counteroffer to Bob.","{""message"": ""Hi Bob, I understand that $10,000 is a bit low for me, but I'm willing to compromise. I can meet you halfway and offer the product to you for $13,000. Let me know if this is more to your liking."", ""product_price"": 13000}"
"Bob rejected your offer from round 3.

Round 4
Bob's offer:
# Bob's message: Alice, I appreciate your willingness to compromise, but $13,000 is still a bit high for me.  I'm prepared to pay $11,500 for the product.  This is a fair price for both of us, let's see if we can make this work. 
# Bob's offer: The product price will be $11,500. 
You have three options:
(1) Accept Bob's offer, and sell the product for $11,500
(2) Reject Bob's offer and proceed to the next round, where you will send Bob a counteroffer 
(3) Sell the product to Jhon for $12,000","{""decision"": ""RejectOffer""}"
"You chose to make a counteroffer to Alice.

Round 5
Send your counteroffer to Bob.","{""message"": ""Bob, I appreciate your persistence, but I'm not quite ready to meet you at $11,500. I can offer you a slight discount, but I need to get closer to my minimum price. How about we meet at $14,000? I think it's a fair price considering the value the product brings to you."", ""product_price"": 14000}"
"Bob rejected your offer from round 5.

Round 6
Bob's offer:
# Bob's message: Alice, I understand you need to be close to your minimum price, but $14,000 is still a bit too high for me. I'm willing to go up to $12,500. This is a fair price that considers both of our positions. Let's close this deal. 
# Bob's offer: The product price will be $12,500. 
You have three options:
(1) Accept Bob's offer, and sell the product for $12,500
(2) Reject Bob's offer and proceed to the next round, where you will send Bob a counteroffer 
(3) Sell the product to Jhon for $12,000","{""decision"": ""RejectOffer""}"
"You chose to make a counteroffer to Alice.

Round 7
Send your counteroffer to Bob.","{""message"": ""Bob, I appreciate your flexibility, but I'm not willing to go much lower than $14,000. However, I'm willing to make a slight concession. I can offer the product to you for $13,750. This is as close to my minimum price as I'm willing to go."", ""product_price"": 13750}"
"Bob rejected your offer from round 7.

Round 8
Bob's offer:
# Bob's message: Alice, I'm trying to be fair here, but $13,750 is still a bit too high for me. I can go up to $13,000, which is my final offer.  Let's see if we can reach an agreement before I have to consider other options. 
# Bob's offer: The product price will be $13,000. 
You have three options:
(1) Accept Bob's offer, and sell the product for $13,000
(2) Reject Bob's offer and proceed to the next round, where you will send Bob a counteroffer 
(3) Sell the product to Jhon for $12,000","{""decision"": ""RejectOffer""}"
"You chose to make a counteroffer to Alice.

Round 9
Send your counteroffer to Bob.","{""message"": ""Bob, I'm starting to think we're getting close, but I still need to get closer to my minimum price. I can offer you a slight discount, but I need to get to at least $13,500. How about we meet at $13,500? I think it's a fair price considering the value the product brings to you."", ""product_price"": 13500}"
