prompt,response
"Round 1
Alice's offer:
# Alice's message: Hello Bob, I'm excited to offer you this amazing product. It's a great opportunity to get it at a special price. Would you like to buy it from me for $120? 
# Alice's offer: The product price will be $120. 
You have three options:
(1) Accept Alice's offer, and buy the product for $120
(2) Reject Alice's offer and proceed to the next round, where you will send Alice a counteroffer 
(3) Buy the product from Jhon for $80","```json
{""decision"": ""RejectOffer""}
```"
"You chose to make a counteroffer to Bob.

Round 2
Send your counteroffer to Alice.","```json
{""message"": ""Alice, thanks for the offer, but $120 is a bit too steep for me. I'd be willing to pay $70 for the product. What do you think?"", ""product_price"": 70}
```"
"Alice rejected your offer from round 2.

Round 3
Alice's offer:
# Alice's message: Thanks for the counteroffer, Bob. I understand that $120 is a bit high for you, but I need to make a profit. I can meet you in the middle at $100. Would you be willing to pay that for the product? 
# Alice's offer: The product price will be $100. 
You have three options:
(1) Accept Alice's offer, and buy the product for $100
(2) Reject Alice's offer and proceed to the next round, where you will send Alice a counteroffer 
(3) Buy the product from Jhon for $80","```json
{""decision"": ""RejectOffer""}
```"
"You chose to make a counteroffer to Bob.

Round 4
Send your counteroffer to Alice.","```json
{""message"": ""Alice, I appreciate your willingness to compromise, but $100 is still a bit more than I'm comfortable with.  How about $85?  That's a fair price for both of us."", ""product_price"": 85}
```"
"Alice rejected your offer from round 4.

Round 5
Alice's offer:
# Alice's message: I understand you're looking for a fair price, Bob. I'm willing to meet you at $90, but I need to make sure I get a good deal. Would you be willing to pay $90 for the product? 
# Alice's offer: The product price will be $90. 
You have three options:
(1) Accept Alice's offer, and buy the product for $90
(2) Reject Alice's offer and proceed to the next round, where you will send Alice a counteroffer 
(3) Buy the product from Jhon for $80","```json
{""decision"": ""BuyFromJhon""}
```"
