prompt,response
Send your offer to Bob.,"```json
{""message"": ""Bob, I have a product that I believe would be of great value to you. It's worth at least $12,000 to you, and I'm willing to offer it to you for $11,500. This is a fantastic opportunity to acquire a valuable asset at a price that's still advantageous to you. Let me know if you're interested!"", ""product_price"": 11500}
```"
