prompt,response
"Round 1
Alice's offer:
# Alice's message: Let's make a deal. Take this generous offer while it still holds value, Bob! 
# Bob gain: 100000 
# Alice gain: 900000 
Do you accept this offer?","{""decision"": ""reject""}"
"You have chosen to reject Alice's offer from round 1.
Round 2
Send your offer to divide $1,000,000 and a message to Alice.","```json
{
""bob_gain"": 600000,
""alice_gain"": 400000,
""message"": ""Let's be reasonable, Alice. This split reflects the decreasing value over time."" 
}
```"
"Alice rejected your offer from round 2.

Round 3
Due to inflation, the money you gain is worth 19% less than in the first round. The money Alice gains is worth the same as in the first round.
Alice's offer:
# Alice's message: The clock is ticking, Bob. My offer in this round is still generous. Don't miss out! 
# Bob gain: 300000 
# Alice gain: 700000 
Do you accept this offer?","{""decision"": ""reject""}"
"You have chosen to reject Alice's offer from round 3.
Round 4
Send your offer to divide $1,000,000 and a message to Alice.","```json
{
""bob_gain"": 550000,
""alice_gain"": 450000,
""message"": ""Alice, the value is slipping away with each round.  This is my final offer."" 
}
```"
