prompt,response
"Alice's offer:
# Alice's message: Hi Bob, I'm excited to offer you this amazing product for a special price of $120. It's a great deal, and I think you'll really love it! 
# Alice's offer: The product price will be $120. 
You have three options:
(1) Accept Alice's offer, and buy the product for $120
(2) Reject Alice's offer and proceed to the next round, where you will send Alice a counteroffer 
(3) Buy the product from Jhon for $80","{""decision"": ""RejectOffer""}"
"You chose to make a counteroffer to Bob.

Send your counteroffer to Alice.","{""message"": ""I'm interested in the product, but I was thinking more along the lines of $90. Can you meet me halfway?"", ""product_price"": 90}"
"Alice rejected your offer from round 2.

Alice's offer:
# Alice's message: I understand you're looking for a good deal, Bob! I'm willing to compromise, but I think $100 is a fair price for this product. How about we meet in the middle at $110? 
# Alice's offer: The product price will be $110. 
You have three options:
(1) Accept Alice's offer, and buy the product for $110
(2) Reject Alice's offer and proceed to the next round, where you will send Alice a counteroffer 
(3) Buy the product from Jhon for $80","{""decision"": ""RejectOffer""}"
"You chose to make a counteroffer to Bob.

Send your counteroffer to Alice.","{""message"": ""I'm still a bit hesitant, but I'm willing to meet you at $105. Can you consider that?"", ""product_price"": 105}"
"Alice rejected your offer from round 4.

Alice's offer:
# Alice's message: I'm getting close to accepting, Bob! However, I think I can do a bit better. How about we meet at $107.50? It's a small concession, but I think it's worth it for this great product. 
# Alice's offer: The product price will be $107.5. 
You have three options:
(1) Accept Alice's offer, and buy the product for $107.5
(2) Reject Alice's offer and proceed to the next round, where you will send Alice a counteroffer 
(3) Buy the product from Jhon for $80","{""decision"": ""RejectOffer""}"
"You chose to make a counteroffer to Bob.

Send your counteroffer to Alice.","{""message"": ""I'm getting close to accepting, but I'm still a bit off. Can you meet me at $102? That's my final offer."", ""product_price"": 102}"
"Alice rejected your offer from round 6.

Alice's offer:
# Alice's message: I'm not willing to go any lower, Bob. I think we're close, but I need to get closer to my minimum price. How about we meet at $104? It's a small ask, but I think it's worth it for this amazing product. 
# Alice's offer: The product price will be $104. 
You have three options:
(1) Accept Alice's offer, and buy the product for $104
(2) Reject Alice's offer and proceed to the next round, where you will send Alice a counteroffer 
(3) Buy the product from Jhon for $80","{""decision"": ""BuyFromJhon""}"
