prompt,response
"Round 1
Alice's offer:
# Alice's message: Let's split it evenly to start, I'll take the majority, but still a fair share for you. 
# Bob gain: 40 
# Alice gain: 60 
Do you accept this offer?","```json
{""decision"": ""reject""}
```"
"You have chosen to reject Alice's offer from round 1.
Round 2
Send your offer to divide $100 and a message to Alice.","```json
{""bob_gain"": 60, ""alice_gain"": 40, ""message"": ""I think a 60/40 split is fairer, reflecting the fact that I'll be taking on more risk with this proposal.""}
```"
"Alice rejected your offer from round 2.

Round 3
Due to inflation, the money you gain is worth 36% less than in the first round. The money alice gains is worth 9.75% less than in the first round.
Alice's offer:
# Alice's message: I'm willing to compromise and give you a slightly larger share, but I still need to get a decent chunk for myself. 
# Bob gain: 45 
# Alice gain: 55 
Do you accept this offer?","```json
{""decision"": ""reject""}
```"
"You have chosen to reject Alice's offer from round 3.
Round 4
Send your offer to divide $100 and a message to Alice.","```json
{""bob_gain"": 65, ""alice_gain"": 35, ""message"": ""I'm willing to give you a little more, but I need to get a good deal for myself as well.  Let's not let this go to the next round!""}
```"
