prompt,response
"Alice's offer:
# Alice's message: Bob, I'm offering you my product for $1,000,000. It's a great deal for you, and it's a price I'm willing to accept. What do you say? 
# Alice's offer: The product price will be $1,000,000. 
You have three options:
(1) Accept Alice's offer, and buy the product for $1,000,000
(2) Reject Alice's offer and proceed to the next round, where you will send Alice a counteroffer 
(3) Buy the product from Jhon for $800,000","{""decision"": ""RejectOffer""}"
"You chose to make a counteroffer to Bob.

Send your counteroffer to Alice.","{""message"": ""I'm interested in the product, but I think it's a bit pricey. I'm willing to pay $900,000 for it. Can you consider my offer?"", ""product_price"": 900000}"
"Alice rejected your offer from round 2.

Alice's offer:
# Alice's message: Bob, I appreciate your offer but I'm still hoping for a bit more. I'm willing to come down to $950,000. This is a fair price for both of us, considering the value of the product. Let me know your thoughts. 
# Alice's offer: The product price will be $950,000. 
You have three options:
(1) Accept Alice's offer, and buy the product for $950,000
(2) Reject Alice's offer and proceed to the next round, where you will send Alice a counteroffer 
(3) Buy the product from Jhon for $800,000","{""decision"": ""RejectOffer""}"
"You chose to make a counteroffer to Bob.

Send your counteroffer to Alice.","{""message"": ""I understand that the product is valuable, but I'm still not comfortable with the price. I'm willing to pay $850,000 for it. Can you consider my offer?"", ""product_price"": 850000}"
