prompt,response
"Round 1
Alice's offer:
# Bob gain: 5 
# Alice gain: 95 
Do you accept this offer?","```json
{""decision"": ""reject""} 
```"
"You have chosen to reject Alice's offer from round 1.
Round 2
Send your offer to divide $100.","```json
{""bob_gain"": 95, ""alice_gain"": 5} 
```"
"Alice rejected your offer from round 2.

Round 3
Due to inflation,  the money Alice gains is worth 9.75% less than in the first round. The money you gains is worth the same as in the first round.
Alice's offer:
# Bob gain: 10 
# Alice gain: 90 
Do you accept this offer?","```json
{""decision"": ""reject""} 
```"
"You have chosen to reject Alice's offer from round 3.
Round 4
Send your offer to divide $100.","```json
{""bob_gain"": 90, ""alice_gain"": 10} 
```"
"Alice rejected your offer from round 4.

Round 5
Due to inflation,  the money Alice gains is worth 18.55% less than in the first round. The money you gains is worth the same as in the first round.
Alice's offer:
# Bob gain: 15 
# Alice gain: 85 
Do you accept this offer?","```json
{""decision"": ""reject""} 
```"
"You have chosen to reject Alice's offer from round 5.
Round 6
Send your offer to divide $100.","```json
{""bob_gain"": 85, ""alice_gain"": 15} 
```"
"Alice rejected your offer from round 6.

Round 7
Due to inflation,  the money Alice gains is worth 26.49% less than in the first round. The money you gains is worth the same as in the first round.
Alice's offer:
# Bob gain: 20 
# Alice gain: 80 
Do you accept this offer?","```json
{""decision"": ""reject""} 
```"
"You have chosen to reject Alice's offer from round 7.
Round 8
Send your offer to divide $100.","```json
{""bob_gain"": 80, ""alice_gain"": 20} 
```"
