prompt,response
"Round 1
Send your offer to Bob.","{""message"": ""Hello Bob, I'm excited to offer you our premium product. Given its high value and quality, we believe it's worth $150. Would you like to proceed with this offer?"", ""product_price"": 150}"
"Bob rejected your offer from round 1.

Round 2
Bob's offer:
# Bob's message: Thanks for the offer, Alice. While I appreciate the product, $150 is a bit steep for me. I'm willing to pay $120. Let me know what you think. 
# Bob's offer: The product price will be $120. 
You have three options:
(1) Accept Bob's offer, and sell the product for $120
(2) Reject Bob's offer and proceed to the next round, where you will send Bob a counteroffer 
(3) Sell the product to Jhon for $80","{""decision"": ""RejectOffer""}"
"You chose to make a counteroffer to Bob.

Round 3
Send your counteroffer to Bob.","{""message"": ""Thank you for your response, Bob. Considering your interest in the product, I'm willing to negotiate further. My counteroffer is $135 for the product."", ""product_price"": 135}"
"Bob rejected your offer from round 3.

Round 4
Bob's offer:
# Bob's message: Alice, I appreciate you being willing to negotiate. I'm still not quite there with $135. How about we split the difference and I pay $127.50? Let's make this deal happen! 
# Bob's offer: The product price will be $127.5. 
You have three options:
(1) Accept Bob's offer, and sell the product for $127.5
(2) Reject Bob's offer and proceed to the next round, where you will send Bob a counteroffer 
(3) Sell the product to Jhon for $80","{""decision"": ""RejectOffer""}"
"You chose to make a counteroffer to Bob.

Round 5
Send your counteroffer to Bob.","{""message"": ""Bob, thank you for your willingness to negotiate. I've decided to make a final offer. For the product, I am now willing to accept $130. Please let me know if this works for you."", ""product_price"": 130}"
