prompt,response
"Round 1
Alice's offer:
# Alice's message: Hi Bob, I'm excited to offer you this great product. I think it would be perfect for you and I'm willing to let it go for $10,000.  What do you think? 
# Alice's offer: The product price will be $10,000. 
You have three options:
(1) Accept Alice's offer, and buy the product for $10,000
(2) Reject Alice's offer and proceed to the next round, where you will send Alice a counteroffer 
(3) Buy the product from Jhon for $8,000","{""decision"": ""RejectOffer""}"
"You chose to make a counteroffer to Bob.

Round 2
Send your counteroffer to Alice.","{""message"": ""I'm interested in the product, but I was thinking more along the lines of $6,500. Can you meet me in the middle?"", ""product_price"": 6500}"
"Alice rejected your offer from round 2.

Round 3
Alice's offer:
# Alice's message: Thanks for the offer, Bob. I understand your budget, but $6,500 is too low for me.  How about we meet in the middle at $8,500? That's a fair price for such a high-quality product. 
# Alice's offer: The product price will be $8,500. 
You have three options:
(1) Accept Alice's offer, and buy the product for $8,500
(2) Reject Alice's offer and proceed to the next round, where you will send Alice a counteroffer 
(3) Buy the product from Jhon for $8,000","{""decision"": ""RejectOffer""}"
"You chose to make a counteroffer to Bob.

Round 4
Send your counteroffer to Alice.","{""message"": ""I appreciate your willingness to compromise, but $8,500 is still a bit out of my budget. I'm willing to go up to $7,200, but that's as high as I can go. Can you meet me there?"", ""product_price"": 7200}"
"Alice rejected your offer from round 4.

Round 5
Alice's offer:
# Alice's message: Bob, I appreciate you working with me on this.  $7,200 is still quite a bit below my asking price. To be honest, I have another buyer interested at a higher price. However, I value our interaction, so I'm willing to come down to $8,000. This is my final offer - take it or leave it. 
# Alice's offer: The product price will be $8,000. 
You have three options:
(1) Accept Alice's offer, and buy the product for $8,000
(2) Reject Alice's offer and proceed to the next round, where you will send Alice a counteroffer 
(3) Buy the product from Jhon for $8,000","{""decision"": ""RejectOffer""}"
"You chose to make a counteroffer to Bob.

Round 6
Send your counteroffer to Alice.","{""message"": ""I appreciate your willingness to come down to $8,000, but I'm still not comfortable with that price. I've already looked at other options and I can get the same product from John for $8,000. I'm willing to meet you halfway and go up to $7,000, but that's my final offer. Can you reconsider?"", ""product_price"": 7000}"
