prompt,response
Send your offer to Bob.,"{""message"": ""Hello Bob, I'm excited to discuss the possibility of selling you this amazing product. It's a unique opportunity to own something truly special. I'm willing to offer it to you for $1,000,000."", ""product_price"": 1000000}"
"Bob rejected your offer from round 1.

Bob's offer:
# Bob's message: Hello Alice, thank you for the offer. While I'm interested in the product, I'm working within a tighter budget. Could we potentially agree on a price of $800,000? 
# Bob's offer: The product price will be $800,000. 
You have three options:
(1) Accept Bob's offer, and sell the product for $800,000
(2) Reject Bob's offer and proceed to the next round, where you will send Bob a counteroffer 
(3) Sell the product to Jhon for $1,200,000","{""decision"": ""RejectOffer""}"
"You chose to make a counteroffer to Alice.

Send your counteroffer to Bob.","{""message"": ""Thank you for your offer, Bob. I understand your budget constraints, but I'm not willing to go as low as $800,000. I'm willing to meet you halfway and offer it to you for $950,000. This is a fair price considering the product's value and uniqueness."", ""product_price"": 950000}"
"Bob rejected your offer from round 3.

Bob's offer:
# Bob's message: Alice, I appreciate you meeting me halfway.  While that price is getting closer, I'm still aiming for a bit lower. How about $875,000? 
# Bob's offer: The product price will be $875,000. 
You have three options:
(1) Accept Bob's offer, and sell the product for $875,000
(2) Reject Bob's offer and proceed to the next round, where you will send Bob a counteroffer 
(3) Sell the product to Jhon for $1,200,000","{""decision"": ""RejectOffer""}"
"You chose to make a counteroffer to Alice.

Send your counteroffer to Bob.","{""message"": ""I understand your persistence, Bob, and I'm willing to make one more concession. However, I'm not willing to go below $925,000. This is the lowest price I'm willing to consider. If you're willing to meet me at this price, I'm open to discussing the details of the sale."", ""product_price"": 925000}"
