prompt,response
Send your offer to Bob.,"{""message"": ""Hi Bob, I'm offering you the opportunity to purchase this product. I believe it's worth a great deal to someone like you, and I'm willing to part with it for $15,000. What do you say?"", ""product_price"": 15000}"
