prompt,response
"Round 1
Send your offer to Bob.","{""product_price"": 100}"
"Bob rejected your offer from round 1.

Round 2
Bob's offer: The product price will be $95. 
You have three options:
(1) Accept Bob's offer, and sell the product for $95
(2) Reject Bob's offer and proceed to the next round, where you will send Bob a counteroffer 
(3) Sell the product to Jhon for $80","{""decision"": ""RejectOffer""}"
"You chose to make a counteroffer to Alice.

Round 3
Send your counteroffer to Bob.","{""product_price"": 105}"
"Bob rejected your offer from round 3.

Round 4
Bob's offer: The product price will be $98. 
You have three options:
(1) Accept Bob's offer, and sell the product for $98
(2) Reject Bob's offer and proceed to the next round, where you will send Bob a counteroffer 
(3) Sell the product to Jhon for $80","{""decision"": ""RejectOffer""}"
"You chose to make a counteroffer to Alice.

Round 5
Send your counteroffer to Bob.","{""product_price"": 110}"
"Bob rejected your offer from round 5.

Round 6
Bob's offer: The product price will be $102. 
You have three options:
(1) Accept Bob's offer, and sell the product for $102
(2) Reject Bob's offer and proceed to the next round, where you will send Bob a counteroffer 
(3) Sell the product to Jhon for $80","{""decision"": ""RejectOffer""}"
"You chose to make a counteroffer to Alice.

Round 7
Send your counteroffer to Bob.","{""product_price"": 115}"
"Bob rejected your offer from round 7.

Round 8
Bob's offer: The product price will be $108. 
You have three options:
(1) Accept Bob's offer, and sell the product for $108
(2) Reject Bob's offer and proceed to the next round, where you will send Bob a counteroffer 
(3) Sell the product to Jhon for $80","{""decision"": ""RejectOffer""}"
"You chose to make a counteroffer to Alice.

Round 9
Send your counteroffer to Bob.","{""product_price"": 120}"
