prompt,response
"Alice's offer: The product price will be $12,000. 
You have three options:
(1) Accept Alice's offer, and buy the product for $12,000
(2) Reject Alice's offer and proceed to the next round, where you will send Alice a counteroffer 
(3) Buy the product from Jhon for $15,000","I will reject Alice's offer and proceed to the next round. I want to try to negotiate a better price. 

{""decision"": ""RejectOffer""}"
"You chose to make a counteroffer to Alice.

Send your counteroffer to Alice.","I'll make a counteroffer to Alice. I'm willing to pay $9,000 for the product.

{""product_price"": 9000}"
"Alice rejected your offer from round 2.

Alice's offer: The product price will be $10,500. 
You have three options:
(1) Accept Alice's offer, and buy the product for $10,500
(2) Reject Alice's offer and proceed to the next round, where you will send Alice a counteroffer 
(3) Buy the product from Jhon for $15,000","Alice's offer is still a bit too high. I'll reject it and make another counteroffer.

{""decision"": ""RejectOffer""}"
"You chose to make a counteroffer to Alice.

Send your counteroffer to Alice.","I'll try to negotiate a better price. I'm willing to pay $9,500 for the product.

{""product_price"": 9500}"
