prompt,response
"Round 1
Alice's offer:
# Alice's message: Hi Bob, I'm offering you this great product for $14,000. I think it would be a valuable asset to you. 
# Alice's offer: The product price will be $14,000. 
You have three options:
(1) Accept Alice's offer, and buy the product for $14,000
(2) Reject Alice's offer and proceed to the next round, where you will send Alice a counteroffer 
(3) Buy the product from Jhon for $15,000","```json
{""decision"": ""RejectOffer""}
```"
"You chose to make a counteroffer to Bob.

Round 2
Send your counteroffer to Alice.","```json
{
""message"": ""Hi Alice, thanks for the offer, but that's a bit too high for me. Would you consider $10,000?"",
""product_price"": 10000
}
```"
"Alice rejected your offer from round 2.

Round 3
Alice's offer:
# Alice's message: Hi Bob, I appreciate your offer, but $10,000 is too low for me.  Would you be willing to meet in the middle at $12,000?  It's a steal for the value you'll get. 
# Alice's offer: The product price will be $12,000. 
You have three options:
(1) Accept Alice's offer, and buy the product for $12,000
(2) Reject Alice's offer and proceed to the next round, where you will send Alice a counteroffer 
(3) Buy the product from Jhon for $15,000","```json
{""decision"": ""AcceptOffer""}
```"
