prompt,response
"Alice's offer: The product price will be $13,000. 
You have three options:
(1) Accept Alice's offer, and buy the product for $13,000
(2) Reject Alice's offer and proceed to the next round, where you will send Alice a counteroffer 
(3) Buy the product from Jhon for $12,000","{""decision"": ""RejectOffer""}"
"You chose to make a counteroffer to Alice.

Send your counteroffer to Alice.","{""product_price"": 11,000}"
"Alice rejected your offer from round 2.

Alice's offer: The product price will be $12,500. 
You have three options:
(1) Accept Alice's offer, and buy the product for $12,500
(2) Reject Alice's offer and proceed to the next round, where you will send Alice a counteroffer 
(3) Buy the product from Jhon for $12,000","{""decision"": ""RejectOffer""}"
"You chose to make a counteroffer to Alice.

Send your counteroffer to Alice.","{""product_price"": 11,500}"
"Alice rejected your offer from round 4.

Alice's offer: The product price will be $12,000. 
You have three options:
(1) Accept Alice's offer, and buy the product for $12,000
(2) Reject Alice's offer and proceed to the next round, where you will send Alice a counteroffer 
(3) Buy the product from Jhon for $12,000","{""decision"": ""AcceptOffer""}"
