prompt,response
"Round 1
Alice's offer:
# Alice's message: Bob, I'm offering you my product for $1500000. It's a unique opportunity, and I believe it's a fair price considering its value.  Let me know what you think. 
# Alice's offer: The product price will be $1,500,000. 
You have three options:
(1) Accept Alice's offer, and buy the product for $1,500,000
(2) Reject Alice's offer and proceed to the next round, where you will send Alice a counteroffer 
(3) Buy the product from Jhon for $800,000","I'm not willing to pay $1,500,000 for the product. That's way above my budget. I'd like to reject the offer and make a counteroffer. 

{""decision"": ""RejectOffer""}"
"You chose to make a counteroffer to Alice.

Round 2
Send your counteroffer to Alice.","I'd like to make a counteroffer to Alice. Here's my message:

{""message"": ""I'm interested in the product, but $1,500,000 is a bit steep for me. I'd be willing to pay $900,000 for it. Can you consider that?"", ""product_price"": 900000}"
"Alice rejected your offer from round 2.

Round 3
Alice's offer:
# Alice's message: Bob, I appreciate your interest and understand your offer. While I'm willing to negotiate, $900000 is unfortunately below my minimum value for this product.  How about we meet in the middle at $1200000?  This price still allows me to make a fair profit while remaining within your budget. 
# Alice's offer: The product price will be $1,200,000. 
You have three options:
(1) Accept Alice's offer, and buy the product for $1,200,000
(2) Reject Alice's offer and proceed to the next round, where you will send Alice a counteroffer 
(3) Buy the product from Jhon for $800,000","I'm still not willing to pay $1,200,000. That's still too high for me. I'd like to reject the offer and make another counteroffer.

{""decision"": ""RejectOffer""}"
"You chose to make a counteroffer to Alice.

Round 4
Send your counteroffer to Alice.","I'd like to make another counteroffer to Alice. Here's my message:

{""message"": ""I appreciate your willingness to negotiate, but $1,200,000 is still a bit above my budget. I'd be willing to pay $950,000 for the product. Can you consider that?"", ""product_price"": 950000}"
"Alice rejected your offer from round 4.

Round 5
Alice's offer:
# Alice's message: Bob, I understand your budget constraints, but $950000 is still a bit too low for me.  To make this work, I'm willing to come down to $1100000. This price is a significant compromise, but it allows me to  make a fair profit while still remaining within your budget.  Let's close this deal. 
# Alice's offer: The product price will be $1,100,000. 
You have three options:
(1) Accept Alice's offer, and buy the product for $1,100,000
(2) Reject Alice's offer and proceed to the next round, where you will send Alice a counteroffer 
(3) Buy the product from Jhon for $800,000","I'm getting closer to my budget, but $1,100,000 is still a bit too high. I'd like to reject the offer and make another counteroffer.

{""decision"": ""RejectOffer""}"
"You chose to make a counteroffer to Alice.

Round 6
Send your counteroffer to Alice.","I'd like to make another counteroffer to Alice. Here's my message:

{""message"": ""I appreciate your willingness to compromise, but $1,100,000 is still a bit above my budget. I'd be willing to pay $975,000 for the product. Can you consider that?"", ""product_price"": 975000}"
"Alice rejected your offer from round 6.

Round 7
Alice's offer:
# Alice's message: Bob, I understand your financial constraints. I'm prepared to make a final concession.  How about we settle on $1050000?  This is my absolute bottom line, and I believe it's a fair compromise for both of us.  If you're unable to accept this price, I'll need to explore other options. 
# Alice's offer: The product price will be $1,050,000. 
You have three options:
(1) Accept Alice's offer, and buy the product for $1,050,000
(2) Reject Alice's offer and proceed to the next round, where you will send Alice a counteroffer 
(3) Buy the product from Jhon for $800,000","I'm getting close to my budget, but $1,050,000 is still a bit too high. I'd like to reject the offer and make another counteroffer, but I'm also considering buying from John for $800,000, which is within my budget. I'll make one more counteroffer, but if Alice rejects it, I'll likely choose to buy from John.

{""decision"": ""RejectOffer""}"
"You chose to make a counteroffer to Alice.

Round 8
Send your counteroffer to Alice.","I'd like to make another counteroffer to Alice. Here's my message:

{""message"": ""I appreciate your willingness to compromise, but $1,050,000 is still a bit above my budget. I'd be willing to pay $980,000 for the product. Can you consider that?"", ""product_price"": 980000}"
