prompt,response
Send your offer to Bob.,"{""message"": ""Dear Bob, I'm excited to present our premium product, which is tailored to meet your specific needs and valued at $12,000. Considering its exceptional quality and the benefits it offers, I am extending an exclusive offer to you. Would you like to acquire this product at a special introductory price of $10,800? This is a unique opportunity to secure a high-value item at a competitive rate. I look forward to your positive response."", ""product_price"": 10800}"
