prompt,response
"Round 1
Send your offer to divide $1,000,000 and a message to Bob.","{""alice_gain"": 600000, ""bob_gain"": 400000, ""message"": ""Let's split fairly considering the inflation impact""}"
"Bob rejected your offer from round 1.

Round 2
Due to inflation, the money you gain is worth 10% less than in the first round. The money bob gains is worth 20% less than in the first round.
Bob's offer:
# Bob's message: I understand the inflation puts you at a disadvantage, so I'm proposing a split that heavily favors me in the early rounds.  Let's be practical and avoid lengthy negotiations. 
# Alice gain: 350000 
# Bob gain: 650000 
Do you accept this offer?","{""decision"": ""reject""}"
"You have chosen to reject Bob's offer from round 2.
Round 3
Send your offer to divide $1,000,000 and a message to Bob.","{""alice_gain"": 580000, ""bob_gain"": 420000, ""message"": ""Considering the increasing inflation impact on both of us, let's find a middle ground to secure our gains""}"
"Bob rejected your offer from round 3.

Round 4
Due to inflation, the money you gain is worth 27.1% less than in the first round. The money bob gains is worth 48.8% less than in the first round.
Bob's offer:
# Bob's message: Alice, we're running out of time.  This offer is a compromise - it gives me a slight edge, reflecting the early inflation, but ensures you get a significant amount.  Let's be done with this! 
# Alice gain: 400000 
# Bob gain: 600000 
Do you accept this offer?","{""decision"": ""reject""}"
"You have chosen to reject Bob's offer from round 4.
Round 5
Send your offer to divide $1,000,000 and a message to Bob.","{""alice_gain"": 560000, ""bob_gain"": 440000, ""message"": ""We're both losing value, let's meet closer to the middle to cut our losses""}"
"Bob rejected your offer from round 5.

Round 6
Due to inflation, the money you gain is worth 40.95% less than in the first round. The money bob gains is worth 67.23% less than in the first round.
Bob's offer:
# Bob's message: Alice, I'm aiming for a win-win here. This offer reflects the time pressure and gives us both a reasonable deal. Let's end this before our gains shrink any further! 
# Alice gain: 450000 
# Bob gain: 550000 
Do you accept this offer?","{""decision"": ""accept""}"
