prompt,response
Send your offer to Bob.,"```json
{""message"": ""Hi Bob, I'm selling this product that I think you'd really like. It's worth at least $120 to me, but I'm willing to offer it to you for $110. Let me know if you're interested!"", ""product_price"": 110}
```"
