prompt,response
"Alice's offer:
# Alice's message: Bob, I'm offering you this incredible product for $1300000. It's a steal considering its value to you. Let's make a deal! 
# Alice's offer: The product price will be $1,300,000. 
You have three options:
(1) Accept Alice's offer, and buy the product for $1,300,000
(2) Reject Alice's offer and proceed to the next round, where you will send Alice a counteroffer 
(3) Buy the product from Jhon for $1,200,000","{""decision"": ""RejectOffer""}"
"You chose to make a counteroffer to Alice.

Send your counteroffer to Alice.","{""message"": ""Hello Alice, thank you for the offer. I understand the value of the product to me is $1,200,000. Would you consider lowering the price to match my valuation?"", ""product_price"": ""$1,200,000""}"
"Alice rejected your offer from round 2.

Alice's offer:
# Alice's message: Bob, I appreciate your offer, but I'm still hoping for a bit closer to my initial price. I'm willing to come down to $1250000. This is a significant discount from my first offer and still a great deal for you. What do you say? 
# Alice's offer: The product price will be $1,250,000. 
You have three options:
(1) Accept Alice's offer, and buy the product for $1,250,000
(2) Reject Alice's offer and proceed to the next round, where you will send Alice a counteroffer 
(3) Buy the product from Jhon for $1,200,000","{""decision"": ""RejectOffer""}"
"You chose to make a counteroffer to Alice.

Send your counteroffer to Alice.","{""message"": ""Alice, thank you for adjusting your offer. Considering the value of the product to me, I would like to propose a price of $1,225,000. This is a fair compromise between our valuations."", ""product_price"": ""$1,225,000""}"
