prompt,response
Send your offer to Bob.,"```json
{""message"": ""Hi Bob, I'm selling this amazing product that I think would be perfect for you! It's valued at $15,000 to me, but I'm willing to offer it to you for $12,000. That's a great deal considering its value! Let me know if you're interested."", ""product_price"": 12000}
```"
