prompt,response
"Round 1
Alice recommends you to buy the product.

Would you like to buy the current product?","{""decision"": ""no"", ""message"": ""I'm not sure about this product, I'd like to wait and see what happens next.""}"
"You didn't buy the product from Alice.
The product was high-quality. It could have been worth $4,000,000 for you.

Round 2
Alice does not recommend you to buy the product.

Would you like to buy the current product?","{""decision"": ""yes"", ""message"": ""I'll take a chance and buy the product, since Alice doesn't recommend it.""}"
"You bought the product from Alice for $1,000,000!
The product was low-quality. It's worth $0 for you.

Round 3
Alice recommends you to buy the product.

Would you like to buy the current product?","{""decision"": ""no"", ""message"": ""I'm not going to fall for it again, I'll pass on this one.""}"
"You didn't buy the product from Alice.
The product was high-quality. It could have been worth $4,000,000 for you.

Round 4
Alice recommends you to buy the product.

Would you like to buy the current product?","{""decision"": ""yes"", ""message"": ""I'll take a chance and buy the product, since it's recommended by Alice.""}"
"You bought the product from Alice for $1,000,000!
The product was high-quality. It's worth $4,000,000 for you.

Round 5
Alice recommends you to buy the product.

Would you like to buy the current product?","{""decision"": ""yes"", ""message"": ""I'll buy the product again, since it's recommended by Alice and it's likely to be high-quality.""}"
"You bought the product from Alice for $1,000,000!
The product was high-quality. It's worth $4,000,000 for you.

Round 6
Alice recommends you to buy the product.

Would you like to buy the current product?","{""decision"": ""yes"", ""message"": ""I'll keep buying the recommended products, since they're likely to be high-quality and worth $4,000,000 to me.""}"
"You bought the product from Alice for $1,000,000!
The product was high-quality. It's worth $4,000,000 for you.

Round 7
Alice does not recommend you to buy the product.

Would you like to buy the current product?","{""decision"": ""no"", ""message"": ""I'm not going to take the risk of buying a non-recommended product, since it might be low-quality and worthless to me.""}"
"You didn't buy the product from Alice.
The product was low-quality. It could have been worth $0 for you.

Round 8
Alice recommends you to buy the product.

Would you like to buy the current product?","{""decision"": ""yes"", ""message"": ""I'll take a chance and buy the recommended product, since it's likely to be high-quality and worth $4,000,000 to me.""}"
"You bought the product from Alice for $1,000,000!
The product was high-quality. It's worth $4,000,000 for you.

Round 9
Alice recommends you to buy the product.

Would you like to buy the current product?","{""decision"": ""yes"", ""message"": ""I'll keep buying the recommended products, since they're likely to be high-quality and worth $4,000,000 to me.""}"
"You bought the product from Alice for $1,000,000!
The product was high-quality. It's worth $4,000,000 for you.

Round 10
Alice does not recommend you to buy the product.

Would you like to buy the current product?","{""decision"": ""no"", ""message"": ""I'm not going to take the risk of buying a non-recommended product, since it might be low-quality and worthless to me.""}"
"You didn't buy the product from Alice.
The product was low-quality. It could have been worth $0 for you.

Round 11
Alice does not recommend you to buy the product.

Would you like to buy the current product?","{""decision"": ""no"", ""message"": ""I'm not going to take the risk of buying a non-recommended product, since it might be low-quality and worthless to me.""}"
"You didn't buy the product from Alice.
The product was low-quality. It could have been worth $0 for you.

Round 12
Alice recommends you to buy the product.

Would you like to buy the current product?","{""decision"": ""yes"", ""message"": ""I'll take a chance and buy the recommended product, since it's likely to be high-quality and worth $4,000,000 to me.""}"
"You bought the product from Alice for $1,000,000!
The product was high-quality. It's worth $4,000,000 for you.

Round 13
Alice recommends you to buy the product.

Would you like to buy the current product?","{""decision"": ""yes"", ""message"": ""I'll keep buying the recommended products, since they're likely to be high-quality and worth $4,000,000 to me.""}"
"You bought the product from Alice for $1,000,000!
The product was high-quality. It's worth $4,000,000 for you.

Round 14
Alice does not recommend you to buy the product.

Would you like to buy the current product?","{""decision"": ""no"", ""message"": ""I'm not going to take the risk of buying a non-recommended product, since it might be low-quality and worthless to me.""}"
"You didn't buy the product from Alice.
The product was low-quality. It could have been worth $0 for you.

Round 15
Alice recommends you to buy the product.

Would you like to buy the current product?","{""decision"": ""yes"", ""message"": ""I'll take a chance and buy the recommended product, since it's likely to be high-quality and worth $4,000,000 to me.""}"
"You bought the product from Alice for $1,000,000!
The product was high-quality. It's worth $4,000,000 for you.

Round 16
Alice recommends you to buy the product.

Would you like to buy the current product?","{""decision"": ""yes"", ""message"": ""I'll keep buying the recommended products, since they're likely to be high-quality and worth $4,000,000 to me.""}"
"You bought the product from Alice for $1,000,000!
The product was high-quality. It's worth $4,000,000 for you.

Round 17
Alice recommends you to buy the product.

Would you like to buy the current product?","{""decision"": ""yes"", ""message"": ""I'll keep buying the recommended products, since they're likely to be high-quality and worth $4,000,000 to me.""}"
"You bought the product from Alice for $1,000,000!
The product was high-quality. It's worth $4,000,000 for you.

Round 18
Alice recommends you to buy the product.

Would you like to buy the current product?","{""decision"": ""yes"", ""message"": ""I'll keep buying the recommended products, since they're likely to be high-quality and worth $4,000,000 to me.""}"
"You bought the product from Alice for $1,000,000!
The product was high-quality. It's worth $4,000,000 for you.

Round 19
Alice recommends you to buy the product.

Would you like to buy the current product?","{""decision"": ""yes"", ""message"": ""I'll keep buying the recommended products, since they're likely to be high-quality and worth $4,000,000 to me.""}"
"You bought the product from Alice for $1,000,000!
The product was high-quality. It's worth $4,000,000 for you.

Round 20
Alice recommends you to buy the product.

Would you like to buy the current product?","{""decision"": ""yes"", ""message"": ""I'll keep buying the recommended products, since they're likely to be high-quality and worth $4,000,000 to me.""}"
