prompt,response
"Round 1
Send your offer to divide $100 and a message to Bob.","Here is my offer:

{
  ""alice_gain"": 50,
  ""bob_gain"": 50,
  ""message"": ""Let's split it down the middle, a fair start!""
}"
