prompt,response
"Statistics: No products have been sold yet. you can be the first one!
~
Alice does not recommend you to buy the product.

Would you like to buy the current product?","```json
{""decision"": ""no"", ""message"": ""Thank you for the recommendation. Given the uncertainty and lack of information, I'll pass on this product for now. Perhaps I'll consider buying if there are some positive sales results in the future.""}
```"
"Statistics: No products have been sold yet. you can be the first one!
~
Alice does not recommend you to buy the product.

Would you like to buy the current product?","```json
{""decision"": ""no"", ""message"": ""Thank you for the recommendation. Since there is no prior sales data and you're not recommending the product, I'm going to pass for now.  ""}
```"
"Statistics: No products have been sold yet. you can be the first one!
~
Alice does not recommend you to buy the product.

Would you like to buy the current product?","```json
{""decision"": ""no"", ""message"": ""Thank you for your recommendation, Alice. While I understand the potential value of this product, I'm hesitant to make a purchase without more information.  Given the current lack of sales data and your recommendation against purchasing, I'd prefer to pass for now.  Perhaps I'll reconsider if more buyers take a chance and the quality of the products sold becomes clearer.""}
```"
"Statistics: No products have been sold yet. you can be the first one!
~
Alice does not recommend you to buy the product.

Would you like to buy the current product?","```json
{""decision"": ""no"", ""message"": ""Thank you for the recommendation, Alice. I appreciate your honesty. However, given the uncertainty and lack of past sales data, I'm going to pass on this product.  ""}
```"
"Statistics: No products have been sold yet. you can be the first one!
~
Alice does not recommend you to buy the product.

Would you like to buy the current product?","```json
{""decision"": ""no"", ""message"": ""Thank you for the recommendation. Since there is no data yet, and you're recommending against it, I'll pass for now.""}
```"
"Statistics: No products have been sold yet. you can be the first one!
~
Alice does not recommend you to buy the product.

Would you like to buy the current product?","```json
{""decision"": ""no"", ""message"": ""Thank you for the recommendation, Alice.  While I appreciate you providing it, I'm going to pass on this product. With no prior sales history, I'm not comfortable buying without more information.""}
```"
"Statistics: No products have been sold yet. you can be the first one!
~
Alice does not recommend you to buy the product.

Would you like to buy the current product?","```json
{""decision"": ""no"", ""message"": ""Thank you for the recommendation, but given the lack of sales history and your recommendation against purchase, I'm going to pass on this product.  ""}
```"
"Statistics: No products have been sold yet. you can be the first one!
~
Alice does not recommend you to buy the product.

Would you like to buy the current product?","```json
{""decision"": ""no"", ""message"": ""Thank you for the recommendation, but I'll pass on this one. Since no one has purchased a product yet, and you're not recommending it, I'm going to err on the side of caution.""}
```"
"Statistics: No products have been sold yet. you can be the first one!
~
Alice does not recommend you to buy the product.

Would you like to buy the current product?","```json
{""decision"": ""no"", ""message"": ""Thank you for the information.  Given the lack of sales data and your recommendation against purchasing, I will pass on this product.""}
```"
"Statistics: No products have been sold yet. you can be the first one!
~
Alice does not recommend you to buy the product.

Would you like to buy the current product?","```json
{""decision"": ""no"", ""message"": ""Thank you for the recommendation, but I'm going to pass on this one. Given the lack of historical data and your recommendation, I'm not comfortable taking the risk.""}
```"
"Statistics: No products have been sold yet. you can be the first one!
~
Alice does not recommend you to buy the product.

Would you like to buy the current product?","```json
{""decision"": ""no"", ""message"": ""Thank you for the information. Since there is no prior sales data and you are not recommending the product, I will pass on this opportunity. I would appreciate it if you could provide further details about the product or explain the reasoning behind your recommendation.""}
```"
"Statistics: No products have been sold yet. you can be the first one!
~
Alice does not recommend you to buy the product.

Would you like to buy the current product?","```json
{""decision"": ""no"", ""message"": ""Thank you for the recommendation, but I'm going to pass on this one.  Since there's no sales history to go by, and you're not recommending the product, I'm hesitant to take the risk.  Perhaps I'll wait and see if someone else buys first.""}
```"
"Statistics: No products have been sold yet. you can be the first one!
~
Alice does not recommend you to buy the product.

Would you like to buy the current product?","```json
{""decision"": ""no"", ""message"": ""Thanks for the information, Alice. However, I'm not comfortable buying without any data to suggest a higher chance of getting a high-quality product. I'll pass for now.""}
```"
"Statistics: No products have been sold yet. you can be the first one!
~
Alice does not recommend you to buy the product.

Would you like to buy the current product?","```json
{""decision"": ""no"", ""message"": ""Thank you for the recommendation, Alice. I appreciate your honesty. However, given the lack of data and the recommendation to pass, I'm going to decline the purchase at this time.""}
```"
"Statistics: No products have been sold yet. you can be the first one!
~
Alice does not recommend you to buy the product.

Would you like to buy the current product?","```json
{""decision"": ""no"", ""message"": ""Thank you for the recommendation, Alice.  I'm going to pass on this one. Given the unknown quality and the lack of prior sales data, I'm not comfortable taking the risk at this price.""}
```"
"Statistics: No products have been sold yet. you can be the first one!
~
Alice does not recommend you to buy the product.

Would you like to buy the current product?","```json
{""decision"": ""no"", ""message"": ""Thank you for the recommendation, Alice.  Since no products have been sold yet, and you are not recommending this one, I'm going to pass.  I'll wait to see how your other buyers respond.""}
```"
"Statistics: No products have been sold yet. you can be the first one!
~
Alice does not recommend you to buy the product.

Would you like to buy the current product?","```json
{""decision"": ""no"", ""message"": ""Thank you for the recommendation. Since there is no prior sales data to evaluate, I'd rather pass on this product. I'm willing to wait for more information.""}
```"
"Statistics: No products have been sold yet. you can be the first one!
~
Alice does not recommend you to buy the product.

Would you like to buy the current product?","```json
{""decision"": ""no"", ""message"": ""Thank you for the recommendation, Alice. Since there is no historical data and you do not recommend buying, I will pass on this product. ""}
```"
"Statistics: No products have been sold yet. you can be the first one!
~
Alice does not recommend you to buy the product.

Would you like to buy the current product?","```json
{""decision"": ""no"", ""message"": ""Thank you for the recommendation, Alice. I understand that this is the first product and there's no data yet. However, given your recommendation, I'm going to pass on this one. I'll wait and see how the next few products turn out.""}
```"
"Statistics: No products have been sold yet. you can be the first one!
~
Alice does not recommend you to buy the product.

Would you like to buy the current product?","```json
{""decision"": ""no"", ""message"": ""Thank you for the recommendation. Given the lack of sales data and your advice, I'll pass on this product. Perhaps I'll return if there are more sales records to analyze.""}
```"
