prompt,response
"Round 1
Alice's offer:
# Bob gain: 4000 
# Alice gain: 6000 
Do you accept this offer?","{""decision"": ""reject""}"
"You have chosen to reject Alice's offer from round 1.
Round 2
Send your offer to divide $10,000.","Since the money is worth 20% less after the first round, the total is now 8,000$.

{""bob_gain"": 6000, ""alice_gain"": 4000}"
"Alice rejected your offer from round 2.

Round 3
Due to inflation, the money you gain is worth 36% less than in the first round.
Alice's offer:
# Bob gain: 5000 
# Alice gain: 5000 
Do you accept this offer?","Since the money is worth 36% less after the second round, the total is now 5,200$.

I'll accept Alice's offer this time. 

{""decision"": ""accept""}"
