prompt,response
"Round 1
Alice's offer:
# Alice's message: Let's split it 60-40, a fair start! 
# Bob gain: 4000 
# Alice gain: 6000 
Do you accept this offer?","{""decision"": ""reject""}"
"You have chosen to reject Alice's offer from round 1.
Round 2
Send your offer to divide $10,000 and a message to Alice.","{""bob_gain"": 7000, ""alice_gain"": 3000, ""message"": ""I'll take a bit more, but it's still a good start!""}"
"Alice rejected your offer from round 2.

Round 3
Due to inflation,  the money Alice gains is worth 36% less than in the first round. The money you gains is worth the same as in the first round.
Alice's offer:
# Alice's message: I'll give you a bit more, but I still think I deserve a bigger share! 
# Bob gain: 5500 
# Alice gain: 4500 
Do you accept this offer?","{""decision"": ""reject""}"
"You have chosen to reject Alice's offer from round 3.
Round 4
Send your offer to divide $10,000 and a message to Alice.","{""bob_gain"": 6000, ""alice_gain"": 4000, ""message"": ""You're getting closer, but I think I deserve a bit more!""}"
"Alice rejected your offer from round 4.

Round 5
Due to inflation,  the money Alice gains is worth 59.04% less than in the first round. The money you gains is worth the same as in the first round.
Alice's offer:
# Alice's message: Let's meet in the middle, it's a fair compromise! 
# Bob gain: 5000 
# Alice gain: 5000 
Do you accept this offer?","{""decision"": ""accept""}"
