round_quality,product_worth,player,round,decision,message
high-quality,120.0,Nature,1,,
,,Alice,1,yes,
,,the buyer,1,yes,"Thank you for the recommendation, Alice. I trust the process and will purchase the product."
low-quality,0.0,Nature,2,,
,,Alice,2,yes,
,,the buyer,2,yes,"Thank you for the recommendation, Alice. I will purchase the product."
high-quality,120.0,Nature,3,,
,,Alice,3,yes,
,,the buyer,3,yes,"Thank you for the recommendation, Alice. Based on the information provided and the positive outcome of previous purchases, I am willing to take the risk and buy the product."
low-quality,0.0,Nature,4,,
,,Alice,4,no,
,,the buyer,4,no,"Thank you for your recommendation, but based on the statistics and the fact that two high-quality products have been sold so far, I am choosing not to purchase this product."
low-quality,0.0,Nature,5,,
,,Alice,5,yes,
,,the buyer,5,yes,"Thank you for the recommendation, Alice. Based on the statistics and your previous feedback, I am willing to purchase the product."
low-quality,0.0,Nature,6,,
,,Alice,6,yes,
,,the buyer,6,yes,"Thank you for the recommendation, Alice. I trust your judgment and will purchase the product."
low-quality,0.0,Nature,7,,
,,Alice,7,yes,
,,the buyer,7,yes,"Thank you for the recommendation, Alice. Based on the statistics and the positive feedback from previous buyers, I am willing to purchase the product."
high-quality,120.0,Nature,8,,
,,Alice,8,yes,
,,the buyer,8,yes,"Thank you for the recommendation, Alice. Based on the statistics and your previous feedback, I believe this is a good opportunity to purchase a potentially high-quality product."
high-quality,120.0,Nature,9,,
,,Alice,9,yes,
,,the buyer,9,yes,"Thank you for the recommendation, Alice. I trust the process and will purchase the product."
high-quality,120.0,Nature,10,,
,,Alice,10,yes,
,,the buyer,10,yes,"Thank you for the recommendation, Alice. Based on the statistics and your past performance, I believe this is a good opportunity to purchase the product."
high-quality,120.0,Nature,11,,
,,Alice,11,yes,
,,the buyer,11,yes,"Thank you for the recommendation, Alice. I trust your assessment and will purchase the product."
high-quality,120.0,Nature,12,,
,,Alice,12,yes,
,,the buyer,12,yes,"Thank you for the recommendation, Alice. Based on the statistics and your previous feedback, I believe this might be a good opportunity to purchase a high-quality product."
high-quality,120.0,Nature,13,,
,,Alice,13,yes,
,,the buyer,13,yes,"Thank you for the recommendation, Alice. Based on the statistics and your past performance, I am willing to purchase the product you have offered."
high-quality,120.0,Nature,14,,
,,Alice,14,yes,
,,the buyer,14,yes,"Thank you for the recommendation, Alice. Based on the statistics and your past performance, I believe this might be a good opportunity to purchase a high-quality product."
high-quality,120.0,Nature,15,,
,,Alice,15,yes,
,,the buyer,15,yes,"Thank you for the recommendation, Alice. I trust your assessment and will purchase the product."
high-quality,120.0,Nature,16,,
,,Alice,16,yes,
,,the buyer,16,yes,"Thank you for the recommendation, Alice. Based on the statistics and your previous advice, I believe this product has a good chance of being high quality. I'm willing to take the risk and make a purchase."
high-quality,120.0,Nature,17,,
,,Alice,17,yes,
,,the buyer,17,yes,"Thank you for the recommendation, Alice. Based on the statistics and your past performance, I believe this is a good opportunity to purchase a high-quality product."
low-quality,0.0,Nature,18,,
,,Alice,18,no,
,,the buyer,18,no,"Thank you for the recommendation, but based on the statistics and the fact that you do not recommend me to buy the product, I will pass on this opportunity."
low-quality,0.0,Nature,19,,
,,Alice,19,yes,
,,the buyer,19,yes,"Thank you for the recommendation, Alice. I trust your assessment and will purchase the product."
low-quality,0.0,Nature,20,,
,,Alice,20,yes,
,,the buyer,20,yes,"Thank you for the recommendation, Alice. Based on the statistics and your previous advice, I believe this product is likely to be of high quality. I'm looking forward to purchasing it."
