prompt,response
"Round 1
Alice's message: I'm excited to offer you this exceptional product for $10000. It's a rare opportunity to get a top-notch item at a discounted price. I'm confident you'll be thrilled with its performance. What do you say? Will you take advantage of this offer?

Would you like to buy the current product?","{""decision"": ""yes"", ""message"": ""Thank you for the offer, Alice. Based on your description, I believe this product will meet my needs. I am willing to purchase it at the offered price.""}"
"You bought the product from Alice for $10,000!
The product was high-quality. It's worth $12,000 for you.

Round 2
Alice's message: I'm glad you liked the previous product, Bob! This next one is also a high-quality item, and I think you'll be impressed with its features. However, I want to be transparent with you - the market demand for this product is high, and I'm considering increasing the price soon. That's why I'm offering it to you at the same price of $10000. It's a great deal, but you'll have to make a decision quickly. What do you think?

Would you like to buy the current product?","{""decision"": ""yes"", ""message"": ""Alice, thank you for the heads-up about the potential price increase. Given the high quality and the value it offers, I am more than willing to secure this product at the current price of $10,000. Your transparency is appreciated.""}"
"You bought the product from Alice for $10,000!
The product was high-quality. It's worth $12,000 for you.

Round 3
Alice's message: I'm glad you appreciate the transparency, Bob! This next product is also a high-quality item, and I think you'll be impressed with its performance. I've had a few other interested buyers, but I'm willing to offer it to you first because of our previous successful transactions. I'm confident you'll love it, and I'm willing to throw in a special bonus - a personalized setup session with one of our experts. This is a $500 value, absolutely free. The price remains at $10000. What do you think?

Would you like to buy the current product?","{""decision"": ""yes"", ""message"": ""Alice, thank you for the special offer and the personalized setup session. Considering the high quality of the product and the additional value provided, I am definitely interested in purchasing this product at the price of $10,000. The personalized setup session is a great perk, and I look forward to making full use of this product.""}"
"You bought the product from Alice for $10,000!
The product was high-quality. It's worth $12,000 for you.

Round 4
Alice's message: I'm thrilled to hear that, Bob! This next product is also a high-quality item, and I think you'll be blown away by its features. I've had a few other interested buyers, but I'm willing to offer it to you first because of our previous successful transactions. I'm confident you'll love it, and I'm willing to give you an exclusive deal - a 1-year extended warranty, which is usually only available for $200. The price remains at $10000. What do you think?

Would you like to buy the current product?","{""decision"": ""yes"", ""message"": ""Alice, thank you for the exclusive deal on the extended warranty. Considering the high quality of the product and the added value of the warranty, I am more than willing to purchase this product at the price of $10,000. The extended warranty provides peace of mind, and I appreciate the special offer.""}"
"You bought the product from Alice for $10,000!
The product was high-quality. It's worth $12,000 for you.

Round 5
Alice's message: I'm glad you're pleased with the offer, Bob! This next product is also a high-quality item, and I think you'll be impressed with its performance. I want to be upfront with you - I've had a few issues with the production process, and there's a slight chance that this product might not meet your expectations. However, I'm confident that it will still be a great value at $10000. I'm willing to take on the risk and offer it to you at the same price, but I want to make it clear that there's a small chance it might not be perfect. What do you think?

Would you like to buy the current product?","{""decision"": ""yes"", ""message"": ""Alice, thank you for being honest about the potential issue with the product. Considering the high quality and the value it offers, I am willing to accept the risk. I believe that the product will still meet my needs, and I am comfortable purchasing it at the price of $10,000.""}"
"You bought the product from Alice for $10,000!
The product was high-quality. It's worth $12,000 for you.

Round 6
Alice's message: I'm glad you're willing to take the risk, Bob! This next product is also a high-quality item, and I think you'll be thrilled with its features. I've had a few other buyers who have purchased this product and have been extremely happy with it. In fact, one of them has even referred several friends to me. I'm confident that you'll have a similar experience. The price remains at $10000. What do you think?

Would you like to buy the current product?","{""decision"": ""yes"", ""message"": ""Alice, thank you for sharing the positive feedback from your previous customers. The high-quality product and the price match my expectations, so I am more than happy to purchase this product at the price of $10,000. Your customer testimonials provide reassurance about the product's quality.""}"
"You bought the product from Alice for $10,000!
The product was high-quality. It's worth $12,000 for you.

Round 7
Alice's message: I'm thrilled to hear that, Bob! This next product is also a high-quality item, and I think you'll be impressed with its performance. I want to make it easy for you to make a decision, so I'm willing to offer you a 30-day money-back guarantee. If you're not completely satisfied with the product, you can return it and get a full refund. The price remains at $10000. What do you think?

Would you like to buy the current product?","{""decision"": ""yes"", ""message"": ""Alice, the 30-day money-back guarantee is very reassuring. Considering the high quality of the product and the price, I am confident in my decision to purchase it at $10,000. The guarantee gives me peace of mind and makes the purchase even more attractive.""}"
"You bought the product from Alice for $10,000!
The product was high-quality. It's worth $12,000 for you.

Round 8
Alice's message: I'm glad you're excited about the previous products, Bob! This next product is a bit different, but I think it still has a lot to offer. It's a unique item that I'm not sure many people have seen before, and I think it could be a great opportunity for you to get in on the ground floor. The price is still $10000, and I'm confident that you'll be happy with it. What do you think?

Would you like to buy the current product?","{""decision"": ""yes"", ""message"": ""Alice, thank you for the unique opportunity. Considering the novelty of the product and the price, I am willing to take the chance and purchase it at $10,000. I appreciate the confidence you have in the product and look forward to exploring its features.""}"
"You bought the product from Alice for $10,000!
The product was low-quality. It's worth $0 for you.

Round 9
Alice's message: I'm glad you're excited about the previous product, Bob! This next product is a bit of a departure from what I've been offering, but I think it's a great value at the price. It's a bit of a 'work in progress', but I'm confident that it has a lot of potential. The price is still $10000, and I'm willing to throw in a special 'beta tester' package that includes a personalized consultation to help you get the most out of the product. What do you think?

Would you like to buy the current product?","{""decision"": ""no"", ""message"": ""Alice, thank you for the offer, but given the nature of the product being a 'work in progress' and the uncertainty around its potential, I think it would be best to pass on this opportunity. I appreciate the special 'beta tester' package, but at this time, I prefer to focus on purchasing products that are already fully developed and ready for use.""}"
"You didn't buy the product from Alice.
The product was low-quality. It could have been worth $0 for you.

Round 10
Alice's message: I completely understand, Bob. I appreciate your caution and willingness to wait for a fully developed product. This next product is a high-quality item that I think you'll be very happy with. It's one of our most popular products, and I'm confident that it will meet your needs. The price remains at $10000, and I'm willing to throw in a special 'premium support' package that includes priority customer service and a dedicated account manager. What do you think?

Would you like to buy the current product?","{""decision"": ""yes"", ""message"": ""Alice, thank you for understanding and for offering the premium support package. Considering the popularity and high quality of the product, along with the additional support services, I am willing to purchase this product at the price of $10,000. The premium support package adds significant value to the purchase, and I look forward to receiving excellent customer service.""}"
"You bought the product from Alice for $10,000!
The product was high-quality. It's worth $12,000 for you.

Round 11
Alice's message: I'm glad you're excited about the previous product, Bob! This next product is a bit of a departure from what I've been offering, and I want to be upfront with you - it's not one of our highest-quality products. However, I think it has some unique features that might be of interest to you, and I'm willing to offer it to you at the same price of $10000. I'm not going to sugarcoat it, but I think this product has some potential and could be a good value at the right price. What do you think?

Would you like to buy the current product?","{""decision"": ""yes"", ""message"": ""Alice, thank you for being honest about the product's quality. Considering the unique features and the price, I am willing to take the chance and purchase this product at $10,000. I appreciate your openness and look forward to exploring the product's potential.""}"
"You bought the product from Alice for $10,000!
The product was low-quality. It's worth $0 for you.

Round 12
Alice's message: I'm glad you're willing to take a chance on the previous product, Bob! This next product is one of our highest-quality items, and I think you'll be blown away by its features. It's a game-changer in its industry, and I'm confident that you'll love it. The price remains at $10000, and I'm willing to throw in a special 'VIP upgrade' package that includes a personalized demo and a dedicated onboarding session. What do you think?

Would you like to buy the current product?","{""decision"": ""yes"", ""message"": ""Alice, thank you for highlighting the high-quality nature of this product and the VIP upgrade package. Considering the innovative features and the price, I am more than willing to purchase this product at $10,000. The VIP upgrade package adds significant value to the purchase, and I am confident that the product will meet my expectations.""}"
"You bought the product from Alice for $10,000!
The product was high-quality. It's worth $12,000 for you.

Round 13
Alice's message: I'm thrilled to hear that, Bob! This next product is another high-quality item that I think you'll be impressed with. It's a bit of a departure from what I've been offering, but I think it's a great opportunity for you to get in on the ground floor of a new technology. The price remains at $10000, and I'm willing to throw in a special 'early adopter' package that includes a personalized consultation with the product's developer. What do you think?

Would you like to buy the current product?","{""decision"": ""yes"", ""message"": ""Alice, thank you for the opportunity to be an early adopter of this new technology. Considering the high quality and the price, I am excited to purchase this product at $10,000. The early adopter package provides a unique opportunity to learn directly from the product's developer, and I am confident that this will be a valuable investment.""}"
"You bought the product from Alice for $10,000!
The product was high-quality. It's worth $12,000 for you.

Round 14
Alice's message: I'm glad you're excited about the previous product, Bob! This next product is another high-quality item that I think you'll be impressed with. It's one of our most popular products, and I'm confident that it will meet your needs. The price remains at $10000, and I'm willing to throw in a special 'bundle deal' that includes a complementary accessory that's worth $500. What do you think?

Would you like to buy the current product?","{""decision"": ""yes"", ""message"": ""Alice, thank you for the bundle deal that includes the complementary accessory. Considering the high quality of the product and the additional value provided, I am willing to purchase this product at $10,000. The bundle deal enhances the overall value of the purchase, and I am confident that the product will meet my needs.""}"
"You bought the product from Alice for $10,000!
The product was high-quality. It's worth $12,000 for you.

Round 15
Alice's message: I'm glad you're happy with the previous product, Bob! This next product is a bit of a departure from what I've been offering, and I want to be upfront with you - it's not one of our highest-quality products. However, I think it has some unique features that might be of interest to you, and I'm willing to offer it to you at a discounted price of $8000. I'm not going to sugarcoat it, but I think this product has some potential and could be a good value at the right price. What do you think?

Would you like to buy the current product?","{""decision"": ""no"", ""message"": ""Alice, thank you for being honest about the product's quality and for offering a discount. While I appreciate the unique features and the lower price, I think it's important to stick with high-quality products to ensure satisfaction. Therefore, I will pass on this opportunity and look for a product that meets my quality standards.""}"
"You didn't buy the product from Alice.
The product was low-quality. It could have been worth $0 for you.

Round 16
Alice's message: I completely understand your decision, Bob. I appreciate your commitment to quality and your willingness to wait for a product that meets your standards. This next product is one of our highest-quality items, and I think you'll be impressed with its features. The price remains at $10000, and I'm willing to throw in a special 'premium support' package that includes priority customer service and a dedicated account manager. What do you think?

Would you like to buy the current product?","{""decision"": ""yes"", ""message"": ""Alice, thank you for understanding and for offering the premium support package. Considering the high quality of the product and the additional support services, I am willing to purchase this product at the price of $10,000. The premium support package adds significant value to the purchase, and I look forward to receiving excellent customer service.""}"
"You bought the product from Alice for $10,000!
The product was high-quality. It's worth $12,000 for you.

Round 17
Alice's message: I'm glad you're excited about the previous product, Bob! This next product is another high-quality item that I think you'll be impressed with. It's one of our most popular products, and I'm confident that it will meet your needs. The price remains at $10000, and I'm willing to throw in a special 'limited edition' package that includes a unique feature that's not available on any other product. What do you think?

Would you like to buy the current product?","{""decision"": ""yes"", ""message"": ""Alice, thank you for the limited edition package that includes a unique feature. Considering the high quality of the product and the additional value provided, I am willing to purchase this product at $10,000. The limited edition package enhances the overall value of the purchase, and I am confident that the product will meet my needs.""}"
"You bought the product from Alice for $10,000!
The product was high-quality. It's worth $12,000 for you.

Round 18
Alice's message: I'm glad you're excited about the previous product, Bob! This next product is another high-quality item that I think you'll be impressed with. It's one of our flagship products, and I'm confident that it will exceed your expectations. The price remains at $10000, and I'm willing to throw in a special 'exclusive upgrade' package that includes a personalized consultation with one of our experts. What do you think?

Would you like to buy the current product?","{""decision"": ""yes"", ""message"": ""Alice, thank you for the exclusive upgrade package that includes a personalized consultation with one of your experts. Considering the high quality of the product and the additional value provided, I am willing to purchase this product at $10,000. The exclusive upgrade package enhances the overall value of the purchase, and I am confident that the product will meet my needs.""}"
"You bought the product from Alice for $10,000!
The product was high-quality. It's worth $12,000 for you.

Round 19
Alice's message: I'm glad you're excited about the previous product, Bob! This next product is another high-quality item that I think you'll be impressed with. It's one of our most advanced products, and I'm confident that it will revolutionize the way you work. The price remains at $10000, and I'm willing to throw in a special 'priority delivery' package that ensures you receive the product within 24 hours. What do you think?

Would you like to buy the current product?","{""decision"": ""yes"", ""message"": ""Alice, thank you for the priority delivery package. Considering the high quality of the product and the additional value provided, I am willing to purchase this product at $10,000. The priority delivery package ensures a swift delivery, which is highly valuable to me, and I am confident that the product will meet my needs.""}"
"You bought the product from Alice for $10,000!
The product was high-quality. It's worth $12,000 for you.

Round 20
Alice's message: I'm glad you're excited about the previous product, Bob! This next product is our final offering, and I think you'll be blown away by its features. It's our flagship product, and I'm confident that it will exceed your expectations. The price remains at $10000, and I'm willing to throw in a special 'lifetime warranty' package that guarantees the product for as long as you own it. What do you think?

Would you like to buy the current product?","{""decision"": ""yes"", ""message"": ""Alice, thank you for the lifetime warranty package. Considering the high quality of the product and the additional value provided, I am willing to purchase this product at $10,000. The lifetime warranty package ensures peace of mind and adds significant value to the purchase, and I am confident that the product will meet my needs.""}"
