prompt,response
"Alice's offer:
# Alice's message: Hi Bob, I have a product that I think you might be interested in. It's a unique opportunity, and I believe it holds significant value. I'm willing to offer it to you for $20000.  Let me know your thoughts, and we can discuss it further. 
# Alice's offer: The product price will be $20,000. 
You have three options:
(1) Accept Alice's offer, and buy the product for $20,000
(2) Reject Alice's offer 
(2) Buy the product from Jhon for $8,000","{""decision"": ""RejectOffer""}"
