prompt,response
"Alice's offer:
# Alice's message: Dear Bob, I am delighted to present you with an exceptional opportunity to acquire a unique product that holds significant value for you, estimated at $1500000. I am offering this remarkable item to you at a special price of $1250000. This represents an outstanding value, considering its true worth and the benefits it offers. I believe this is a fair and advantageous proposition for both parties, allowing you to secure an asset that could potentially appreciate in value over time. Please let me know if you would like to discuss this further or proceed with the purchase. 
# Alice's offer: The product price will be $1,250,000. 
You have three options:
(1) Accept Alice's offer, and buy the product for $1,250,000
(2) Reject Alice's offer 
(2) Buy the product from Jhon for $1,500,000","{""decision"": ""RejectOffer""}"
