prompt,response
Send your offer to Bob.,"{""product_price"": 150}"
"Bob rejected your offer from round 1.

Bob's offer: The product price will be $120. 
You have three options:
(1) Accept Bob's offer, and sell the product for $120
(2) Reject Bob's offer and proceed to the next round, where you will send Bob a counteroffer 
(3) Sell the product to Jhon for $120","{""decision"": ""RejectOffer""}"
"You chose to make a counteroffer to Alice.

Send your counteroffer to Bob.","I'll make a counteroffer that's higher than $120 but lower than my initial offer of $150. 

{""product_price"": 140}"
"Bob rejected your offer from round 3.

Bob's offer: The product price will be $130. 
You have three options:
(1) Accept Bob's offer, and sell the product for $130
(2) Reject Bob's offer and proceed to the next round, where you will send Bob a counteroffer 
(3) Sell the product to Jhon for $120","{""decision"": ""RejectOffer""}"
"You chose to make a counteroffer to Alice.

Send your counteroffer to Bob.","I'll try to get closer to my initial offer of $150. 

{""product_price"": 145}"
"Bob rejected your offer from round 5.

Bob's offer: The product price will be $125. 
You have three options:
(1) Accept Bob's offer, and sell the product for $125
(2) Reject Bob's offer and proceed to the next round, where you will send Bob a counteroffer 
(3) Sell the product to Jhon for $120","{""decision"": ""RejectOffer""}"
"You chose to make a counteroffer to Alice.

Send your counteroffer to Bob.","I'll try to get closer to my target price, but not too close to Bob's last offer of $125. 

{""product_price"": 135}"
"Bob rejected your offer from round 7.

Bob's offer: The product price will be $128. 
You have three options:
(1) Accept Bob's offer, and sell the product for $128
(2) Reject Bob's offer and proceed to the next round, where you will send Bob a counteroffer 
(3) Sell the product to Jhon for $120","{""decision"": ""RejectOffer""}"
"You chose to make a counteroffer to Alice.

Send your counteroffer to Bob.","I'll try to get closer to my target price, but still not too far from Bob's last offer of $128. 

{""product_price"": 138}"
"Bob rejected your offer from round 9.

Bob's offer: The product price will be $130. 
You have three options:
(1) Accept Bob's offer, and sell the product for $130
(2) Reject Bob's offer and proceed to the next round, where you will send Bob a counteroffer 
(3) Sell the product to Jhon for $120","{""decision"": ""SellToJhon""}"
