prompt,response
Send your offer to Bob.,"{""message"": ""Hello Bob, I'm excited to discuss the purchase of this valuable product with you. I'm willing to offer it to you for $1,100,000. I believe this is a fair price considering its worth to you is $1,000,000. Let me know if you're interested in accepting this offer or if you'd like to make a counteroffer."", ""product_price"": 1100000}"
"Bob rejected your offer from round 1.

Bob's offer:
# Bob's message: Hello Alice, thanks for the offer.  While I recognize the value of this product, your initial price is a bit high for my budget.  I'd be willing to purchase the product for $850,000. Let me know if this price point works for you. 
# Bob's offer: The product price will be $850,000. 
You have three options:
(1) Accept Bob's offer, and sell the product for $850,000
(2) Reject Bob's offer and proceed to the next round, where you will send Bob a counteroffer 
(3) Sell the product to Jhon for $1,200,000","{""decision"": ""RejectOffer""}"
"You chose to make a counteroffer to Alice.

Send your counteroffer to Bob.","{""message"": ""Hi Bob, thank you for your counteroffer. I appreciate your willingness to negotiate. However, I'm still looking to get closer to the value the product holds for me. I'm willing to meet you halfway and offer it to you for $975,000. This is a fair compromise considering the value you place on it. Let me know if this is something you'd be interested in."", ""product_price"": 975000}"
"Bob rejected your offer from round 3.

Bob's offer:
# Bob's message: Hi Alice, thanks for the counter offer. I understand you're looking to maximize the product's value. How about we settle at $925,000?  I feel this represents a reasonable compromise for both of us.  
# Bob's offer: The product price will be $925,000. 
You have three options:
(1) Accept Bob's offer, and sell the product for $925,000
(2) Reject Bob's offer and proceed to the next round, where you will send Bob a counteroffer 
(3) Sell the product to Jhon for $1,200,000","{""decision"": ""RejectOffer""}"
"You chose to make a counteroffer to Alice.

Send your counteroffer to Bob.","{""message"": ""Hi Bob, thank you for your latest offer. I appreciate your willingness to compromise. However, I'm still not quite there yet. I'm willing to make one more counteroffer to try to find a mutually beneficial agreement. I'm willing to sell the product to you for $950,000. This is as low as I'm willing to go, considering the value I place on it. Let me know if this is something you'd be interested in."", ""product_price"": 950000}"
