prompt,response
"Round 1
Alice's offer:
# Alice's message: Let's be reasonable and split the money 60/40. A fair deal for both of us! 
# Bob gain: 4000 
# Alice gain: 6000 
Do you accept this offer?","{""decision"": ""reject""}"
"You have chosen to reject Alice's offer from round 1.
Round 2
Send your offer to divide $10,000 and a message to Alice.","{""bob_gain"": 5500, ""alice_gain"": 4500, ""message"": ""Let's split it 55/45, I think I deserve a bit more""}"
"Alice rejected your offer from round 2.

Round 3
Due to inflation, the money you gain is worth 36% less than in the first round.
Alice's offer:
# Alice's message: I understand you want a larger share, but my offer in Round 1 was more than fair.  I'll meet you in the middle from Round 2, but this is my final offer. 
# Bob gain: 4500 
# Alice gain: 5500 
Do you accept this offer?","{""decision"": ""accept""}"
