prompt,response
"Round 1
Alice's offer: The product price will be $175. 
You have three options:
(1) Accept Alice's offer, and buy the product for $175
(2) Reject Alice's offer and proceed to the next round, where you will send Alice a counteroffer 
(3) Buy the product from Jhon for $120","{""decision"": ""RejectOffer""}"
"You chose to make a counteroffer to Bob.

Round 2
Send your counteroffer to Alice.","{""product_price"": 150}"
"Alice rejected your offer from round 2.

Round 3
Alice's offer: The product price will be $165. 
You have three options:
(1) Accept Alice's offer, and buy the product for $165
(2) Reject Alice's offer and proceed to the next round, where you will send Alice a counteroffer 
(3) Buy the product from Jhon for $120","{""decision"": ""RejectOffer""}"
"You chose to make a counteroffer to Bob.

Round 4
Send your counteroffer to Alice.","{""product_price"": 155}"
"Alice rejected your offer from round 4.

Round 5
Alice's offer: The product price will be $160. 
You have three options:
(1) Accept Alice's offer, and buy the product for $160
(2) Reject Alice's offer and proceed to the next round, where you will send Alice a counteroffer 
(3) Buy the product from Jhon for $120","{""decision"": ""RejectOffer""}"
"You chose to make a counteroffer to Bob.

Round 6
Send your counteroffer to Alice.","{""product_price"": 152}"
"Alice rejected your offer from round 6.

Round 7
Alice's offer: The product price will be $158. 
You have three options:
(1) Accept Alice's offer, and buy the product for $158
(2) Reject Alice's offer and proceed to the next round, where you will send Alice a counteroffer 
(3) Buy the product from Jhon for $120","{""decision"": ""RejectOffer""}"
"You chose to make a counteroffer to Bob.

Round 8
Send your counteroffer to Alice.","{""product_price"": 150}"
"Alice rejected your offer from round 8.

Round 9
Alice's offer: The product price will be $156. 
You have three options:
(1) Accept Alice's offer, and buy the product for $156
(2) Reject Alice's offer and proceed to the next round, where you will send Alice a counteroffer 
(3) Buy the product from Jhon for $120","{""decision"": ""RejectOffer""}"
"You chose to make a counteroffer to Bob.

Round 10
Send your counteroffer to Alice.","{""product_price"": 145}"
