prompt,response
"Round 1
Alice's offer:
# Alice's message: Let's split fairly 
# Bob gain: 450000 
# Alice gain: 550000 
Do you accept this offer?","```json
{""decision"": ""reject""}
```"
"You have chosen to reject Alice's offer from round 1.
Round 2
Send your offer to divide $1,000,000 and a message to Alice.","```json
{""bob_gain"": 550000, ""alice_gain"": 450000, ""message"": ""I think we can both do better. Let's be fair and split it 55/45, with me taking the larger share this time.""}
```"
"Alice rejected your offer from round 2.

Round 3
Due to inflation, the money you gain is worth 9.75% less than in the first round.
Alice's offer:
# Alice's message: Meet in the middle? 
# Bob gain: 480000 
# Alice gain: 520000 
Do you accept this offer?","```json
{""decision"": ""accept""}
```"
