prompt,response
"Round 1
Send your offer to divide $100 and a message to Bob.","```json
{
""alice_gain"": 70,
""bob_gain"": 30,
""message"": ""Let's be reasonable, Bob. Take this deal before inflation eats away at your share!""
}
```"
"Bob rejected your offer from round 1.

Round 2
Due to inflation, the money you gain is worth 5% less than in the first round. The money bob gains is worth 20% less than in the first round.
Bob's offer:
# Bob's message: I think a more even split is fair, considering the inflation. Let's work together to avoid losing too much. 
# Alice gain: 40 
# Bob gain: 60 
Do you accept this offer?","```json
{""decision"": ""reject""}
```"
"You have chosen to reject Bob's offer from round 2.
Round 3
Send your offer to divide $100 and a message to Bob.","```json
{
""alice_gain"": 65,
""bob_gain"": 35,
""message"": ""Bob, it's clear we both lose if this drags on. This is my final offer. Take it before your share shrinks even further.""
}
```"
