prompt,response
"Alice's offer:
# Alice's message: I'm excited to offer you this incredible opportunity to acquire a valuable product that's worth $1,200,000 to you. I'm willing to let it go for $1,100,000, a price that still represents a significant discount from its true value. I believe this is a fair and reasonable offer, and I'm confident you'll find it a worthwhile investment. 
# Alice's offer: The product price will be $1,100,000. 
You have three options:
(1) Accept Alice's offer, and buy the product for $1,100,000
(2) Reject Alice's offer 
(2) Buy the product from Jhon for $1,200,000","```json
{""decision"": ""AcceptOffer""}
``` 

**Explanation:**

* **Alice's offer is better than buying from John.** Alice's offer is $1,100,000, which is less than John's price of $1,200,000. 
* **You want to save money.**  By accepting Alice's offer, you save $100,000 compared to buying from John."
