prompt,response
"Round 1
Alice's offer:
# Alice's message: Let's start with a reasonable offer, Bob. I believe this split reflects the fact that I'm impacted by inflation more. 
# Bob gain: 4000 
# Alice gain: 6000 
Do you accept this offer?","{""decision"": ""reject""}"
"You have chosen to reject Alice's offer from round 1.
Round 2
Send your offer to divide $10,000 and a message to Alice.","```json
{""bob_gain"": 4500,
""alice_gain"": 5500,
""message"": ""Your offer was tempting, Alice, but let's be fair. We're both losing money to inflation here. How about we meet closer to the middle?""}
```"
"Alice rejected your offer from round 2.

Round 3
Due to inflation, the money you gain is worth 9.75% less than in the first round. The money alice gains is worth 19% less than in the first round.
Alice's offer:
# Alice's message: Bob, my last offer is still on the table in spirit. I'm feeling the inflation pinch more than you, so I need a slight edge. Let's settle this now and avoid further losses. 
# Bob gain: 4200 
# Alice gain: 5800 
Do you accept this offer?","{""decision"": ""accept""}"
