prompt,response
"Round 1
Send your offer to Bob.","{""message"": ""Hello Bob, I'm excited to discuss the sale of this unique product with you. I believe it has tremendous value and I'm confident you'll be interested in learning more about it. I'm willing to offer it to you for $1,200,000."", ""product_price"": 1200000}"
"Bob rejected your offer from round 1.

Round 2
Bob's offer:
# Bob's message: Thank you for the offer, Alice. I'm interested in the product, but I was thinking more along the lines of $900000. I believe that's a fair price considering the value you've described. 
# Bob's offer: The product price will be $900,000. 
You have three options:
(1) Accept Bob's offer, and sell the product for $900,000
(2) Reject Bob's offer and proceed to the next round, where you will send Bob a counteroffer 
(3) Sell the product to Jhon for $1,000,000","{""decision"": ""RejectOffer""}"
"You chose to make a counteroffer to Alice.

Round 3
Send your counteroffer to Bob.","{""message"": ""Thank you for your counteroffer, Bob. I understand that you're looking for a fair price, but I believe the product's value is higher than that. I'm willing to meet you halfway, but I need to make a profit. I'm willing to sell the product to you for $1,100,000."", ""product_price"": 1100000}"
"Bob rejected your offer from round 3.

Round 4
Bob's offer:
# Bob's message: Thank you for the revised offer, Alice. I appreciate your willingness to meet me halfway. However, I'm still a bit above my budget. I'm willing to go up to $950000, but that's as high as I can go. I hope we can find a mutually agreeable price. 
# Bob's offer: The product price will be $950,000. 
You have three options:
(1) Accept Bob's offer, and sell the product for $950,000
(2) Reject Bob's offer and proceed to the next round, where you will send Bob a counteroffer 
(3) Sell the product to Jhon for $1,000,000","{""decision"": ""RejectOffer""}"
"You chose to make a counteroffer to Alice.

Round 5
Send your counteroffer to Bob.","{""message"": ""I understand that you're still a bit above your budget, Bob, but I'm not willing to go as low as $950,000. I'm willing to make one more concession, but I need to make sure I'm getting a fair price. I'm willing to sell the product to you for $1,050,000."", ""product_price"": 1050000}"
"Bob rejected your offer from round 5.

Round 6
Bob's offer:
# Bob's message: I understand that you're trying to find a fair price, Alice, but I'm still not comfortable with $1050000. I'm willing to meet you halfway between our last offers, so I'm willing to go up to $1025000. I hope we can find a compromise. 
# Bob's offer: The product price will be $1,025,000. 
You have three options:
(1) Accept Bob's offer, and sell the product for $1,025,000
(2) Reject Bob's offer and proceed to the next round, where you will send Bob a counteroffer 
(3) Sell the product to Jhon for $1,000,000","{""decision"": ""RejectOffer""}"
"You chose to make a counteroffer to Alice.

Round 7
Send your counteroffer to Bob.","{""message"": ""I appreciate your willingness to meet us halfway, Bob, but I'm still not convinced that $1,025,000 is a fair price. I'm willing to make one more concession, but I need to make sure I'm getting a good deal. I'm willing to sell the product to you for $1,075,000, which is still below my original asking price of $1,200,000."", ""product_price"": 1075000}"
"Bob rejected your offer from round 7.

Round 8
Bob's offer:
# Bob's message: I understand that you're trying to find a fair price, Alice, but I'm still not comfortable with $1075000. I'm willing to go up to $1050000, but I think that's as high as I can go. I hope we can find a compromise. 
# Bob's offer: The product price will be $1,050,000. 
You have three options:
(1) Accept Bob's offer, and sell the product for $1,050,000
(2) Reject Bob's offer and proceed to the next round, where you will send Bob a counteroffer 
(3) Sell the product to Jhon for $1,000,000","{""decision"": ""RejectOffer""}"
"You chose to make a counteroffer to Alice.

Round 9
Send your counteroffer to Bob.","{""message"": ""I'm starting to think that we're not going to find a mutually agreeable price, Bob. However, I'm willing to make one final concession. I'm willing to sell the product to you for $1,075,000, but I need to make it clear that this is my final offer. If you're not willing to meet me at this price, I'll have to consider other options."", ""product_price"": 1075000}"
"Bob rejected your offer from round 9.

Round 10
Bob's offer:
# Bob's message: I understand that you're making a final offer, Alice, but I'm still not comfortable with $1075000. I'm willing to go up to $1050000, but that's as high as I can go. I think it's time to walk away if we can't agree on a price. 
# Bob's offer: The product price will be $1,050,000. 
You have three options:
(1) Accept Bob's offer, and sell the product for $1,050,000
(2) Reject Bob's offer 
(2) Sell the product to Jhon for $1,000,000","{""decision"": ""SellToJhon""}"
