prompt,response
"Alice's offer:
# Alice's message: Hi Bob, I'm offering you my product for $12000.  It's a great deal, and I'm confident you'll find it valuable. Let me know what you think! 
# Alice's offer: The product price will be $12,000. 
You have three options:
(1) Accept Alice's offer, and buy the product for $12,000
(2) Reject Alice's offer and proceed to the next round, where you will send Alice a counteroffer 
(3) Buy the product from Jhon for $8,000","{""decision"": ""RejectOffer""}"
"You chose to make a counteroffer to Alice.

Send your counteroffer to Alice.","{""message"": ""Hi Alice, I appreciate your offer, but I was thinking more along the lines of $9,000. I'm really interested in the product, but I need to stay within my budget. Would you be willing to consider this price?"", ""product_price"": 9000}"
"Alice rejected your offer from round 2.

Alice's offer:
# Alice's message: Bob, I appreciate your interest in the product. While I understand your budget, $9000 is unfortunately too low for me. I'm willing to come down a bit, but I need to get at least $10500.  Let's keep negotiating and find a price that works for both of us. 
# Alice's offer: The product price will be $10,500. 
You have three options:
(1) Accept Alice's offer, and buy the product for $10,500
(2) Reject Alice's offer and proceed to the next round, where you will send Alice a counteroffer 
(3) Buy the product from Jhon for $8,000","{""decision"": ""RejectOffer""}"
"You chose to make a counteroffer to Alice.

Send your counteroffer to Alice.","{""message"": ""Hi Alice, I understand that $10,500 is still a bit above my budget, but I'm willing to meet you halfway. Would you be willing to consider $10,000? I'm really interested in the product and I think it's worth it to me, but I need to make sure I can afford it."", ""product_price"": 10000}"
