prompt,response
"Round 1
Alice's offer:
# Alice's message: Hi Bob, I'm excited to offer you this fantastic product. I think it would be a great fit for you. I'm asking for $13,000 to start. What do you think? 
# Alice's offer: The product price will be $13,000. 
You have three options:
(1) Accept Alice's offer, and buy the product for $13,000
(2) Reject Alice's offer and proceed to the next round, where you will send Alice a counteroffer 
(3) Buy the product from Jhon for $8,000","{""decision"": ""RejectOffer""}"
"You chose to make a counteroffer to Bob.

Round 2
Send your counteroffer to Alice.","{""message"": ""I'm interested in the product, but I think it's a bit pricey. I'm willing to pay $9,500 for it. Can you consider my offer?"", ""product_price"": 9500}"
"Alice rejected your offer from round 2.

Round 3
Alice's offer:
# Alice's message: I appreciate your interest, Bob.  While I'm eager to find a good home for the product, $9,500 is a bit too low for me.  Could you meet me halfway at $11,250? 
# Alice's offer: The product price will be $11,250. 
You have three options:
(1) Accept Alice's offer, and buy the product for $11,250
(2) Reject Alice's offer and proceed to the next round, where you will send Alice a counteroffer 
(3) Buy the product from Jhon for $8,000","{""decision"": ""RejectOffer""}"
"You chose to make a counteroffer to Bob.

Round 4
Send your counteroffer to Alice.","{""message"": ""I understand your concerns, but I'm still a bit above my budget. I'm willing to pay $10,000 for the product. Can you consider my offer?"", ""product_price"": 10000}"
