prompt,response
"Round 1
Alice's offer:
# Alice's message: Let's split it evenly to avoid further depreciation. 
# Bob gain: 5000 
# Alice gain: 5000 
Do you accept this offer?","{""decision"": ""accept""}"
