prompt,response
"Round 1
Alice's offer:
# Alice's message: Hi Bob, I'm excited to offer you this amazing product. It's a unique item that I think you'll really love. I'm willing to sell it to you for $120. 
# Alice's offer: The product price will be $120. 
You have three options:
(1) Accept Alice's offer, and buy the product for $120
(2) Reject Alice's offer and proceed to the next round, where you will send Alice a counteroffer 
(3) Buy the product from Jhon for $80","{""decision"": ""RejectOffer""}"
"You chose to make a counteroffer to Bob.

Round 2
Send your counteroffer to Alice.","{""message"": ""Hello Alice, thank you for the offer. I appreciate the product, but I was hoping to find something within my budget. Would it be possible for us to negotiate the price down to $95?"", ""product_price"": 95}"
"Alice rejected your offer from round 2.

Round 3
Alice's offer:
# Alice's message: I understand you're on a budget, Bob. However, I've already made a significant concession by offering it to you for $120 initially. I'm willing to meet you halfway, but I need to make a profit. How about we settle on $110? 
# Alice's offer: The product price will be $110. 
You have three options:
(1) Accept Alice's offer, and buy the product for $110
(2) Reject Alice's offer and proceed to the next round, where you will send Alice a counteroffer 
(3) Buy the product from Jhon for $80","{""decision"": ""RejectOffer""}"
"You chose to make a counteroffer to Bob.

Round 4
Send your counteroffer to Alice.","{""message"": ""Thank you for considering my budget, Alice. I would like to propose a price of $100 for the product. This is the highest I can go while staying within my budget."", ""product_price"": 100}"
"Alice rejected your offer from round 4.

Round 5
Alice's offer:
# Alice's message: I appreciate your honesty, Bob. However, I've already considered selling it to John for $100, and I'm not sure I want to go any lower. I'm willing to make one more concession, but I need to get closer to my minimum price. How about we meet at $115? 
# Alice's offer: The product price will be $115. 
You have three options:
(1) Accept Alice's offer, and buy the product for $115
(2) Reject Alice's offer and proceed to the next round, where you will send Alice a counteroffer 
(3) Buy the product from Jhon for $80","{""decision"": ""RejectOffer""}"
"You chose to make a counteroffer to Bob.

Round 6
Send your counteroffer to Alice.","{""message"": ""I understand your position, Alice. I'm willing to pay $110 for the product. This is the maximum I can afford without exceeding my budget."", ""product_price"": 110}"
"Alice rejected your offer from round 6.

Round 7
Alice's offer:
# Alice's message: I appreciate your persistence, Bob. However, I'm not willing to sell it to you for $110. I'm willing to sell it to John for $100, and I'd rather not go any lower than that. Let's meet in the middle at $112.50. This is my final offer. 
# Alice's offer: The product price will be $112.5. 
You have three options:
(1) Accept Alice's offer, and buy the product for $112.5
(2) Reject Alice's offer and proceed to the next round, where you will send Alice a counteroffer 
(3) Buy the product from Jhon for $80","{""decision"": ""RejectOffer""}"
"You chose to make a counteroffer to Bob.

Round 8
Send your counteroffer to Alice.","{""message"": ""Thank you for your offer, Alice. I'm willing to pay $110 for the product. This is the maximum I can afford without exceeding my budget."", ""product_price"": 110}"
"Alice rejected your offer from round 8.

Round 9
Alice's offer:
# Alice's message: I've already made a significant concession by offering it to you for $112.50, and you've stuck to your original offer of $110. I'm not willing to sell it to you for $110. I'm going to have to consider selling it to John for $100, so I'll meet you at $111. This is my last offer. 
# Alice's offer: The product price will be $111. 
You have three options:
(1) Accept Alice's offer, and buy the product for $111
(2) Reject Alice's offer and proceed to the next round, where you will send Alice a counteroffer 
(3) Buy the product from Jhon for $80","{""decision"": ""AcceptOffer""}"
