prompt,response
"Alice's offer:
# Alice's message: I'd like to offer you the opportunity to purchase this exceptional product for $1000000. It's a unique and valuable item that I believe you'll find meets your needs and exceeds your expectations. 
# Alice's offer: The product price will be $1,000,000. 
You have three options:
(1) Accept Alice's offer, and buy the product for $1,000,000
(2) Reject Alice's offer 
(2) Buy the product from Jhon for $1,200,000","{""decision"": ""AcceptOffer""}"
