prompt,response
"Round 1
Send your offer to Bob.","{""message"": ""Hi Bob, I have a great product that I think you'll love. I'm willing to sell it to you for $110. What do you think?"", ""product_price"": 110}"
"Bob rejected your offer from round 1.

Round 2
Bob's offer:
# Bob's message: Thanks for the offer, Alice. I'm interested in the product, but $110 is a bit steep for me.  Would you consider $90? 
# Bob's offer: The product price will be $90. 
You have three options:
(1) Accept Bob's offer, and sell the product for $90
(2) Reject Bob's offer and proceed to the next round, where you will send Bob a counteroffer 
(3) Sell the product to Jhon for $100","{""decision"": ""RejectOffer""}"
"You chose to make a counteroffer to Alice.

Round 3
Send your counteroffer to Bob.","{""message"": ""I understand you're looking for a good deal, Bob. I can see that you're willing to pay $90, but I was thinking more along the lines of $105. I'm willing to meet you halfway, but I need to make a profit on this sale. What do you think?"", ""product_price"": 105}"
"Bob rejected your offer from round 3.

Round 4
Bob's offer:
# Bob's message: I appreciate you meeting me halfway, Alice.  How about we settle at $97? That's a fair compromise, don't you think? 
# Bob's offer: The product price will be $97. 
You have three options:
(1) Accept Bob's offer, and sell the product for $97
(2) Reject Bob's offer and proceed to the next round, where you will send Bob a counteroffer 
(3) Sell the product to Jhon for $100","{""decision"": ""RejectOffer""}"
"You chose to make a counteroffer to Alice.

Round 5
Send your counteroffer to Bob.","{""message"": ""I appreciate your persistence, Bob! I can see you're serious about getting this deal done. I'm willing to meet you at $98, but I need to make a bit more than that to make it worth my while. What do you think?"", ""product_price"": 98}"
