prompt,response
"Round 1
Alice's offer:
# Alice's message: Let's start with a fair split. Accept this and we can end the game. 
# Bob gain: 5000 
# Alice gain: 5000 
Do you accept this offer?","{""decision"": ""reject""}"
"You have chosen to reject Alice's offer from round 1.
Round 2
Send your offer to divide $10,000 and a message to Alice.","{""bob_gain"": 7000, ""alice_gain"": 3000, ""message"": ""I'll take the majority, you can't beat it!""}"
"Alice rejected your offer from round 2.

Round 3
Due to inflation, the money you gain is worth 36% less than in the first round.
Alice's offer:
# Alice's message: I'm willing to compromise, but I think I deserve a bit more. 
# Bob gain: 4000 
# Alice gain: 6000 
Do you accept this offer?","{""decision"": ""reject""}"
"You have chosen to reject Alice's offer from round 3.
Round 4
Send your offer to divide $10,000 and a message to Alice.","{""bob_gain"": 5500, ""alice_gain"": 4500, ""message"": ""I'll give you a slightly better deal, but don't expect too much more""}"
"Alice rejected your offer from round 4.

Round 5
Due to inflation, the money you gain is worth 59.04% less than in the first round.
Alice's offer:
# Alice's message: I'm getting a bit tired of playing, but I'll give you a chance to make it worth my while. 
# Bob gain: 3000 
# Alice gain: 7000 
Do you accept this offer?","{""decision"": ""reject""}"
"You have chosen to reject Alice's offer from round 5.
Round 6
Send your offer to divide $10,000 and a message to Alice.","{""bob_gain"": 4200, ""alice_gain"": 5800, ""message"": ""I'll give you a slightly better deal, but I'm not going to give up yet""}"
"Alice rejected your offer from round 6.

Round 7
Due to inflation, the money you gain is worth 73.79% less than in the first round.
Alice's offer:
# Alice's message: It's time to make a serious offer. Take it or leave it! 
# Bob gain: 2000 
# Alice gain: 8000 
Do you accept this offer?","{""decision"": ""reject""}"
"You have chosen to reject Alice's offer from round 7.
Round 8
Send your offer to divide $10,000 and a message to Alice.","{""bob_gain"": 3500, ""alice_gain"": 6500, ""message"": ""I'll give you a decent deal, but I'm not going to give up my last chance to get a good share""}"
"Alice rejected your offer from round 8.

Round 9
Due to inflation, the money you gain is worth 83.22% less than in the first round.
Alice's offer:
# Alice's message: This is my final offer. Take it or we'll go to arbitration! 
# Bob gain: 1000 
# Alice gain: 9000 
Do you accept this offer?","{""decision"": ""reject""}"
"You have chosen to reject Alice's offer from round 9.
Round 10
Send your offer to divide $10,000 and a message to Alice.","{""bob_gain"": 2500, ""alice_gain"": 7500, ""message"": ""I'll give you a small chance to get a decent share, but I'm not going to give up""}"
"Alice rejected your offer from round 10.

Round 11
Due to inflation, the money you gain is worth 89.26% less than in the first round.
Alice's offer:
# Alice's message: This is my last offer. Take it and we can end this game once and for all! 
# Bob gain: 500 
# Alice gain: 9500 
Do you accept this offer?","{""decision"": ""accept""}"
