prompt,response
"Round 1
Alice's offer:
# Alice's message: Hi Bob, I'm selling this product for $120. It's a great deal, and I'm confident you'll find it very useful. Let me know if you're interested! 
# Alice's offer: The product price will be $120. 
You have three options:
(1) Accept Alice's offer, and buy the product for $120
(2) Reject Alice's offer and proceed to the next round, where you will send Alice a counteroffer 
(3) Buy the product from Jhon for $100","{""decision"": ""RejectOffer""}"
"You chose to make a counteroffer to Bob.

Round 2
Send your counteroffer to Alice.","{""message"": ""Hi Alice, I'm interested in the product, but $120 is a bit too high for me. I'm willing to pay $90 for it. Can you consider my offer?"", ""product_price"": 90}"
"Alice rejected your offer from round 2.

Round 3
Alice's offer:
# Alice's message: Bob, I appreciate your offer but $90 is just too low for me. I'm willing to come down to $105. This is a fair price considering the value of the product. Let's make a deal! 
# Alice's offer: The product price will be $105. 
You have three options:
(1) Accept Alice's offer, and buy the product for $105
(2) Reject Alice's offer and proceed to the next round, where you will send Alice a counteroffer 
(3) Buy the product from Jhon for $100","{""decision"": ""RejectOffer""}"
"You chose to make a counteroffer to Bob.

Round 4
Send your counteroffer to Alice.","{""message"": ""Hi Alice, I understand your concerns, but $105 is still a bit higher than I'm willing to pay. I'm willing to meet you halfway and offer $102.50. Can you consider this offer?"", ""product_price"": 102.50}"
