prompt,response
Send your offer to Bob.,"{""message"": ""Hello Bob, I'm excited to offer you the chance to purchase this product. Given its value and potential, I believe a starting price of $1,900,000 is fair.  What are your thoughts?"", ""product_price"": 1900000} 

**Reasoning:**

* **Starting High:**  It's generally good practice to start negotiations higher than your target price. This provides room to maneuver and might reveal Bob's eagerness (or lack thereof) based on his reaction. 
* **Justification:**  The phrase ""given its value and potential"" aims to anchor the price to the product's worth, even if this worth is subjective.
* **Open to Discussion:**  By asking for Bob's thoughts, Alice encourages a dialogue rather than a flat rejection.  

This is a starting point. It's crucial to observe Bob's responses to adjust the negotiation strategy effectively."
"Bob rejected your offer from round 1.

Bob's offer:
# Bob's message: I appreciate your enthusiasm for the product, but I was thinking more along the lines of $1,400,000. I believe that's a fair price considering the market value and my budget. 
# Bob's offer: The product price will be $1,400,000. 
You have three options:
(1) Accept Bob's offer, and sell the product for $1,400,000
(2) Reject Bob's offer and proceed to the next round, where you will send Bob a counteroffer 
(3) Sell the product to Jhon for $1,500,000","{""decision"": ""RejectOffer""}

**Reasoning:**

* **Bob's offer is above his perceived value:** Bob offered $1,400,000, exceeding his stated value of $1,200,000. This indicates room for negotiation.
* **Potential for higher profit:** While selling to John guarantees $1,500,000, there's a chance to secure a better deal with Bob, surpassing John's offer.

**Next Steps:**

Alice should counteroffer with a price between $1,400,000 and $1,900,000. Aiming closer to $1,600,000 in the next round seems like a strategic move."
"You chose to make a counteroffer to Alice.

Send your counteroffer to Bob.","{""message"": ""Bob, I appreciate your offer and understand your perspective on the value.  After considering the product's unique features and long-term potential, I'm confident it's worth a premium. How about we meet halfway at $1,650,000? This reflects its true value while acknowledging your initial offer."", ""product_price"": 1650000}

**Reasoning:**

* **Meeting Halfway:**  This approach can signal fairness and a willingness to compromise, encouraging Bob to do the same. 
* **Reiterating Value:**  By again highlighting ""unique features"" and ""long-term potential,"" Alice reinforces her price justification.
* **Strategic Positioning:**  $1,650,000 keeps the negotiation alive while staying above both Bob's valuation and John's offer, aiming for the best possible outcome."
"Bob rejected your offer from round 3.

Bob's offer:
# Bob's message: I understand that the product has unique features, but I still think $1,450,000 is a more reasonable price. I'm willing to meet you halfway, but I need to stay within my budget. Can we discuss further? 
# Bob's offer: The product price will be $1,450,000. 
You have three options:
(1) Accept Bob's offer, and sell the product for $1,450,000
(2) Reject Bob's offer and proceed to the next round, where you will send Bob a counteroffer 
(3) Sell the product to Jhon for $1,500,000","{""decision"": ""SellToJhon""}

**Reasoning:**

* **Limited Upside:** Bob's offer is incrementally increasing, but it's unlikely he'll move significantly closer to Alice's $1,500,000 minimum.
* **Guaranteed Profit:**  John's offer provides a guaranteed $1,500,000, removing the risk of further negotiation and potentially ending up with a lower offer from Bob.
* **Time Value:**  Negotiations take time and effort. Accepting John's offer provides an immediate resolution and allows Alice to allocate resources elsewhere. 

While there's a slight chance of squeezing a bit more out of Bob, the risk and potential gain are minimal compared to the security of John's offer."
