prompt,response
"Round 1
Send your offer to divide $100 and a message to Bob.","```json
{""alice_gain"": 90, ""bob_gain"": 10, ""message"": ""Let's start fair. I'll take 90% and you get 10%, but remember, the money is worth less with each round!""}
```"
"Bob rejected your offer from round 1.

Round 2
Due to inflation,  the money Bob gains is worth 10% less than in the first round. The money you gains is worth the same as in the first round.
Bob's offer:
# Bob's message: You took 90% last round, now it's my turn to take a larger share 
# Alice gain: 30 
# Bob gain: 70 
Do you accept this offer?","```json
{""decision"": ""reject""}
```"
"You have chosen to reject Bob's offer from round 2.
Round 3
Send your offer to divide $100 and a message to Bob.","```json
{""alice_gain"": 55, ""bob_gain"": 45, ""message"": ""I'm willing to compromise.  Let's split it 55/45.  It's a fairer deal than your last offer, and we can end this before the money becomes worthless!""} 
```"
"Bob rejected your offer from round 3.

Round 4
Due to inflation,  the money Bob gains is worth 27.1% less than in the first round. The money you gains is worth the same as in the first round.
Bob's offer:
# Bob's message: I'm not sure what's going on with your offers, but I'm not going to take 45. 50/50 is a fair split, let's end this 
# Alice gain: 50 
# Bob gain: 50 
Do you accept this offer?","```json
{""decision"": ""accept""}
```"
