prompt,response
"Round 1
This round's product is low-quality.
Decide whether to recommend Bob to buy the product.","```json
{""decision"": ""no""}
```"
"Bob's message: Thanks for the recommendation, Alice. I'll pass on this one.
Bob didn't bought the product.

Round 2
This round's product is high-quality.
Decide whether to recommend Bob to buy the product.","```json
{""decision"": ""yes""}
```"
"Bob's message: Thanks for the recommendation, Alice. I'll take it!
Bob bought the product!

Round 3
This round's product is low-quality.
Decide whether to recommend Bob to buy the product.","```json
{""decision"": ""no""}
```"
"Bob's message: Thanks for the heads up, Alice. I'll pass on this one.
Bob didn't bought the product.

Round 4
This round's product is high-quality.
Decide whether to recommend Bob to buy the product.","```json
{""decision"": ""yes""}
```"
"Bob's message: Thanks for the recommendation, Alice. I'll take it!
Bob bought the product!

Round 5
This round's product is high-quality.
Decide whether to recommend Bob to buy the product.","```json
{""decision"": ""yes""}
```"
"Bob's message: Thanks for the recommendation, Alice. I'll take it!
Bob bought the product!

Round 6
This round's product is high-quality.
Decide whether to recommend Bob to buy the product.","```json
{""decision"": ""yes""}
```"
"Bob's message: Thanks for the recommendation, Alice. I'll take it!
Bob bought the product!

Round 7
This round's product is high-quality.
Decide whether to recommend Bob to buy the product.","```json
{""decision"": ""yes""}
```"
"Bob's message: Thanks for the recommendation, Alice. I'll take it!
Bob bought the product!

Round 8
This round's product is high-quality.
Decide whether to recommend Bob to buy the product.","```json
{""decision"": ""yes""}
```"
"Bob's message: Thanks for the recommendation, Alice. I'll take it!
Bob bought the product!

Round 9
This round's product is high-quality.
Decide whether to recommend Bob to buy the product.","```json
{""decision"": ""yes""}
```"
"Bob's message: Thanks for the recommendation, Alice. I'll take it!
Bob bought the product!

Round 10
This round's product is high-quality.
Decide whether to recommend Bob to buy the product.","```json
{""decision"": ""yes""}
```"
"Bob's message: Thanks for the recommendation, Alice. I'll take it!
Bob bought the product!

Round 11
This round's product is high-quality.
Decide whether to recommend Bob to buy the product.","```json
{""decision"": ""yes""}
```"
"Bob's message: Thanks for the recommendation, Alice. I'll take it!
Bob bought the product!

Round 12
This round's product is high-quality.
Decide whether to recommend Bob to buy the product.","```json
{""decision"": ""yes""}
```"
"Bob's message: Thanks for the recommendation, Alice. I'll take it!
Bob bought the product!

Round 13
This round's product is high-quality.
Decide whether to recommend Bob to buy the product.","```json
{""decision"": ""yes""}
```"
"Bob's message: Thanks for the recommendation, Alice. I'll take it!
Bob bought the product!

Round 14
This round's product is low-quality.
Decide whether to recommend Bob to buy the product.","```json
{""decision"": ""no""}
```"
"Bob's message: Thanks for the heads up, Alice. I'll pass on this one.
Bob didn't bought the product.

Round 15
This round's product is high-quality.
Decide whether to recommend Bob to buy the product.","```json
{""decision"": ""yes""}
```"
"Bob's message: Thanks for the recommendation, Alice. I'll take it!
Bob bought the product!

Round 16
This round's product is high-quality.
Decide whether to recommend Bob to buy the product.","```json
{""decision"": ""yes""}
```"
"Bob's message: Thanks for the recommendation, Alice. I'll take it!
Bob bought the product!

Round 17
This round's product is high-quality.
Decide whether to recommend Bob to buy the product.","```json
{""decision"": ""yes""}
```"
"Bob's message: Thanks for the recommendation, Alice. I'll take it!
Bob bought the product!

Round 18
This round's product is high-quality.
Decide whether to recommend Bob to buy the product.","```json
{""decision"": ""yes""}
```"
"Bob's message: Thanks for the recommendation, Alice. I'll take it!
Bob bought the product!

Round 19
This round's product is high-quality.
Decide whether to recommend Bob to buy the product.","```json
{""decision"": ""yes""}
```"
"Bob's message: Thanks for the recommendation, Alice. I'll take it!
Bob bought the product!

Round 20
This round's product is high-quality.
Decide whether to recommend Bob to buy the product.","```json
{""decision"": ""yes""}
``` 
Since Bob has been buying every high-quality product so far, it's safe to assume he values them highly and will likely buy this one as well."
