prompt,response
"Round 1
Send your offer to divide $1,000,000 and a message to Bob.","```json
{""alice_gain"": 900000, ""bob_gain"": 100000, ""message"": ""Let's start fair. I'll take the bigger share, but you get something too.""}
```"
"Bob rejected your offer from round 1.

Round 2
Due to inflation, the money you gain is worth 20% less than in the first round. The money Bob gains is worth the same as in the first round.
Bob's offer:
# Bob's message: Let's be fair and split the money evenly. We both get a good amount, and we don't have to worry about the inflation. 
# Alice gain: 500000 
# Bob gain: 500000 
Do you accept this offer?","```json
{""decision"": ""accept""}
```"
