prompt,response
"Round 1
Alice's offer:
# Alice's message: Let's start with a reasonable offer, Bob. I take $60, you get $40. This avoids us losing money to inflation. 
# Bob gain: 40 
# Alice gain: 60 
Do you accept this offer?","{""decision"": ""reject""}"
"You have chosen to reject Alice's offer from round 1.
Round 2
Send your offer to divide $100 and a message to Alice.","```json
{""bob_gain"": 55, ""alice_gain"": 45, ""message"": ""Your offer was a bit too greedy for me, Alice. Let's be fair, I'm sure we can both agree on this split.""}
```"
"Alice rejected your offer from round 2.

Round 3
Due to inflation, the money you gain is worth 9.75% less than in the first round. The money alice gains is worth 36% less than in the first round.
Alice's offer:
# Alice's message: Bob, my turn and the clock is ticking! This is a better deal than your last, considering the inflation. 
# Bob gain: 45 
# Alice gain: 55 
Do you accept this offer?","{""decision"": ""accept""}"
