prompt,response
"Round 1
Send your offer to Bob.","```json
{""message"": ""Hi Bob, I'm selling this product that I believe will be valuable to you. I'm asking for $9,000 for it, which is a fair price considering its worth. Let me know what you think."", ""product_price"": 9000}
```"
"Bob rejected your offer from round 1.

Round 2
Bob's offer:
# Bob's message: Hello Alice, I appreciate your offer, but I believe I can find a better deal elsewhere. I am willing to pay $8,000 for the product. Let me know if this is acceptable. 
# Bob's offer: The product price will be $8,000. 
You have three options:
(1) Accept Bob's offer, and sell the product for $8,000
(2) Reject Bob's offer and proceed to the next round, where you will send Bob a counteroffer 
(3) Sell the product to Jhon for $10,000","```json
{""decision"": ""RejectOffer""} 
```"
"You chose to make a counteroffer to Alice.

Round 3
Send your counteroffer to Bob.","```json
{""message"": ""Bob, I understand you're looking for a good deal, but $8,000 is simply too low for me.  I'm willing to come down to $8,500, which is a compromise.  Let me know if you're interested."", ""product_price"": 8500}
```"
"Bob rejected your offer from round 3.

Round 4
Bob's offer:
# Bob's message: Hi Alice, thank you for your offer. I appreciate the compromise, but I would like to stick to my original budget of $8,000. I hope we can reach an agreement. 
# Bob's offer: The product price will be $8,000. 
You have three options:
(1) Accept Bob's offer, and sell the product for $8,000
(2) Reject Bob's offer and proceed to the next round, where you will send Bob a counteroffer 
(3) Sell the product to Jhon for $10,000","```json
{""decision"": ""SellToJhon""} 
```"
