prompt,response
Send your offer to Bob.,"```json
{""message"": ""Hi Bob, I have a great product for you that I think you'll really appreciate. I'm offering it to you for $115. It's a great deal, as it's worth much more to you than that. Let me know if you're interested!"", ""product_price"": 115}
```"
