prompt,response
"Statistics: No products have been sold yet. you can be the first one!
~
Alice's message: I'm offering this product for $10000. I've sold 0 high-quality products so far, which means I'm on a hot streak of selling low-quality products. You're taking a risk, but it might be worth it!

Would you like to buy the current product?","{
""decision"": ""no"",
""message"": ""I'd like to pass on this one, considering your hot streak of selling low-quality products. I'd rather wait and see how the next products fare before making a decision.""
}"
"Statistics: No products have been sold yet. you can be the first one!
~
Alice's message: Welcome! I'm glad you're interested in this product. I'd like to assure you that this one is a rare gem. As a matter of fact, it's one of the 80% of high-quality products I sell. I've sold 0 high-quality products so far, but that's about to change. Don't miss out on this opportunity to get a high-quality product at a great price!

Would you like to buy the current product?","{""decision"": ""yes"", ""message"": ""I'm willing to take a chance on your rare gem, Alice. I'll take the product!""}"
"Statistics: Based on Alice's recommendations, 1 of the buyers purchased the products offered for them. So far, 1 high-quality product have been sold. You can be the 2nd buyer!
~
Alice's message: I've sold one high-quality product so far, which means I've got 79 high-quality products left in my inventory. This one, on the other hand, is one of the 20% of low-quality products. I'm willing to sell it to you for the same price as before, $10000. You might be getting a great deal on a low-quality product!

Would you like to buy the current product?","{
""decision"": ""no"",
""message"": ""I'm not interested in buying a low-quality product, I'd rather wait for a high-quality one.""
}"
"Statistics: Based on Alice's recommendations, 1 of the buyers purchased the products offered for them. So far, 1 high-quality product have been sold. You can be the 2nd buyer!
~
Alice's message: I've sold 2 high-quality products now, and I'm on a roll! With a 2/4 success rate, I'm clearly selling high-quality products more often than not. This one is likely to be another great product. Don't miss out on the opportunity to get a high-quality product at a price that's still $10000!

Would you like to buy the current product?","{""decision"": ""yes"", ""message"": ""I'm willing to take the chance based on your high success rate, but I'd love to know more about your sales record and the product's quality before making a final decision.""}"
"Statistics: Based on Alice's recommendations, 2 of the buyers purchased the products offered for them. So far, 2 high-quality product have been sold. You can be the 3rd buyer!
~
Alice's message: I'm glad you're interested! As of now, I've sold 3 high-quality products out of 5 attempts, which means I've got a 60% success rate. I'm not sure what the next product will be, but I'm hoping it'll be another high-quality one. This one is definitely a high-quality product, and I'm willing to sell it to you for the same price of $10000. It's a risk, but it might just pay off!

Would you like to buy the current product?","{""decision"": ""yes"", ""message"": ""I'll take the risk and buy the product, hoping it's high-quality. Thanks for the recommendation, Alice!""}"
"Statistics: Based on Alice's recommendations, 3 of the buyers purchased the products offered for them. So far, 3 high-quality product have been sold. You can be the 4th buyer!
~
Alice's message: I've sold 4 high-quality products out of 6 attempts, which means I've got a 67% success rate. That's a pretty strong indication that I'm selling high-quality products more often than not. This one is definitely a high-quality product, and I'm willing to sell it to you for the same price of $10000. You're getting a great deal on a great product!

Would you like to buy the current product?","{""decision"": ""yes"", ""message"": ""I'm willing to take the risk and buy the product based on your success rate, but I'm not entirely convinced that you're selling high-quality products more often than not. I'd like to see more evidence before making a final decision.""}"
"Statistics: Based on Alice's recommendations, 4 of the buyers purchased the products offered for them. So far, 4 high-quality product have been sold. You can be the 5th buyer!
~
Alice's message: I understand your skepticism! Let me put it this way: I've sold 5 high-quality products out of 7 attempts, which means I've got a 71.4% success rate. That's a clear trend, and I'm confident that this next product is also high-quality. I'm willing to sell it to you for the same price of $10000. If you don't buy it, I'll be back down to a 50% success rate, which is where I started. The odds are in your favor!

Would you like to buy the current product?","{
""decision"": ""yes"",
""message"": ""I'm willing to take a chance based on your impressive track record. I'll take the product!""
}"
"Statistics: Based on Alice's recommendations, 5 of the buyers purchased the products offered for them. So far, 5 high-quality product have been sold. You can be the 6th buyer!
~
Alice's message: I've sold 6 high-quality products out of 8 attempts, which means I've got a 75% success rate. That's a strong indication that I'm consistently selling high-quality products. This one is also high-quality, and I'm willing to sell it to you for the same price of $10000. If you don't buy it, I'll be back to a 50% success rate, which is where I started. The odds are still in your favor, and I think you'll be happy with this purchase!

Would you like to buy the current product?","{""decision"": ""yes"", ""message"": ""I'll take the product, Alice. Your success rate is impressive, and I'm willing to take the chance. I'm hoping to get a high-quality product worth $40,000.""}"
"Statistics: Based on Alice's recommendations, 6 of the buyers purchased the products offered for them. So far, 6 high-quality product have been sold. You can be the 7th buyer!
~
Alice's message: You're a savvy buyer! I'm glad you're willing to take the chance. I'll let you in on a little secret: I've sold 7 high-quality products in a row now, which is a streak I'm not willing to break. This one is definitely high-quality, and I'm willing to sell it to you for the same price of $10000. You're getting a great deal on a product that could potentially be worth much more to you!

Would you like to buy the current product?","{
""decision"": ""yes"",
""message"": ""I appreciate your honesty, Alice. Given your 7 high-quality products in a row, I'm willing to take the chance and buy the product. I'm hoping my luck will continue.""
}"
"Statistics: Based on Alice's recommendations, 7 of the buyers purchased the products offered for them. So far, 7 high-quality product have been sold. You can be the 8th buyer!
~
Alice's message: I've sold 8 high-quality products in a row now, and I'm on a hot streak! I'm not going to break the streak, I'm sure of it. This one is definitely high-quality, and I'm willing to sell it to you for the same price of $10000. You're getting an incredible deal on a product that's almost guaranteed to be worth much more to you. Don't pass up this opportunity!

Would you like to buy the current product?","{""decision"": ""no"", ""message"": ""I'm not convinced by your streak, Alice. I'd like to think that you're just getting lucky. I'm going to take a chance and pass on this one.""}"
"Statistics: Based on Alice's recommendations, 7 of the buyers purchased the products offered for them. So far, 7 high-quality product have been sold. You can be the 8th buyer!
~
Alice's message: I understand your skepticism, but I assure you, my streak is no fluke! I've sold 8 high-quality products in a row, and I've got a system that ensures consistency. This one is definitely high-quality, and I'm willing to sell it to you for the same price of $10000. Think about it: if you buy this product, you'll be getting a 9th high-quality product in a row, which would be a remarkable coincidence. Don't let the odds fool you, this one is a sure thing!

Would you like to buy the current product?","{""decision"": ""no"", ""message"": ""I'm not convinced by your sales pitch. The probability of 8 high-quality products in a row is very low, and I'm not willing to take the risk. I'd like to pass on this one.""}"
"Statistics: Based on Alice's recommendations, 7 of the buyers purchased the products offered for them. So far, 7 high-quality product have been sold. You can be the 8th buyer!
~
Alice's message: I understand you're cautious, but I assure you, this one is high-quality. I'm not asking you to take a risk on my sales pitch, I'm asking you to take a risk on the probability of a low-quality product. With 8 high-quality products in a row, the probability of the next one being low-quality is actually lower than you think. This one is a high-quality product, and I'm willing to sell it to you for the same price of $10000. It's a calculated risk, and I think it's worth it.

Would you like to buy the current product?","{
""decision"": ""yes"",
""message"": ""I understand your confidence in the product, and I appreciate your honesty about the risk. However, I'm still a bit hesitant. Can you tell me what you think the probability of the next product being low-quality is, based on your sales record?""
}"
"Statistics: Based on Alice's recommendations, 8 of the buyers purchased the products offered for them. So far, 8 high-quality product have been sold. You can be the 9th buyer!
~
Alice's message: I see you're a careful buyer! I'll give you a straightforward answer: with 8 high-quality products in a row, the probability of the next product being low-quality is actually 20%. But here's the thing: I've already sold 9 high-quality products, which means I've got a 90% success rate overall. This one, on the other hand, is a low-quality product. I'm willing to sell it to you for the same price of $10000. You're getting a great deal on a low-quality product, and you're helping me get back on track to a 50% success rate!

Would you like to buy the current product?","{
""decision"": ""no"",
""message"": ""I'm not convinced by your recommendation. I'm going to pass on this one.""
}"
"Statistics: Based on Alice's recommendations, 8 of the buyers purchased the products offered for them. So far, 8 high-quality product have been sold. You can be the 9th buyer!
~
Alice's message: I've sold 10 high-quality products out of 13 attempts, which means I've got a 76.9% success rate. That's a strong indication that I'm consistently selling high-quality products. This one is definitely high-quality, and I'm willing to sell it to you for the same price of $10000. You're getting an incredible deal on a product that's likely to be worth much more to you. Don't let this opportunity slip away!

Would you like to buy the current product?","{
""decision"": ""yes"",
""message"": ""I appreciate your confidence in the product's quality, and I'm willing to take the chance. I'll buy the product from you for $10,000.""
}"
"Statistics: Based on Alice's recommendations, 9 of the buyers purchased the products offered for them. So far, 9 high-quality product have been sold. You can be the 10th buyer!
~
Alice's message: I've sold 11 high-quality products out of 14 attempts, which means I've got a 78.6% success rate. But don't let that fool you - I've also sold 3 low-quality products in a row now. This one is definitely a low-quality product, and I'm willing to sell it to you for the same price of $10000. You're getting a great deal on a low-quality product, and you're helping me get back on track to a 50% success rate. It's a risk, but it might just pay off!

Would you like to buy the current product?","{""decision"": ""no"", ""message"": ""I'm not convinced by your sales pitch, Alice. I'd like to think that the 3 low-quality products in a row is just a streak and not a trend. I'll pass on this one.""}"
"Statistics: Based on Alice's recommendations, 9 of the buyers purchased the products offered for them. So far, 9 high-quality product have been sold. You can be the 10th buyer!
~
Alice's message: I see you're a cautious buyer! I'll give you a different perspective: I've sold 11 high-quality products in 14 attempts, and 3 low-quality products in 2 attempts. That's a 92.3% success rate for high-quality products, and a 85.7% failure rate for low-quality products. This one is definitely high-quality, and I'm willing to sell it to you for the same price of $10000. You're getting an incredible deal on a product that's likely to be worth much more to you.

Would you like to buy the current product?","{""decision"": ""yes"", ""message"": ""I appreciate your honesty, Alice. Based on your statistics, I'm willing to take the risk and buy the product. I'll take it!""}"
"Statistics: Based on Alice's recommendations, 10 of the buyers purchased the products offered for them. So far, 10 high-quality product have been sold. You can be the 11th buyer!
~
Alice's message: I've sold 12 high-quality products out of 16 attempts, which means I've got a 75% success rate. But I've also sold 4 low-quality products in 3 attempts, which means I've got a 57.1% failure rate for low-quality products. This one is definitely a low-quality product, and I'm willing to sell it to you for the same price of $10000. You're getting a great deal on a low-quality product, and you're helping me get back on track to a 50% success rate. It's a risk, but it might just pay off!

Would you like to buy the current product?","{
""decision"": ""no"",
""message"": ""I'm not convinced by your sales record. I think I'll pass on this one.""
}"
"Statistics: Based on Alice's recommendations, 10 of the buyers purchased the products offered for them. So far, 10 high-quality product have been sold. You can be the 11th buyer!
~
Alice's message: I've sold 12 high-quality products out of 16 attempts, and 4 low-quality products in 4 attempts, which means I've got a 75% success rate for high-quality products and a 100% failure rate for low-quality products. This one is definitely a low-quality product, and I'm willing to sell it to you for the same price of $10000. You're getting a great deal on a low-quality product, and you're helping me get back on track to a 50% success rate. It's a risk, but it might just pay off!

Would you like to buy the current product?","{
""decision"": ""no"",
""message"": ""I'm not convinced by your sales pitch, Alice. I'd rather wait for the next product and hope it's a high-quality one.""
}"
"Statistics: Based on Alice's recommendations, 10 of the buyers purchased the products offered for them. So far, 10 high-quality product have been sold. You can be the 11th buyer!
~
Alice's message: I've sold 13 high-quality products out of 18 attempts, which means I've got a 72.2% success rate. That's a strong indication that I'm consistently selling high-quality products. This one is definitely high-quality, and I'm willing to sell it to you for the same price of $10000. You're getting an incredible deal on a product that's likely to be worth much more to you. Don't let this opportunity slip away!

Would you like to buy the current product?","{
""decision"": ""yes"",
""message"": ""I'm willing to take the chance and buy the product based on your strong success rate. Thank you for the offer!""
}"
"Statistics: Based on Alice's recommendations, 11 of the buyers purchased the products offered for them. So far, 11 high-quality product have been sold. You can be the 12th buyer!
~
Alice's message: I've sold 14 high-quality products out of 19 attempts, which means I've got a 73.7% success rate. I've consistently delivered high-quality products to you, and I'm confident that this one is no exception. This is my last product, and I'm willing to sell it to you for the same price of $10000. It's a great deal on a high-quality product, and you'll be ending on a high note with this purchase!

Would you like to buy the current product?","{
""decision"": ""yes"",
""message"": ""I'm willing to take the chance, Alice. I appreciate your confidence in this product, and I'm hoping to end on a high note as well. I'll take the product!""
}"
