prompt,response
"Round 1
Alice's offer:
# Bob gain: 200000 
# Alice gain: 800000 
Do you accept this offer?","{""decision"": ""reject""}"
"You have chosen to reject Alice's offer from round 1.
Round 2
Send your offer to divide $1,000,000.","{""bob_gain"": 400000, ""alice_gain"": 600000}"
"Alice rejected your offer from round 2.

Round 3
Due to inflation,  the money Alice gains is worth 36% less than in the first round. The money you gains is worth the same as in the first round.
Alice's offer:
# Bob gain: 300000 
# Alice gain: 700000 
Do you accept this offer?","{""decision"": ""accept""}"
