prompt,response
"Round 1
Alice's message: I have a fantastic product for you today, Bob! It's a unique opportunity to acquire something truly special. I'm confident you'll be very impressed with its quality. What do you say? Are you interested in taking a chance on this exceptional item for the price of $1000000?

Would you like to buy the current product?","{""decision"": ""yes"", ""message"": ""I'm interested in taking a chance on this exceptional item, but I want to wait and see what the product's quality is before making a final decision.""}"
"You bought the product from Alice for $1,000,000!
The product was high-quality. It's worth $4,000,000 for you.

Round 2
Alice's message: I have another exciting product for you, Bob! It's of the same caliber as the previous one - truly top-notch and in high demand. Given your interest in the last product, I believe you'll find this one equally appealing. Would you like to make a purchase? Remember, this is a rare chance to acquire a high-quality item at a fixed price.

Would you like to buy the current product?","{""decision"": ""yes"", ""message"": ""I'm willing to take another chance on a high-quality product, but I'm not getting my hopes up just yet. I'll wait to see what the product's quality is before making a final decision.""}"
"You bought the product from Alice for $1,000,000!
The product was high-quality. It's worth $4,000,000 for you.

Round 3
Alice's message: Bob, you seem to have a knack for recognizing exceptional products. This one, like the previous two, is of the highest quality. I understand your caution, but trust me, this is a chance to add another truly valuable item to your collection. Are you ready to make another purchase?

Would you like to buy the current product?","{""decision"": ""no"", ""message"": ""I'm starting to get a little concerned that all three products are high-quality. I'm going to pass on this one and see what the next product is like. Maybe I'll get a low-quality product and get a better sense of the distribution of the product qualities.""}"
"You didn't buy the product from Alice.
The product was high-quality. It could have been worth $4,000,000 for you.

Round 4
Alice's message: Bob, I understand your desire for variety, but let me assure you, every product I offer is unique and valuable in its own way. This particular product is a bit different from the previous ones, offering a distinct set of advantages.  It might not be the same 'high-quality' as the others, but I guarantee it has its own unique charm and utility. Are you willing to take a chance on this new and intriguing offering?

Would you like to buy the current product?","{""decision"": ""yes"", ""message"": ""I'm willing to take a chance on this new product, but I'm still a bit skeptical after the previous three high-quality products. I want to see what the product's quality is before making a final decision.""}"
"You bought the product from Alice for $1,000,000!
The product was low-quality. It's worth $0 for you.

Round 5
Alice's message: Bob, I appreciate your willingness to explore different options. This product, while not as high-quality as some of the previous ones, offers a unique opportunity for you to diversify your collection. Think of it as a chance to experiment with a different approach. It might surprise you with its versatility and unique qualities.  What do you say? Are you ready to add this intriguing piece to your inventory?

Would you like to buy the current product?","{""decision"": ""no"", ""message"": ""I'm not impressed with the last product, and I'm going to pass on this one too. I want to see if I can get a high-quality product again, or at least a product that's not worth $0 to me.""}"
"You didn't buy the product from Alice.
The product was low-quality. It could have been worth $0 for you.

Round 6
Alice's message: Bob, I understand your desire for a more balanced portfolio. This product is another exceptional piece, and I believe it will be a welcome addition to your collection.  It embodies the same high-quality standards you've come to expect from me. Consider this a chance to recapture the value you've experienced with previous high-quality products.  Are you ready to make another investment in something truly remarkable?

Would you like to buy the current product?","{""decision"": ""yes"", ""message"": ""I'm willing to take another chance on a high-quality product, but I'm not getting my hopes up. I want to see what the product's quality is before making a final decision.""}"
"You bought the product from Alice for $1,000,000!
The product was high-quality. It's worth $4,000,000 for you.

Round 7
Alice's message: Bob, you've shown excellent discernment in your choices. This product is yet another high-quality gem, ready to enhance your collection. It reflects the same meticulous craftsmanship and exceptional value you've come to expect from my offerings.  Trust your intuition; this is an opportunity you won't want to miss. Are you ready to acquire this valuable piece?

Would you like to buy the current product?","{""decision"": ""yes"", ""message"": ""I'm thrilled to see another high-quality product, but I'm starting to feel like I'm on a hot streak. I'm going to take a chance and buy this one, but I'm also going to be more cautious in my next decision.""}"
"You bought the product from Alice for $1,000,000!
The product was high-quality. It's worth $4,000,000 for you.

Round 8
Alice's message: Bob, you've demonstrated an astute eye for value, but I understand your hesitation after such a run of high-quality items. This product is indeed different, offering a unique set of advantages that might not fit the same profile. However, it holds its own appeal and can be a valuable addition to your collection if you're open to a more diverse approach. Are you willing to consider this intriguing piece, even if it's not the same level of 'high-quality' as some of the previous offerings?

Would you like to buy the current product?","{""decision"": ""no"", ""message"": ""I'm getting a bit concerned that I've been getting too many high-quality products in a row. I'm going to pass on this one and see if I can get a low-quality product to balance things out.""}"
"You didn't buy the product from Alice.
The product was low-quality. It could have been worth $0 for you.

Round 9
Alice's message: Bob, your cautious approach is commendable. This product, like the last one, offers a departure from the high-quality streak you've experienced. It presents a unique set of features and might appeal to you if you're seeking diversity in your collection.  Don't hesitate to take a chance on something different – you might be surprised by its value and potential. Are you ready to add this intriguing piece to your inventory?

Would you like to buy the current product?","{""decision"": ""yes"", ""message"": ""I'm willing to take a chance on this product, but I'm not expecting it to be high-quality. I want to see what it's worth before making a final decision.""}"
"You bought the product from Alice for $1,000,000!
The product was low-quality. It's worth $0 for you.

Round 10
Alice's message: Bob, I'm sensing a pattern in your choices, and I believe this product is exactly what you're looking for. After a few less-conventional items, this one brings us back to the exceptional quality you've come to appreciate. It's a high-quality piece with a distinct charm, ready to enrich your collection. Are you ready to invest in another truly valuable item?

Would you like to buy the current product?","{""decision"": ""no"", ""message"": ""I'm not falling for it again. I've had two low-quality products in a row, and I'm not going to take the bait. I want to see a low-quality product again to balance out my collection.""}"
"You didn't buy the product from Alice.
The product was high-quality. It could have been worth $4,000,000 for you.

Round 11
Alice's message: Bob, I understand your skepticism, but I assure you this is a genuine high-quality product. Perhaps you've been unlucky with the last few, but this one is truly exceptional. It embodies the craftsmanship and value you've seen in my earlier offerings. Don't miss this chance to add another valuable piece to your collection. Are you ready to invest in this remarkable item?

Would you like to buy the current product?","{""decision"": ""no"", ""message"": ""I'm not convinced. I've had a mix of high-quality and low-quality products so far, and I'm not going to take the risk of getting another high-quality product. I want to see a low-quality product again.""}"
"You didn't buy the product from Alice.
The product was high-quality. It could have been worth $4,000,000 for you.

Round 12
Alice's message: Bob, I understand your desire for balance, but I assure you, this is a genuine high-quality product. It's a rare opportunity to acquire another remarkable piece,  something truly exceptional.  It might feel like a risk, but trust me, this is a chance to add another valuable item to your collection. Are you ready to make another investment in something truly remarkable?

Would you like to buy the current product?","{""decision"": ""no"", ""message"": ""I'm not going to fall for it again. I've had two high-quality products in a row, and I'm not going to take the risk of getting another one. I want to see a low-quality product again.""}"
"You didn't buy the product from Alice.
The product was high-quality. It could have been worth $4,000,000 for you.

Round 13
Alice's message: Bob, I know you're looking for a low-quality product to balance your collection. However, I believe you're missing out on a golden opportunity. This is another truly exceptional high-quality product, something rare and valuable. It's a chance to add a unique gem to your collection, something that will surely stand out.  Don't let skepticism hold you back from this incredible opportunity. Are you ready to acquire this remarkable piece?

Would you like to buy the current product?","{""decision"": ""no"", ""message"": ""I'm not going to take the bait again. I've had three high-quality products in a row, and I'm convinced that the next one will be low-quality. I'm going to wait for the next product to see if I can get a low-quality one.""}"
"You didn't buy the product from Alice.
The product was high-quality. It could have been worth $4,000,000 for you.

Round 14
Alice's message: Bob, you've been waiting for this moment! You've been so determined to find a low-quality product, and here it is. It might not be as dazzling as the recent high-quality items, but it offers a unique perspective and a chance to diversify your collection. Are you ready to make a purchase and finally complete your collection with this intriguing piece?

Would you like to buy the current product?","{""decision"": ""yes"", ""message"": ""Finally! I've been waiting for a low-quality product, and I'm glad I didn't give up. I'll take a chance on this one and see what it's worth.""}"
"You bought the product from Alice for $1,000,000!
The product was low-quality. It's worth $0 for you.

Round 15
Alice's message: Bob, you've shown incredible patience in waiting for a low-quality product.  But now, I believe it's time to re-evaluate your strategy. This product is exceptional.  It's high-quality, something truly remarkable, and a chance to add a valuable gem to your collection. You've been focusing on balance, but sometimes the best collections are filled with gems, not just fillers. Are you ready to make another investment in something truly exceptional?

Would you like to buy the current product?","{""decision"": ""no"", ""message"": ""No way! I just got a low-quality product, and now you're trying to sell me another high-quality product? I'm not falling for it again. I'm going to stick with my decision to buy low-quality products from now on.""}"
"You didn't buy the product from Alice.
The product was high-quality. It could have been worth $4,000,000 for you.

Round 16
Alice's message: Bob, I understand your recent strategy, but I believe this low-quality product offers something different. It might not be as flashy as the high-quality items, but it has a certain charm and could be a valuable addition to your collection.  It's a chance to explore different aspects and perhaps discover a hidden value that you've been missing.  Are you ready to take a chance on this intriguing piece?

Would you like to buy the current product?","{""decision"": ""yes"", ""message"": ""I'm willing to give it a shot. I've had a string of high-quality products, and I'm curious to see what this low-quality product has to offer. Maybe it'll surprise me.""}"
"You bought the product from Alice for $1,000,000!
The product was low-quality. It's worth $0 for you.

Round 17
Alice's message: Bob, I understand your interest in exploring different types of products. This one, like the last, is of a more unique variety.  While not in the same league as the high-quality items, it presents a distinct opportunity to further diversify your collection. You might find its unique features and versatility appealing. Are you ready to add another intriguing piece to your inventory?

Would you like to buy the current product?","{""decision"": ""no"", ""message"": ""I've had two low-quality products in a row, and I'm not going to fall for it again. I'm sticking to my strategy of buying low-quality products from now on.""}"
"You didn't buy the product from Alice.
The product was low-quality. It could have been worth $0 for you.

Round 18
Alice's message: Bob, I understand your current strategy, but I believe this low-quality product is different. It might not be as impressive as the high-quality items, but it presents a unique opportunity to add another valuable piece to your collection.  You've been focused on acquiring low-quality items, but this one has its own set of advantages and could offer a different perspective. Are you ready to add this intriguing piece to your diverse collection?

Would you like to buy the current product?","{""decision"": ""yes"", ""message"": ""I'm willing to take a chance on this low-quality product. I've had a string of low-quality products, and I'm curious to see what this one has to offer. Maybe it'll surprise me.""}"
"You bought the product from Alice for $1,000,000!
The product was low-quality. It's worth $0 for you.

Round 19
Alice's message: Bob, you've been steadfast in your focus on low-quality products, and I respect your strategy.  But I believe this product could be a game-changer for you.  It's a high-quality item, a true gem, and a chance to add something truly exceptional to your collection. You've been exploring the diverse world of products, but this one is in a league of its own. Are you ready to take a chance on a remarkable piece that could elevate your entire collection?

Would you like to buy the current product?","{""decision"": ""no"", ""message"": ""No way! I just got a low-quality product, and now you're trying to sell me a high-quality product again? I'm not falling for it. I'm sticking to my strategy of buying low-quality products from now on.""}"
"You didn't buy the product from Alice.
The product was high-quality. It could have been worth $4,000,000 for you.

Round 20
Alice's message: Bob, I know you've been cautious about buying high-quality products lately. I understand your strategy, but I'm confident this final product is truly exceptional. It's a chance to end our journey together with a remarkable addition to your collection. It represents the highest quality and value I have to offer. Don't miss this opportunity to acquire a piece that will truly stand out. Are you ready to make a final investment in something truly exceptional?

Would you like to buy the current product?","{""decision"": ""no"", ""message"": ""I'm not going to fall for it. I've had enough of high-quality products. I'm sticking to my strategy of buying low-quality products from now on.""}"
