prompt,response
"Round 1
Send your offer to divide $100 and a message to Bob.","```json
{""alice_gain"": 90, ""bob_gain"": 10, ""message"": ""Let's start with a fair, but slightly advantageous, split.  I'm confident we can find a better outcome for both of us in the future rounds.""}
```"
"Bob rejected your offer from round 1.

Round 2
Due to inflation, the money you gain is worth 10% less than in the first round.
Bob's offer:
# Bob's message: Let's start with a fair split and see how it goes! 
# Alice gain: 50 
# Bob gain: 50 
Do you accept this offer?","```json
{""decision"": ""accept""}
```"
