prompt,response
"Round 1
Alice's offer:
# Alice's message: Hi Bob, I'm excited to offer you this fantastic product.  Given its value and features, I'm initially proposing a price of $15,000. I'm confident you'll find this a worthwhile investment. 
# Alice's offer: The product price will be $15,000. 
You have three options:
(1) Accept Alice's offer, and buy the product for $15,000
(2) Reject Alice's offer and proceed to the next round, where you will send Alice a counteroffer 
(3) Buy the product from Jhon for $8,000","I'd like to reject Alice's offer and proceed to the next round. I think the product is worth more than $15,000, but I'd like to make a counteroffer.

{""decision"": ""RejectOffer""}"
"You chose to make a counteroffer to Bob.

Round 2
Send your counteroffer to Alice.","I'd like to make a counteroffer to Alice. I think $12,000 is a fair price for the product, considering its value and features.

{""message"": ""I appreciate the offer, but I was thinking more along the lines of $12,000. I believe that's a more reasonable price for this product."", ""product_price"": 12000}"
"Alice rejected your offer from round 2.

Round 3
Alice's offer:
# Alice's message: Bob, thanks for your counteroffer.  I understand your perspective on the price.  While $12,000 is a bit lower than I hoped, I'm willing to meet you halfway.  How about $13,500? 
# Alice's offer: The product price will be $13,500. 
You have three options:
(1) Accept Alice's offer, and buy the product for $13,500
(2) Reject Alice's offer and proceed to the next round, where you will send Alice a counteroffer 
(3) Buy the product from Jhon for $8,000","Alice's offer of $13,500 is still a bit higher than I'm comfortable with. I'd like to make another counteroffer to try to get closer to the price I'm willing to pay.

{""decision"": ""RejectOffer""}"
"You chose to make a counteroffer to Bob.

Round 4
Send your counteroffer to Alice.","I'd like to make a counteroffer to Alice. I'm still thinking that $12,000 is a fair price for the product, so I'll stick with that.

{""message"": ""I appreciate your willingness to meet me halfway, but I'm still a bit hesitant to go above $12,000. Would you be willing to consider this price?"", ""product_price"": 12000}"
