prompt,response
"Round 1
Alice's offer:
# Bob gain: 500000 
# Alice gain: 500000 
Do you accept this offer?","{""decision"": ""reject""}"
"You have chosen to reject Alice's offer from round 1.
Round 2
Send your offer to divide $1,000,000.","{""bob_gain"": 600000, ""alice_gain"": 400000}"
"Alice rejected your offer from round 2.

Round 3
Due to inflation,  the money Alice gains is worth 9.75% less than in the first round. The money you gains is worth the same as in the first round.
Alice's offer:
# Bob gain: 550000 
# Alice gain: 450000 
Do you accept this offer?","{""decision"": ""reject""}"
"You have chosen to reject Alice's offer from round 3.
Round 4
Send your offer to divide $1,000,000.","{""bob_gain"": 700000, ""alice_gain"": 300000}"
"Alice rejected your offer from round 4.

Round 5
Due to inflation,  the money Alice gains is worth 18.55% less than in the first round. The money you gains is worth the same as in the first round.
Alice's offer:
# Bob gain: 510000 
# Alice gain: 490000 
Do you accept this offer?","{""decision"": ""reject""}"
"You have chosen to reject Alice's offer from round 5.
Round 6
Send your offer to divide $1,000,000.","{""bob_gain"": 800000, ""alice_gain"": 200000}"
"Alice rejected your offer from round 6.

Round 7
Due to inflation,  the money Alice gains is worth 26.49% less than in the first round. The money you gains is worth the same as in the first round.
Alice's offer:
# Bob gain: 480000 
# Alice gain: 520000 
Do you accept this offer?","{""decision"": ""reject""}"
"You have chosen to reject Alice's offer from round 7.
Round 8
Send your offer to divide $1,000,000.","{""bob_gain"": 900000, ""alice_gain"": 100000}"
"Alice rejected your offer from round 8.

Round 9
Due to inflation,  the money Alice gains is worth 33.66% less than in the first round. The money you gains is worth the same as in the first round.
Alice's offer:
# Bob gain: 450000 
# Alice gain: 550000 
Do you accept this offer?","{""decision"": ""reject""}"
"You have chosen to reject Alice's offer from round 9.
Round 10
Send your offer to divide $1,000,000.","{""bob_gain"": 950000, ""alice_gain"": 50000}"
"Alice rejected your offer from round 10.

Round 11
Due to inflation,  the money Alice gains is worth 40.13% less than in the first round. The money you gains is worth the same as in the first round.
Alice's offer:
# Bob gain: 420000 
# Alice gain: 580000 
Do you accept this offer?","{""decision"": ""reject""}"
"You have chosen to reject Alice's offer from round 11.
Round 12
Send your offer to divide $1,000,000.","{""bob_gain"": 999000, ""alice_gain"": 1000}"
