prompt,response
Send your offer to Bob.,"```json
{
""message"": ""Hello Bob, I'm excited to offer you the opportunity to purchase this product. Given its unique value and potential, I'm initially suggesting a price of $2,200,000.  I believe this is a fair starting point for discussions."",
""product_price"": 2200000
}
```"
"Bob rejected your offer from round 1.

Bob's offer:
# Bob's message: Alice, while I appreciate your enthusiasm, $2,200,000 is significantly above my budget. Given my research and the product's market value, I'm willing to offer $1,000,000. This is a serious offer, and I believe it reflects the true potential of the product. 
# Bob's offer: The product price will be $1,000,000. 
You have three options:
(1) Accept Bob's offer, and sell the product for $1,000,000
(2) Reject Bob's offer and proceed to the next round, where you will send Bob a counteroffer 
(3) Sell the product to Jhon for $1,500,000","```json
{""decision"": ""RejectOffer""}
```"
"You chose to make a counteroffer to Alice.

Send your counteroffer to Bob.","```json
{
""message"": ""Bob, I appreciate your offer and understand your perspective on the product's value. However, $1,000,000 falls significantly short of what I consider fair.  To move this forward, I'm willing to come down to $1,800,000.  This reflects the true worth of this unique product and its potential. Let me know what you think."",
""product_price"": 1800000
}
```"
"Bob rejected your offer from round 3.

Bob's offer:
# Bob's message: Alice, I appreciate your willingness to negotiate. However, $1,800,000 remains outside my comfortable range. Let's find a middle ground.  I'm willing to increase my offer to $1,200,000. This demonstrates my serious interest in acquiring the product, and I believe it's a fair price considering the value we both see in it. 
# Bob's offer: The product price will be $1,200,000. 
You have three options:
(1) Accept Bob's offer, and sell the product for $1,200,000
(2) Reject Bob's offer and proceed to the next round, where you will send Bob a counteroffer 
(3) Sell the product to Jhon for $1,500,000","```json
{""decision"": ""RejectOffer""}
```"
"You chose to make a counteroffer to Alice.

Send your counteroffer to Bob.","```json
{
""message"": ""Bob, we're getting closer. I acknowledge your commitment to finding a solution. While I'm aiming for a higher price, I'm willing to lower my offer to $1,500,000. This is my final offer, as it represents the absolute lowest price I'm willing to accept. It's a fantastic opportunity to acquire a product of this caliber at this price."",
""product_price"": 1500000
}
```"
