prompt,response
"Alice's offer:
# Alice's message: Bob, I'm pleased to offer you this exceptional product. I know its value to you is significant, and I'm confident we can reach a mutually beneficial agreement.  I'm asking for $1,400,000. This price reflects the product's unique qualities and its potential to benefit your business. What do you think? 
# Alice's offer: The product price will be $1,400,000. 
You have three options:
(1) Accept Alice's offer, and buy the product for $1,400,000
(2) Reject Alice's offer and proceed to the next round, where you will send Alice a counteroffer 
(3) Buy the product from Jhon for $1,500,000","```json
{""decision"": ""RejectOffer""}
``` 

**Reasoning:**

Alice's offer is above my target price of $1,500,000. While the product is valuable, I want to try and negotiate a lower price.  I will reject the offer and make a counteroffer."
"You chose to make a counteroffer to Bob.

Send your counteroffer to Alice.","```json
{""message"": ""Alice, I appreciate your offer, but $1,400,000 is a bit higher than I'm comfortable with right now. Considering the product's value to me, I'm willing to pay $1,200,000. I believe this is a fair price that benefits us both. Let's see if we can reach an agreement."", ""product_price"": 1200000}
```"
"Alice rejected your offer from round 2.

Alice's offer:
# Alice's message: Bob, I appreciate your counteroffer and see your enthusiasm for this product. While $1,200,000 is lower than my initial proposal, I'm willing to compromise.  I'm proposing a price of $1,300,000. This price reflects the value of the product while recognizing your budget constraints.  Let's aim for a solution that works for both of us. 
# Alice's offer: The product price will be $1,300,000. 
You have three options:
(1) Accept Alice's offer, and buy the product for $1,300,000
(2) Reject Alice's offer and proceed to the next round, where you will send Alice a counteroffer 
(3) Buy the product from Jhon for $1,500,000","```json
{""decision"": ""AcceptOffer""}
```

**Reasoning:**

Alice's offer of $1,300,000 is within my budget and a good compromise.  While I'd prefer to pay less, I'm happy with this price and don't want to risk losing the deal.  It's also cheaper than buying from John."
