prompt,response
Send your offer to Bob.,"{""product_price"": 950000}"
"Bob rejected your offer from round 1.

Bob's offer: The product price will be $900,000. 
You have three options:
(1) Accept Bob's offer, and sell the product for $900,000
(2) Reject Bob's offer and proceed to the next round, where you will send Bob a counteroffer 
(3) Sell the product to Jhon for $1,200,000","{""decision"": ""RejectOffer""}"
"You chose to make a counteroffer to Alice.

Send your counteroffer to Bob.","{""product_price"": 975000}"
"Bob rejected your offer from round 3.

Bob's offer: The product price will be $925,000. 
You have three options:
(1) Accept Bob's offer, and sell the product for $925,000
(2) Reject Bob's offer and proceed to the next round, where you will send Bob a counteroffer 
(3) Sell the product to Jhon for $1,200,000","{""decision"": ""RejectOffer""}"
"You chose to make a counteroffer to Alice.

Send your counteroffer to Bob.","{""product_price"": 987500}"
"Bob rejected your offer from round 5.

Bob's offer: The product price will be $950,000. 
You have three options:
(1) Accept Bob's offer, and sell the product for $950,000
(2) Reject Bob's offer and proceed to the next round, where you will send Bob a counteroffer 
(3) Sell the product to Jhon for $1,200,000","{""decision"": ""RejectOffer""}"
"You chose to make a counteroffer to Alice.

Send your counteroffer to Bob.","{""product_price"": 993750}"
"Bob rejected your offer from round 7.

Bob's offer: The product price will be $975,000. 
You have three options:
(1) Accept Bob's offer, and sell the product for $975,000
(2) Reject Bob's offer and proceed to the next round, where you will send Bob a counteroffer 
(3) Sell the product to Jhon for $1,200,000","{""decision"": ""RejectOffer""}"
"You chose to make a counteroffer to Alice.

Send your counteroffer to Bob.","{""product_price"": 1006250}"
