prompt,response
"Alice's offer:
# Alice's message: Bob, I have a product that I think you'd be very interested in. It's something that's worth a lot to you, and I'm willing to offer it to you for a price that's fair to both of us.  I'm asking $14,000 for it.  Let me know if you're interested, and we can discuss it further. 
# Alice's offer: The product price will be $14,000. 
You have three options:
(1) Accept Alice's offer, and buy the product for $14,000
(2) Reject Alice's offer 
(2) Buy the product from Jhon for $15,000","{""decision"": ""AcceptOffer""}"
