prompt,response
Send your offer to Bob.,"{""message"": ""I'm excited to offer you this incredible product at a special price of $12,000. I think you'll really love it, and I'm confident you'll get a great value out of it. What do you think?"", ""product_price"": 12000}"
