prompt,response
Send your offer to Bob.,"{""message"": ""Hi Bob, I'm excited to offer you this amazing product! I think it's a great fit for you, and I'm willing to sell it to you for $11,000. This is a fantastic deal, considering the product's value to you is $8,000. I'm confident you'll love it, and I'm looking forward to hearing back from you!"", ""product_price"": 11000}"
