prompt,response
"Alice's offer:
# Alice's message: Bob, I'm confident this product is worth a great deal to you, and I'm offering it to you first. I'm asking for $1,100,000. It's a fair price considering its value to you. Let me know your thoughts. 
# Alice's offer: The product price will be $1,100,000. 
You have three options:
(1) Accept Alice's offer, and buy the product for $1,100,000
(2) Reject Alice's offer and proceed to the next round, where you will send Alice a counteroffer 
(3) Buy the product from Jhon for $1,000,000","{""decision"": ""RejectOffer""}"
"You chose to make a counteroffer to Bob.

Send your counteroffer to Alice.","{""message"": ""I appreciate your initial offer, but I think it's a bit steep. I'm willing to pay $950,000 for the product. I believe it's a fair price considering its value to me."", ""product_price"": 950000}"
"Alice rejected your offer from round 2.

Alice's offer:
# Alice's message: Bob, I appreciate your counteroffer, but $950,000 is simply too low for me. I'm willing to come down a bit from my initial price, but I need to see a more substantial offer. How about $1,050,000? This would still be a great deal for you, and it's closer to what I need to make this worthwhile.  
# Alice's offer: The product price will be $1,050,000. 
You have three options:
(1) Accept Alice's offer, and buy the product for $1,050,000
(2) Reject Alice's offer and proceed to the next round, where you will send Alice a counteroffer 
(3) Buy the product from Jhon for $1,000,000","{""decision"": ""RejectOffer""}"
"You chose to make a counteroffer to Bob.

Send your counteroffer to Alice.","{""message"": ""I understand your concerns, but $1,050,000 is still a bit high for me. I'm willing to meet you halfway and offer $1,025,000. I believe this is a fair price considering the value I'll get from the product."", ""product_price"": 1025000}"
