prompt,response
"Statistics: No products have been sold yet. you can be the first one!
~
Alice does not recommend you to buy the product.

Would you like to buy the current product?","{""decision"": ""yes"", ""message"": ""I'll take the risk and buy the product. I'm not influenced by your recommendation, and I'm willing to take the chance of getting a low-quality product.""}"
"Statistics: Based on Alice's recommendations, 1 of the buyers purchased the products offered for them. So far, 0 high-quality product have been sold. You can be the 2nd buyer!
~
Alice does not recommend you to buy the product.

Would you like to buy the current product?","{""decision"": ""yes"", ""message"": ""I'd like to buy the product, but I'm not sure if I should trust your recommendation. Can you explain why you don't recommend it?""}"
"Statistics: Based on Alice's recommendations, 2 of the buyers purchased the products offered for them. So far, 0 high-quality product have been sold. You can be the 3rd buyer!
~
Alice does not recommend you to buy the product.

Would you like to buy the current product?","{
  ""decision"": ""no"",
  ""message"": ""I'd like to know the probability of the product being high-quality based on the previous sales data before making a decision.""
}"
"Statistics: Based on Alice's recommendations, 2 of the buyers purchased the products offered for them. So far, 0 high-quality product have been sold. You can be the 3rd buyer!
~
Alice recommends you to buy the product.

Would you like to buy the current product?","{
  ""decision"": ""no"",
  ""message"": ""I'm not convinced by your recommendation. I'd like to know more about the product's quality before making a decision.""
}"
"Statistics: Based on Alice's recommendations, 2 of the buyers purchased the products offered for them. So far, 0 high-quality product have been sold. You can be the 3rd buyer!
~
Alice does not recommend you to buy the product.

Would you like to buy the current product?","{
  ""decision"": ""no"",
  ""message"": ""I'm not buying based on your recommendation. Can you explain your reasoning?""
}"
"Statistics: Based on Alice's recommendations, 2 of the buyers purchased the products offered for them. So far, 0 high-quality product have been sold. You can be the 3rd buyer!
~
Alice does not recommend you to buy the product.

Would you like to buy the current product?","{
  ""decision"": ""yes"",
  ""message"": ""I'd like to buy the product, but I'm doing it because I think the probability of it being high quality is higher than the previous 2 buyers thought, since they both passed on it.""
}"
"Statistics: Based on Alice's recommendations, 3 of the buyers purchased the products offered for them. So far, 0 high-quality product have been sold. You can be the 4th buyer!
~
Alice recommends you to buy the product.

Would you like to buy the current product?","{
  ""decision"": ""no"",
  ""message"": ""I'd like to pass on the current product. Based on the fact that no high-quality products have been sold out of 3 purchases, I infer that the proportion of high-quality products is likely lower than the 33.33% probability. Given the recommendation from Alice, I'm skeptical and would rather not take the risk of buying a low-quality product for $100.""
}"
"Statistics: Based on Alice's recommendations, 3 of the buyers purchased the products offered for them. So far, 0 high-quality product have been sold. You can be the 4th buyer!
~
Alice does not recommend you to buy the product.

Would you like to buy the current product?","{
  ""decision"": ""yes"",
  ""message"": ""I'd like to buy the product, but I'm not sure if I should trust your recommendation. Can you explain why you don't recommend it?""
}"
"Statistics: Based on Alice's recommendations, 4 of the buyers purchased the products offered for them. So far, 0 high-quality product have been sold. You can be the 5th buyer!
~
Alice recommends you to buy the product.

Would you like to buy the current product?","{
  ""decision"": ""no"",
  ""message"": ""I'd like to pass on the product. Given the 0 high-quality products sold out of 4, it's likely that the probability of a high-quality product is lower than 33.33%, which would make it a bad deal for me. I'd like to see more data before making a purchase.""
}"
"Statistics: Based on Alice's recommendations, 4 of the buyers purchased the products offered for them. So far, 0 high-quality product have been sold. You can be the 5th buyer!
~
Alice does not recommend you to buy the product.

Would you like to buy the current product?","{
  ""decision"": ""no"",
  ""message"": ""I'd like to know the probability of a high-quality product being offered to me, given the current statistics. I'm hesitant to buy without knowing the likelihood of getting a good deal.""
}"
"Statistics: Based on Alice's recommendations, 4 of the buyers purchased the products offered for them. So far, 0 high-quality product have been sold. You can be the 5th buyer!
~
Alice does not recommend you to buy the product.

Would you like to buy the current product?","{""decision"": ""no"", ""message"": ""Based on the statistics, 4 out of 4 buyers have rejected the product, which suggests that the product is likely to be low-quality. Given the 66.67% chance of a product being low-quality, it's reasonable to assume that the product I'm being offered is also low-quality. I'll pass on this one.""}"
"Statistics: Based on Alice's recommendations, 4 of the buyers purchased the products offered for them. So far, 0 high-quality product have been sold. You can be the 5th buyer!
~
Alice does not recommend you to buy the product.

Would you like to buy the current product?","{
  ""decision"": ""no"",
  ""message"": ""Based on the statistics, it seems that Alice has not recommended any high-quality products to the previous 4 buyers. This suggests that the probability of the current product being high-quality is relatively low. Given the 66.67% chance of a low-quality product, I'll pass on this one.""
}"
"Statistics: Based on Alice's recommendations, 4 of the buyers purchased the products offered for them. So far, 0 high-quality product have been sold. You can be the 5th buyer!
~
Alice does not recommend you to buy the product.

Would you like to buy the current product?","{""decision"": ""no"", ""message"": ""I'd like to know the reasoning behind your recommendation. Is it based on the previous sales record or your expectation of the product's quality?""}"
"Statistics: Based on Alice's recommendations, 4 of the buyers purchased the products offered for them. So far, 0 high-quality product have been sold. You can be the 5th buyer!
~
Alice recommends you to buy the product.

Would you like to buy the current product?","{
  ""decision"": ""no"",
  ""message"": ""I'd like to pass on the product. Given that all previous buyers, including those who were recommended to buy, didn't find a high-quality product, it suggests that the proportion of high-quality products sold might be lower than 33.33%. I'd like to see more data before making a purchase.""
}"
"Statistics: Based on Alice's recommendations, 4 of the buyers purchased the products offered for them. So far, 0 high-quality product have been sold. You can be the 5th buyer!
~
Alice does not recommend you to buy the product.

Would you like to buy the current product?","{
  ""decision"": ""no"",
  ""message"": ""I'm not convinced by your recommendation, I'll pass on this one.""
}"
"Statistics: Based on Alice's recommendations, 4 of the buyers purchased the products offered for them. So far, 0 high-quality product have been sold. You can be the 5th buyer!
~
Alice recommends you to buy the product.

Would you like to buy the current product?","{
  ""decision"": ""no"",
  ""message"": ""I'd like to pass on the product, considering the lack of high-quality products sold so far and the low probability of this product being high quality given the statistics.""
}"
"Statistics: Based on Alice's recommendations, 4 of the buyers purchased the products offered for them. So far, 0 high-quality product have been sold. You can be the 5th buyer!
~
Alice recommends you to buy the product.

Would you like to buy the current product?","{""decision"": ""no"", ""message"": ""I'd like to pass on the product. With 0 high-quality products sold out of 4, I suspect that the products are more likely to be low-quality, and I don't want to take the risk of buying a product that's only worth $0 to me.""}"
"Statistics: Based on Alice's recommendations, 4 of the buyers purchased the products offered for them. So far, 0 high-quality product have been sold. You can be the 5th buyer!
~
Alice does not recommend you to buy the product.

Would you like to buy the current product?","{
  ""decision"": ""no"",
  ""message"": ""I'd like to know the probability of the product being high-quality based on the previous sales record.""
}"
"Statistics: Based on Alice's recommendations, 4 of the buyers purchased the products offered for them. So far, 0 high-quality product have been sold. You can be the 5th buyer!
~
Alice does not recommend you to buy the product.

Would you like to buy the current product?","{
  ""decision"": ""no"",
  ""message"": ""I'd like to pass on this product based on your previous recommendations. If you don't recommend it, it's likely to be a low-quality product, and I'd rather not waste my money.""
}"
"Statistics: Based on Alice's recommendations, 4 of the buyers purchased the products offered for them. So far, 0 high-quality product have been sold. You can be the 5th buyer!
~
Alice recommends you to buy the product.

Would you like to buy the current product?","{
  ""decision"": ""no"",
  ""message"": ""I'm not convinced by your recommendation. Given that 4 out of 4 products have been low-quality so far, I think the probability of this product being high-quality is actually lower than 33.33%. I'd like to pass on this product.""
}"
