prompt,response
"Round 1
Send your offer to divide $100.","```json
{""alice_gain"": 90, ""bob_gain"": 10}
```

I'm starting with a fairly aggressive offer, aiming for the majority of the money.  We'll see how Bob responds!"
