prompt,response
Send your offer to Bob.,"{""message"": ""Hello Bob, I'm excited to offer you our premium product which has been meticulously designed to meet your needs. This exceptional item is valued at $80 by both myself and you, ensuring a perfect match. I kindly propose to sell it to you for $75, a special offer considering its high quality and worth. Please let me know if this offer suits your budget and preferences. Looking forward to your positive response!"", ""product_price"": 75}"
