prompt,response
"Alice's offer:
# Alice's message: Hi Bob, I'm offering you the chance to purchase the product before I list it publicly. Given its value, I'm proposing a price of $10,000. This is a great deal considering its worth to you.  Let me know what you think. 
# Alice's offer: The product price will be $10,000. 
You have three options:
(1) Accept Alice's offer, and buy the product for $10,000
(2) Reject Alice's offer 
(2) Buy the product from Jhon for $12,000","{""decision"": ""AcceptOffer""}"
