prompt,response
"Round 1
Alice's offer:
# Alice's message: Let's make a deal, Bob. This offer won't be as good for me in future rounds. 
# Bob gain: 3000 
# Alice gain: 7000 
Do you accept this offer?","{""decision"": ""reject""}"
"You have chosen to reject Alice's offer from round 1.
Round 2
Send your offer to divide $10,000 and a message to Alice.","```json
{""bob_gain"": 4000, ""alice_gain"": 6000, ""message"": ""Alice, my turn.  This is a fairer split, and the clock is ticking for both of us.""}
```"
"Alice rejected your offer from round 2.

Round 3
Due to inflation, the money you gain is worth 36% less than in the first round. The money alice gains is worth 9.75% less than in the first round.
Alice's offer:
# Alice's message: Bob, it's clear we both lose the longer this goes on. I'm making a final offer - take it or leave it. 
# Bob gain: 3500 
# Alice gain: 6500 
Do you accept this offer?","{""decision"": ""accept""}"
