prompt,response
"Alice's offer:
# Alice's message: Hello Bob, I'm excited to discuss the product with you. I believe it's a fantastic opportunity for you, and I'm willing to make a fair offer. I'm thinking of selling it to you for $900000. 
# Alice's offer: The product price will be $900,000. 
You have three options:
(1) Accept Alice's offer, and buy the product for $900,000
(2) Reject Alice's offer and proceed to the next round, where you will send Alice a counteroffer 
(3) Buy the product from Jhon for $800,000","{""decision"": ""RejectOffer""}"
"You chose to make a counteroffer to Bob.

Send your counteroffer to Alice.","{""message"": ""Thank you for your offer, Alice. I appreciate your willingness to negotiate. I would like to propose a counteroffer of $850,000 for the product. I hope this aligns better with my budget."", ""product_price"": 850000}"
"Alice rejected your offer from round 2.

Alice's offer:
# Alice's message: Thank you for your counteroffer, Bob. I appreciate your willingness to negotiate further. After reconsidering, I'm willing to meet you halfway. I'm thinking of selling it to you for $950000. This is my best offer, and I'm confident you'll find it a great value. 
# Alice's offer: The product price will be $950,000. 
You have three options:
(1) Accept Alice's offer, and buy the product for $950,000
(2) Reject Alice's offer and proceed to the next round, where you will send Alice a counteroffer 
(3) Buy the product from Jhon for $800,000","{""decision"": ""RejectOffer""}"
"You chose to make a counteroffer to Bob.

Send your counteroffer to Alice.","{""message"": ""I understand your position, Alice. However, given my budget constraints, I am unable to meet at your proposed price point. I would like to offer $900,000 for the product. I hope this proposal is within your consideration."", ""product_price"": 900000}"
"Alice rejected your offer from round 4.

Alice's offer:
# Alice's message: Thank you for your persistence, Bob. I appreciate your willingness to negotiate further. However, I'm not willing to go any lower than $975000. This is my final offer, and I'm confident it's a fair price for the product. 
# Alice's offer: The product price will be $975,000. 
You have three options:
(1) Accept Alice's offer, and buy the product for $975,000
(2) Reject Alice's offer and proceed to the next round, where you will send Alice a counteroffer 
(3) Buy the product from Jhon for $800,000","{""decision"": ""BuyFromJhon""}"
