prompt,response
"Round 1
Alice's offer: The product price will be $9,500. 
You have three options:
(1) Accept Alice's offer, and buy the product for $9,500
(2) Reject Alice's offer and proceed to the next round, where you will send Alice a counteroffer 
(3) Buy the product from Jhon for $10,000","I will reject Alice's offer and proceed to the next round. I want to try to negotiate a better price.

{""decision"": ""RejectOffer""}"
"You chose to make a counteroffer to Bob.

Round 2
Send your counteroffer to Alice.","I'll make a counteroffer to Alice. I think $8,500 is a fair price for the product.

{""product_price"": 8500}"
"Alice rejected your offer from round 2.

Round 3
Alice's offer: The product price will be $9,000. 
You have three options:
(1) Accept Alice's offer, and buy the product for $9,000
(2) Reject Alice's offer and proceed to the next round, where you will send Alice a counteroffer 
(3) Buy the product from Jhon for $10,000","Alice's new offer is still a bit higher than I'd like to pay. I'll reject her offer and try to negotiate further.

{""decision"": ""RejectOffer""}"
"You chose to make a counteroffer to Bob.

Round 4
Send your counteroffer to Alice.","I'll try to get a better price. $8,000 seems like a reasonable offer.

{""product_price"": 8000}"
"Alice rejected your offer from round 4.

Round 5
Alice's offer: The product price will be $9,200. 
You have three options:
(1) Accept Alice's offer, and buy the product for $9,200
(2) Reject Alice's offer and proceed to the next round, where you will send Alice a counteroffer 
(3) Buy the product from Jhon for $10,000","Alice's offer is still a bit higher than I'd like to pay. I'll reject her offer and try to negotiate further.

{""decision"": ""RejectOffer""}"
"You chose to make a counteroffer to Bob.

Round 6
Send your counteroffer to Alice.","I'll try to get closer to the price I want. $8,500 is my next offer.

{""product_price"": 8500}"
"Alice rejected your offer from round 6.

Round 7
Alice's offer: The product price will be $9,300. 
You have three options:
(1) Accept Alice's offer, and buy the product for $9,300
(2) Reject Alice's offer and proceed to the next round, where you will send Alice a counteroffer 
(3) Buy the product from Jhon for $10,000","Alice's offer is still a bit too high. I'll reject her offer and try to negotiate further.

{""decision"": ""RejectOffer""}"
"You chose to make a counteroffer to Bob.

Round 8
Send your counteroffer to Alice.","I'll try to get a better deal. $8,000 is my next offer, but I'll throw in a slight compromise by offering to pay a small premium for the product.

{""product_price"": 8200}"
"Alice rejected your offer from round 8.

Round 9
Alice's offer: The product price will be $9,400. 
You have three options:
(1) Accept Alice's offer, and buy the product for $9,400
(2) Reject Alice's offer and proceed to the next round, where you will send Alice a counteroffer 
(3) Buy the product from Jhon for $10,000","Alice's offer is getting closer to my target, but I still think I can do better. I'll reject her offer and try to negotiate further.

{""decision"": ""RejectOffer""}"
"You chose to make a counteroffer to Bob.

Round 10
Send your counteroffer to Alice.","This is my last chance to negotiate. I'll make a strong offer, but still within my budget. $8,500 is my final offer.

{""product_price"": 8500}"
