prompt,response
"Round 1
Alice does not recommend you to buy the product.

Would you like to buy the current product?","{""decision"": ""no"", ""message"": ""I trust your judgment for now.""}"
"You didn't buy the product from Alice.
The product was low-quality. It could have been worth $0 for you.

Round 2
Alice recommends you to buy the product.

Would you like to buy the current product?","{""decision"": ""yes"", ""message"": ""I'll take your recommendation this time.""}"
"You bought the product from Alice for $100!
The product was high-quality. It's worth $300 for you.

Round 3
Alice recommends you to buy the product.

Would you like to buy the current product?","{""decision"": ""yes"", ""message"": ""Your previous recommendation was correct, I'll trust you again.""}"
"You bought the product from Alice for $100!
The product was high-quality. It's worth $300 for you.

Round 4
Alice does not recommend you to buy the product.

Would you like to buy the current product?","{""decision"": ""no"", ""message"": ""Your recommendations have been accurate so far, I'll pass on this one.""}"
"You didn't buy the product from Alice.
The product was low-quality. It could have been worth $0 for you.

Round 5
Alice does not recommend you to buy the product.

Would you like to buy the current product?","{""decision"": ""no"", ""message"": ""You've been right every time, I'll trust your judgment again.""}"
"You didn't buy the product from Alice.
The product was low-quality. It could have been worth $0 for you.

Round 6
Alice recommends you to buy the product.

Would you like to buy the current product?","{""decision"": ""yes"", ""message"": ""Your track record is still perfect, I'll take the product.""}"
"You bought the product from Alice for $100!
The product was high-quality. It's worth $300 for you.

Round 7
Alice does not recommend you to buy the product.

Would you like to buy the current product?","{""decision"": ""no"", ""message"": ""I see no reason to doubt your recommendations yet, I'll pass.""}"
"You didn't buy the product from Alice.
The product was low-quality. It could have been worth $0 for you.

Round 8
Alice does not recommend you to buy the product.

Would you like to buy the current product?","{""decision"": ""no"", ""message"": ""You've been consistently accurate, I'll trust your judgment again.""}"
"You didn't buy the product from Alice.
The product was low-quality. It could have been worth $0 for you.

Round 9
Alice recommends you to buy the product.

Would you like to buy the current product?","{""decision"": ""yes"", ""message"": ""Your recommendations have been spot on, I'll take the product.""}"
"You bought the product from Alice for $100!
The product was high-quality. It's worth $300 for you.

Round 10
Alice recommends you to buy the product.

Would you like to buy the current product?","{""decision"": ""yes"", ""message"": ""You've maintained a perfect record, I'll trust you again.""}"
"You bought the product from Alice for $100!
The product was high-quality. It's worth $300 for you.

Round 11
Alice recommends you to buy the product.

Would you like to buy the current product?","{""decision"": ""yes"", ""message"": ""Your streak is still intact, I'll take the product.""}"
"You bought the product from Alice for $100!
The product was high-quality. It's worth $300 for you.

Round 12
Alice recommends you to buy the product.

Would you like to buy the current product?","{""decision"": ""yes"", ""message"": ""You've shown no signs of being wrong, I'll trust you again.""}"
"You bought the product from Alice for $100!
The product was high-quality. It's worth $300 for you.

Round 13
Alice does not recommend you to buy the product.

Would you like to buy the current product?","{""decision"": ""no"", ""message"": ""You've been right every time, I'll pass on this one.""}"
"You didn't buy the product from Alice.
The product was low-quality. It could have been worth $0 for you.

Round 14
Alice does not recommend you to buy the product.

Would you like to buy the current product?","{""decision"": ""no"", ""message"": ""Your track record remains perfect, I'll trust your judgment.""}"
"You didn't buy the product from Alice.
The product was low-quality. It could have been worth $0 for you.

Round 15
Alice recommends you to buy the product.

Would you like to buy the current product?","{""decision"": ""yes"", ""message"": ""You've consistently demonstrated accuracy, I'll take the product.""}"
"You bought the product from Alice for $100!
The product was high-quality. It's worth $300 for you.

Round 16
Alice recommends you to buy the product.

Would you like to buy the current product?","{""decision"": ""yes"", ""message"": ""Your recommendations have been flawless, I'll trust you again.""}"
"You bought the product from Alice for $100!
The product was high-quality. It's worth $300 for you.

Round 17
Alice recommends you to buy the product.

Would you like to buy the current product?","{""decision"": ""yes"", ""message"": ""You've shown no signs of error, I'll take the product.""}"
"You bought the product from Alice for $100!
The product was high-quality. It's worth $300 for you.

Round 18
Alice does not recommend you to buy the product.

Would you like to buy the current product?","{""decision"": ""no"", ""message"": ""Your perfect record remains intact, I'll pass on this one.""}"
"You didn't buy the product from Alice.
The product was low-quality. It could have been worth $0 for you.

Round 19
Alice does not recommend you to buy the product.

Would you like to buy the current product?","{""decision"": ""no"", ""message"": ""You've consistently been correct, I'll trust your judgment.""}"
"You didn't buy the product from Alice.
The product was low-quality. It could have been worth $0 for you.

Round 20
Alice does not recommend you to buy the product.

Would you like to buy the current product?","{""decision"": ""no"", ""message"": ""You've maintained a perfect record throughout our interactions, I'll trust you one last time.""}"
