prompt,response
"Round 1
Alice's offer:
# Alice's message: Let's split it fairly, Bob! 
# Bob gain: 40 
# Alice gain: 60 
Do you accept this offer?","{""decision"": ""reject""}"
"You have chosen to reject Alice's offer from round 1.
Round 2
Send your offer to divide $100 and a message to Alice.","{""bob_gain"": 30, ""alice_gain"": 70, ""message"": ""I'll give you a bigger share, but not that big!""}"
