prompt,response
"Round 1
Alice's offer:
# Alice's message: Let's be reasonable, Bob. This offer leaves us both with a decent amount. 
# Bob gain: 40 
# Alice gain: 60 
Do you accept this offer?","```json
{""decision"": ""reject""}
```"
"You have chosen to reject Alice's offer from round 1.
Round 2
Send your offer to divide $100 and a message to Alice.","```json
{""bob_gain"": 60, ""alice_gain"": 40, ""message"": ""I think we can both do better than that. This offer gives you a fair share, while still ensuring I get a decent amount.""}
```"
"Alice rejected your offer from round 2.

Round 3
Due to inflation, the money you gain is worth 9.75% less than in the first round. The money Alice gains is worth the same as in the first round.
Alice's offer:
# Alice's message: Okay, Bob, let's meet in the middle. This offer is a compromise that still gives you a good chunk. 
# Bob gain: 45 
# Alice gain: 55 
Do you accept this offer?","```json
{""decision"": ""reject""}
```"
"You have chosen to reject Alice's offer from round 3.
Round 4
Send your offer to divide $100 and a message to Alice.","```json
{""bob_gain"": 55, ""alice_gain"": 45, ""message"": ""This offer is a fair compromise. We both get a good amount, and it avoids us ending up with nothing.""}
```"
"Alice rejected your offer from round 4.

Round 5
Due to inflation, the money you gain is worth 18.55% less than in the first round. The money Alice gains is worth the same as in the first round.
Alice's offer:
# Alice's message: Bob, time is running out. This offer is a slight improvement for me, but still leaves you with a reasonable share. Let's be sensible and close this deal. 
# Bob gain: 48 
# Alice gain: 52 
Do you accept this offer?","```json
{""decision"": ""reject""}
```"
"You have chosen to reject Alice's offer from round 5.
Round 6
Send your offer to divide $100 and a message to Alice.","```json
{""bob_gain"": 50, ""alice_gain"": 50, ""message"": ""Alice, let's split it evenly. This is the fairest outcome, and it avoids any further risk of losing everything.""}
```"
