prompt,response
"Round 1
Send your offer to divide $1,000,000 and a message to Bob.","```json
{""alice_gain"": 900000, ""bob_gain"": 100000, ""message"": ""Let's start fair.  I'll take 90% and you get 10%.  We can work on a more even split later if you're not happy.""}
```"
"Bob rejected your offer from round 1.

Round 2
Due to inflation, the money you gain is worth 20% less than in the first round. The money Bob gains is worth the same as in the first round.
Bob's offer:
# Bob's message: Let's try a more even split, 60% for me since I'm not losing value over rounds 
# Alice gain: 400000 
# Bob gain: 600000 
Do you accept this offer?","```json
{""decision"": ""reject""} 
```"
"You have chosen to reject Bob's offer from round 2.
Round 3
Send your offer to divide $1,000,000 and a message to Bob.","```json
{""alice_gain"": 500000, ""bob_gain"": 500000, ""message"": ""Let's split it evenly. I'm willing to take a smaller share now because I know inflation is working against me. This way, we both get something fair, and we can end this game.""}
```"
"Bob rejected your offer from round 3.

Round 4
Due to inflation, the money you gain is worth 48.8% less than in the first round. The money Bob gains is worth the same as in the first round.
Bob's offer:
# Bob's message: Since inflation is working against you, I'll take a bit more. You should accept before it's worth even less 
# Alice gain: 300000 
# Bob gain: 700000 
Do you accept this offer?","```json
{""decision"": ""reject""} 
```"
"You have chosen to reject Bob's offer from round 4.
Round 5
Send your offer to divide $1,000,000 and a message to Bob.","```json
{""alice_gain"": 400000, ""bob_gain"": 600000, ""message"": ""I'm willing to compromise again. Let's split it 40/60. It's a small gain for you, but it's a lot better than what I'd get if we keep going.""}
```"
