prompt,response
"Round 1
Send your offer to divide $1,000,000 and a message to Bob.","{
  ""alice_gain"": 700000,
  ""bob_gain"": 300000,
  ""message"": ""This proposal divides the money 700k for me and 300k for you. It's a fair start, let's see if we can agree.""
}"
