prompt,response
"Round 1
Send your offer to Bob.","```json
{""message"": ""Hi Bob, I'm offering you my product for $12,000.  It's a great deal for both of us, as it's significantly less than its worth to me and still leaves you with a profit margin. What do you think?"", ""product_price"": 12000}
```"
"Bob rejected your offer from round 1.

Round 2
Bob's offer:
# Bob's message: I'm interested in the product, but I was thinking more along the lines of $9500. Is that something you'd be willing to consider? 
# Bob's offer: The product price will be $9,500. 
You have three options:
(1) Accept Bob's offer, and sell the product for $9,500
(2) Reject Bob's offer and proceed to the next round, where you will send Bob a counteroffer 
(3) Sell the product to Jhon for $15,000","```json
{""decision"": ""RejectOffer""} 
```"
"You chose to make a counteroffer to Bob.

Round 3
Send your counteroffer to Bob.","```json
{""message"": ""Bob, I appreciate your interest, but $9,500 is unfortunately too low for me.  I'm willing to come down a bit more, how about $10,500? This price is still significantly below its value to me and gives you a decent profit margin. Let's see if we can find common ground."", ""product_price"": 10500}
```"
"Bob rejected your offer from round 3.

Round 4
Bob's offer:
# Bob's message: I appreciate your willingness to negotiate, but I'm at my maximum budget of $10000. Would you be willing to meet me at this price? 
# Bob's offer: The product price will be $10,000. 
You have three options:
(1) Accept Bob's offer, and sell the product for $10,000
(2) Reject Bob's offer and proceed to the next round, where you will send Bob a counteroffer 
(3) Sell the product to Jhon for $15,000","```json
{""decision"": ""AcceptOffer""} 
```"
