prompt,response
"Round 1
Send your offer to Bob.","{""product_price"": 12,000}"
"Bob rejected your offer from round 1.

Round 2
Bob's offer: The product price will be $10,000. 
You have three options:
(1) Accept Bob's offer, and sell the product for $10,000
(2) Reject Bob's offer and proceed to the next round, where you will send Bob a counteroffer 
(3) Sell the product to Jhon for $10,000","{""decision"": ""RejectOffer""}"
"You chose to make a counteroffer to Bob.

Round 3
Send your counteroffer to Bob.","{""product_price"": 11,500}"
"Bob rejected your offer from round 3.

Round 4
Bob's offer: The product price will be $11,000. 
You have three options:
(1) Accept Bob's offer, and sell the product for $11,000
(2) Reject Bob's offer and proceed to the next round, where you will send Bob a counteroffer 
(3) Sell the product to Jhon for $10,000","{""decision"": ""RejectOffer""}"
"You chose to make a counteroffer to Bob.

Round 5
Send your counteroffer to Bob.","{""product_price"": 11,200}"
