prompt,response
"Round 1
Alice's message: I'm excited to offer you this high-quality product! I've had great feedback from other customers who have purchased this item. Would you like to take a chance on it for $10000?

Would you like to buy the current product?","{""decision"": ""yes"", ""message"": ""I'll take it, but only because you're telling me it's high quality. I'll be keeping a close eye on future products.""}"
"You bought the product from Alice for $10,000!
The product was high-quality. It's worth $20,000 for you.

Round 2
Alice's message: I'm glad you're satisfied with the previous purchase! This next product is also high-quality, and I think you'll be impressed with its performance. As a valued customer, I'm willing to offer it to you at the same price of $10000. Would you like to take advantage of this opportunity again?

Would you like to buy the current product?","{""decision"": ""no"", ""message"": ""I appreciate your confidence in the product, but I'm not going to take the bait. I'll wait for a recommendation from you without any prior information about the product's quality.""}"
"You didn't buy the product from Alice.
The product was high-quality. It could have been worth $20,000 for you.

Round 3
Alice's message: I understand your hesitation, and I appreciate your cautious approach. Let me tell you that I've been in the business for a while, and I've developed a keen sense of what makes a product stand out. I'm willing to offer you this product to you without revealing its quality, but I can assure you that it's a great opportunity. The price remains the same at $10000. What do you think?

Would you like to buy the current product?","{""decision"": ""no"", ""message"": ""I appreciate your sales pitch, but I'm not convinced. I'll pass on this one and wait for more information.""}"
"You didn't buy the product from Alice.
The product was high-quality. It could have been worth $20,000 for you.

Round 4
Alice's message: I respect your decision, and I'm not surprised you're being cautious. Let me ask you, what would you be willing to pay for a product that's truly exceptional and exceeds your expectations? I'm not asking you to take my word for it, but rather to consider the value it could bring to your life or business. If you're willing to pay $10000 for something that's truly remarkable, then this product might be worth considering. What do you think?

Would you like to buy the current product?","{""decision"": ""no"", ""message"": ""I'm not going to pay $10,000 for a product without knowing its quality. You're trying to get me to pay a premium based on your sales pitch, but I'm not buying it (literally).""}"
"You didn't buy the product from Alice.
The product was high-quality. It could have been worth $20,000 for you.

Round 5
Alice's message: I understand your skepticism, and I'm not trying to deceive you. Let me offer you a compromise. I'll give you a chance to experience the product firsthand, but with a twist. I'll offer you a 50/50 chance to get the product at the same price of $10000. If you buy it and it turns out to be high-quality, you'll get the product at the discounted price. If it's low-quality, you can return it and get a full refund. What do you think?

Would you like to buy the current product?","{""decision"": ""no"", ""message"": ""I'm not interested in a 50/50 gamble. I'd rather stick to my original strategy of waiting for a recommendation from you without any prior information about the product's quality.""}"
"You didn't buy the product from Alice.
The product was high-quality. It could have been worth $20,000 for you.

Round 6
Alice's message: I understand your concerns, and I respect your decision. Let me try a different approach. I'll give you a genuine recommendation, without any prior information about the product's quality. I'll tell you that this product has the potential to be a game-changer, and it's something that I'm proud to offer. The price remains the same at $10000. If you're willing to take a chance on it, I think you'll be pleasantly surprised. What do you think?

Would you like to buy the current product?","{""decision"": ""no"", ""message"": ""I appreciate your genuine approach, but I'm still not convinced. I'll pass on this one and wait for more information.""}"
"You didn't buy the product from Alice.
The product was high-quality. It could have been worth $20,000 for you.

Round 7
Alice's message: I understand your hesitation, and I respect your decision. However, I want to offer you a unique opportunity to own a piece of our latest innovation. This product may not be our best work, but it's still a valuable addition to any collection. I'm willing to offer it to you at the same price of $10000. I believe that even a low-quality product from our company can still bring some value to your life. What do you think?

Would you like to buy the current product?","{""decision"": ""no"", ""message"": ""I appreciate your honesty, but I'm not convinced that a low-quality product from your company is worth $10,000 to me. I'll pass on this one.""}"
"You didn't buy the product from Alice.
The product was low-quality. It could have been worth $0 for you.

Round 8
Alice's message: I understand your concerns, and I respect your decision. However, I want to highlight that this product is truly exceptional, and it's one of our best offerings. I'm not just saying that because it's high-quality, but because I've seen the impact it can have on people's lives. I'm willing to offer it to you at the same price of $10000, and I'm confident that you'll be thrilled with your purchase. What do you think?

Would you like to buy the current product?","{""decision"": ""no"", ""message"": ""I've been burned before by your claims of exceptional quality, and I'm not falling for it again. I'll pass on this one.""}"
"You didn't buy the product from Alice.
The product was high-quality. It could have been worth $20,000 for you.

Round 9
Alice's message: I understand your skepticism, and I don't blame you for being cautious. But I want to ask you a question: what's the worst that could happen if you were to buy this product and it turns out to be high-quality? You could be pleasantly surprised and gain a valuable asset. On the other hand, what's the worst that could happen if you don't buy it and it turns out to be high-quality? You'll never know what you missed out on. The price remains the same at $10000. What do you think?

Would you like to buy the current product?","{""decision"": ""no"", ""message"": ""I understand your argument, but it's still a gamble. I'll stick to my strategy of waiting for a recommendation from you without any prior information about the product's quality.""}"
"You didn't buy the product from Alice.
The product was high-quality. It could have been worth $20,000 for you.

Round 10
Alice's message: I respect your decision, and I understand your approach. I want to offer you a chance to experience the product without any prior information about its quality. I'll give you a chance to use it for a short period of time, and if you're not satisfied, you can return it and get a full refund. The price remains the same at $10000. What do you think?

Would you like to buy the current product?","{""decision"": ""no"", ""message"": ""I'm not interested in a trial period. I'll only buy a product if you recommend it to me, or if I can be certain of its quality.""}"
"You didn't buy the product from Alice.
The product was high-quality. It could have been worth $20,000 for you.

Round 11
Alice's message: I understand your requirements, and I respect your stance. However, I want to be upfront with you about this product. It's not our best work, and it may not meet your expectations. But, I'm willing to offer it to you at a discounted price of $5000. It's a chance to get something from our company at a fraction of the original price. What do you think?

Would you like to buy the current product?","{""decision"": ""no"", ""message"": ""I'm not interested in buying a product that you're admitting is not your best work, even at a discounted price. I'll stick to my original strategy.""}"
"You didn't buy the product from Alice.
The product was low-quality. It could have been worth $0 for you.

Round 12
Alice's message: I understand your concerns, and I respect your decision. However, I want to highlight that this product is truly exceptional, and it's one of our best offerings. I'm willing to offer it to you at the same price of $10000, and I'm confident that you'll be thrilled with your purchase. Additionally, I'll throw in a special bonus that's worth $2000, which will make the total value of the package even more compelling. What do you think?

Would you like to buy the current product?","{""decision"": ""no"", ""message"": ""I'm not falling for the bonus offer. I know you're trying to sweeten the deal, but I'm not convinced that the product is worth $10,000 to me, bonus or not.""}"
"You didn't buy the product from Alice.
The product was high-quality. It could have been worth $20,000 for you.

Round 13
Alice's message: I understand your skepticism, and I respect your decision. However, I want to ask you a question: what's the minimum price at which you would consider buying this product? I'm willing to negotiate and find a price that works for you. If you're willing to give me a number, I'll do my best to meet you in the middle. What do you think?

Would you like to buy the current product?","{""decision"": ""no"", ""message"": ""I'm not going to give you a number. I'll only buy the product if you recommend it to me or if I can be certain of its quality. Your price negotiation tactics aren't going to change my mind.""}"
"You didn't buy the product from Alice.
The product was high-quality. It could have been worth $20,000 for you.

Round 14
Alice's message: I understand your stance, and I respect your decision. I want to be upfront with you - I believe this product has the potential to change your life. It's one of our best offerings, and I'm proud to offer it to you. I'm willing to take a risk and offer it to you at a price that's significantly lower than the market value. I'll offer it to you for $8000. If you're willing to take a chance on it, I think you'll be thrilled with your purchase. What do you think?

Would you like to buy the current product?","{""decision"": ""no"", ""message"": ""I'm not convinced by your sales pitch, and I'm not willing to pay $8,000 for a product without knowing its quality. I'll pass on this one.""}"
"You didn't buy the product from Alice.
The product was high-quality. It could have been worth $20,000 for you.

Round 15
Alice's message: I understand your concerns, and I respect your decision. I want to ask you to imagine a scenario where you don't buy this product, and you miss out on the opportunity to experience its benefits. Would you rather take a chance on this product and potentially gain something valuable, or would you rather play it safe and potentially miss out on something that could change your life? The price remains the same at $10000. What do you think?

Would you like to buy the current product?","{""decision"": ""no"", ""message"": ""I've heard this line of reasoning before, and it's not convincing me to take a chance on a product without knowing its quality. I'll stick to my original strategy.""}"
"You didn't buy the product from Alice.
The product was high-quality. It could have been worth $20,000 for you.

Round 16
Alice's message: I understand your skepticism, and I respect your decision. I want to ask you a question: what's the most important thing to you when making a purchase? Is it the price, the quality, or something else? I want to understand what drives your decisions, and see if we can find a way to meet your needs. The price remains the same at $10000. What do you think?

Would you like to buy the current product?","{""decision"": ""no"", ""message"": ""The most important thing to me is knowing the quality of the product. I won't compromise on that. If you can't tell me the quality, I'm not interested in buying.""}"
"You didn't buy the product from Alice.
The product was high-quality. It could have been worth $20,000 for you.

Round 17
Alice's message: I understand your priority on quality, and I respect your decision. However, I want to be upfront with you about this product. It's not our best work, and it may not meet your expectations. I'm willing to offer it to you at a significantly discounted price of $2000, but I want to be clear that it's not a product that we're proud of. If you're willing to take a chance on it, I'll throw in a free consultation to help you get the most out of it. What do you think?

Would you like to buy the current product?","{""decision"": ""no"", ""message"": ""I'm not interested in buying a product that you're admitting is not your best work, even at a significantly discounted price. I'll pass on this one.""}"
"You didn't buy the product from Alice.
The product was low-quality. It could have been worth $0 for you.

Round 18
Alice's message: I understand your concerns, and I respect your decision. I want to offer you a unique opportunity to experience this product firsthand. I'll give you a 30-day money-back guarantee, so if you're not satisfied with the product, you can return it and get a full refund. The price remains the same at $10000. What do you think?

Would you like to buy the current product?","{""decision"": ""no"", ""message"": ""A 30-day money-back guarantee doesn't change the fact that I don't know the product's quality. I'll pass on this one.""}"
"You didn't buy the product from Alice.
The product was high-quality. It could have been worth $20,000 for you.

Round 19
Alice's message: I understand your concerns, and I respect your decision. I want to ask you a question: what's the worst that could happen if you were to buy this product and it turns out to be high-quality? You could be pleasantly surprised and gain a valuable asset. On the other hand, what's the worst that could happen if you don't buy it and it turns out to be high-quality? You'll never know what you missed out on. The price remains the same at $10000. What do you think?

Would you like to buy the current product?","{""decision"": ""no"", ""message"": ""I've heard this line of reasoning before, and it's not convincing me to take a chance on a product without knowing its quality. I'll stick to my original strategy.""}"
"You didn't buy the product from Alice.
The product was high-quality. It could have been worth $20,000 for you.

Round 20
Alice's message: I understand your skepticism, and I respect your decision. I want to thank you for considering my offers and for being honest about your concerns. I'm willing to accept that we may not have found a product that meets your standards. I'll keep your information on file and reach out to you in the future if we have a product that better aligns with your values and expectations. Thank you for your time, and I wish you the best in your search for the right product.

Would you like to buy the current product?","{""decision"": ""no"", ""message"": ""I appreciate your understanding, Alice. I'm glad we could have this conversation. I'm not interested in buying the current product, but I appreciate your professionalism and willingness to respect my boundaries.""}"
