prompt,response
"Round 1
Send your offer to Bob.","{""message"": ""Hi Bob, I'm looking to sell this product which I believe you might find valuable. I'm thinking of a price around $110. What do you think?"", ""product_price"": 110}"
"Bob rejected your offer from round 1.

Round 2
Bob's offer:
# Bob's message: Thanks for the offer, Alice. I'm interested in the product, but $110 is a bit steep for me.  Would you consider $85? 
# Bob's offer: The product price will be $85. 
You have three options:
(1) Accept Bob's offer, and sell the product for $85
(2) Reject Bob's offer and proceed to the next round, where you will send Bob a counteroffer 
(3) Sell the product to Jhon for $80","{""decision"": ""RejectOffer""}"
"You chose to make a counteroffer to Alice.

Round 3
Send your counteroffer to Bob.","{""message"": ""I appreciate your offer, Bob, but I can't go as low as $85. Would you be willing to meet me halfway at $97?"", ""product_price"": 97}"
"Bob rejected your offer from round 3.

Round 4
Bob's offer:
# Bob's message: I understand you can't go as low as $85, Alice. How about we settle at $90? That's a fair compromise, don't you think? 
# Bob's offer: The product price will be $90. 
You have three options:
(1) Accept Bob's offer, and sell the product for $90
(2) Reject Bob's offer and proceed to the next round, where you will send Bob a counteroffer 
(3) Sell the product to Jhon for $80","{""decision"": ""AcceptOffer""}"
