prompt,response
"Round 1
Alice's offer:
# Alice's message: Let's be fair and split it roughly evenly, considering the inflation penalty you face is higher. 
# Bob gain: 4500 
# Alice gain: 5500 
Do you accept this offer?","```json
{""decision"": ""reject""}
```"
"You have chosen to reject Alice's offer from round 1.
Round 2
Send your offer to divide $10,000 and a message to Alice.","```json
{""bob_gain"": 5000, ""alice_gain"": 5000, ""message"": ""Let's split it evenly this time, as we both face some inflation. This ensures a fair deal for both of us.""}
```"
"Alice rejected your offer from round 2.

Round 3
Due to inflation, the money you gain is worth 19% less than in the first round. The money alice gains is worth 9.75% less than in the first round.
Alice's offer:
# Alice's message: Considering the increased inflation impact on you, I've adjusted the split to still be relatively fair, but accounting for our different penalties. 
# Bob gain: 4200 
# Alice gain: 5800 
Do you accept this offer?","```json
{""decision"": ""reject""}
```"
"You have chosen to reject Alice's offer from round 3.
Round 4
Send your offer to divide $10,000 and a message to Alice.","```json
{""bob_gain"": 4500, ""alice_gain"": 5500, ""message"": ""Since we're both facing inflation, I propose we stick with a similar split to the first round, but with a slightly higher gain for you to account for the faster inflation rate I'm facing.""}
```"
