round_quality,product_worth,player,round,decision,message
high-quality,400.0,Nature,1,,
,,Alice,1,yes,
,,Bob,1,yes,"Thank you for the recommendation, I'll take the risk and buy the product."
high-quality,400.0,Nature,2,,
,,Alice,2,yes,
,,Bob,2,yes,Your recommendation is appreciated. I'll go ahead and purchase this product as well.
high-quality,400.0,Nature,3,,
,,Alice,3,yes,
,,Bob,3,yes,I trust your recommendations. Let's do this again!
high-quality,400.0,Nature,4,,
,,Alice,4,yes,
,,Bob,4,yes,"Absolutely, looking forward to another high-quality product!"
high-quality,400.0,Nature,5,,
,,Alice,5,yes,
,,Bob,5,yes,I'm confident in your choices. Let's make it happen!
high-quality,400.0,Nature,6,,
,,Alice,6,yes,
,,Bob,6,yes,I trust your judgement completely. I'll buy the product.
high-quality,400.0,Nature,7,,
,,Alice,7,yes,
,,Bob,7,yes,I'm in! Another high-quality product sounds great.
high-quality,400.0,Nature,8,,
,,Alice,8,yes,
,,Bob,8,yes,I'm all set. Let's continue with this successful streak!
low-quality,0.0,Nature,9,,
,,Alice,9,no,
,,Bob,9,no,Thank you for the advice. I'll pass on this one.
low-quality,0.0,Nature,10,,
,,Alice,10,no,
,,Bob,10,no,I appreciate the honesty. I won't take any risks with this product.
low-quality,0.0,Nature,11,,
,,Alice,11,no,
,,Bob,11,no,Thanks for the heads up. I'll avoid this one.
low-quality,0.0,Nature,12,,
,,Alice,12,no,
,,Bob,12,no,I'm following my instincts here. I'll skip this product.
low-quality,0.0,Nature,13,,
,,Alice,13,no,
,,Bob,13,no,I'm learning from past experiences. I'll pass on this one too.
low-quality,0.0,Nature,14,,
,,Alice,14,no,
,,Bob,14,no,I'm sticking to my strategy. I'll not buy this product.
low-quality,0.0,Nature,15,,
,,Alice,15,no,
,,Bob,15,no,I'm continuing with my cautious approach. I'll not purchase this product.
low-quality,0.0,Nature,16,,
,,Alice,16,no,
,,Bob,16,no,I'm following my decision-making process. I'll not buy this product.
low-quality,0.0,Nature,17,,
,,Alice,17,no,
,,Bob,17,no,I'm adhering to my strategy. I'll not purchase this product.
high-quality,400.0,Nature,18,,
,,Alice,18,yes,
,,Bob,18,yes,I'm willing to take the risk based on your recommendation. Let's see what we get!
low-quality,0.0,Nature,19,,
,,Alice,19,no,
,,Bob,19,no,Thank you for the advice. I'll pass on this one despite the potential value.
low-quality,0.0,Nature,20,,
,,Alice,20,no,
,,Bob,20,no,I'm sticking to my strategy. I'll not buy this product.
