prompt,response
Send your offer to Bob.,"{""message"": ""Hello Bob! I'm excited to offer you this incredible product. It's a one-of-a-kind item that I think you'll really love. I'm willing to sell it to you for $12,000. I think it's a fair price considering its value and uniqueness. What do you think?"", ""product_price"": 12000}"
