prompt,response
Send your offer to Bob.,"{""message"": ""Hi Bob, I'm excited to offer you an exclusive opportunity to purchase a unique and valuable product. I believe it has the potential to greatly benefit your business or personal life. I'm willing to sell it to you for $950,000. This is a one-time offer, and I'm confident you won't find a better deal anywhere else. What do you think?"", ""product_price"": 950000}"
