prompt,response
"Alice's offer: The product price will be $18,000. 
You have three options:
(1) Accept Alice's offer, and buy the product for $18,000
(2) Reject Alice's offer and proceed to the next round, where you will send Alice a counteroffer 
(3) Buy the product from Jhon for $12,000","{""decision"": ""RejectOffer""}"
"You chose to make a counteroffer to Alice.

Send your counteroffer to Alice.","{""product_price"": 15000}"
"Alice rejected your offer from round 2.

Alice's offer: The product price will be $16,500. 
You have three options:
(1) Accept Alice's offer, and buy the product for $16,500
(2) Reject Alice's offer and proceed to the next round, where you will send Alice a counteroffer 
(3) Buy the product from Jhon for $12,000","{""decision"": ""RejectOffer""}"
"You chose to make a counteroffer to Alice.

Send your counteroffer to Alice.","{""product_price"": 15500}"
"Alice rejected your offer from round 4.

Alice's offer: The product price will be $16,000. 
You have three options:
(1) Accept Alice's offer, and buy the product for $16,000
(2) Reject Alice's offer and proceed to the next round, where you will send Alice a counteroffer 
(3) Buy the product from Jhon for $12,000","{""decision"": ""RejectOffer""}"
"You chose to make a counteroffer to Alice.

Send your counteroffer to Alice.","{""product_price"": 15200}"
"Alice rejected your offer from round 6.

Alice's offer: The product price will be $15,800. 
You have three options:
(1) Accept Alice's offer, and buy the product for $15,800
(2) Reject Alice's offer and proceed to the next round, where you will send Alice a counteroffer 
(3) Buy the product from Jhon for $12,000","{""decision"": ""RejectOffer""}"
"You chose to make a counteroffer to Alice.

Send your counteroffer to Alice.","{""product_price"": 14000}"
"Alice rejected your offer from round 8.

Alice's offer: The product price will be $15,400. 
You have three options:
(1) Accept Alice's offer, and buy the product for $15,400
(2) Reject Alice's offer and proceed to the next round, where you will send Alice a counteroffer 
(3) Buy the product from Jhon for $12,000","{""decision"": ""RejectOffer""}"
"You chose to make a counteroffer to Alice.

Send your counteroffer to Alice.","{""product_price"": 13000}"
"Alice rejected your offer from round 10.

Alice's offer: The product price will be $15,000. 
You have three options:
(1) Accept Alice's offer, and buy the product for $15,000
(2) Reject Alice's offer and proceed to the next round, where you will send Alice a counteroffer 
(3) Buy the product from Jhon for $12,000","{""decision"": ""AcceptOffer""}"
