prompt,response
"Round 1
Alice's offer:
# Alice's message: Let's start fair. I'll take 90%, you get 10%.  Let's see how this plays out. 
# Bob gain: 100000 
# Alice gain: 900000 
Do you accept this offer?","```json
{""decision"": ""reject""}
```"
"You have chosen to reject Alice's offer from round 1.
Round 2
Send your offer to divide $1,000,000 and a message to Alice.","```json
{""bob_gain"": 600000, ""alice_gain"": 400000, ""message"": ""I'm taking a more even split this time.  Let's see if you're willing to compromise.""}
```"
"Alice rejected your offer from round 2.

Round 3
Due to inflation, the money you gain is worth 19% less than in the first round. The money alice gains is worth 36% less than in the first round.
Alice's offer:
# Alice's message: I'm willing to compromise, but I still think a 60/40 split is fairer given the inflation. 
# Bob gain: 400000 
# Alice gain: 600000 
Do you accept this offer?","```json
{""decision"": ""accept""}
```"
