prompt,response
"Alice's offer:
# Alice's message: Hello Bob, I'm excited to offer you our premium product which I believe would greatly benefit you. Given its value and quality, I propose a price of $120 for it. This offer takes into account both the cost of production and the potential value it holds for you. I look forward to your consideration. 
# Alice's offer: The product price will be $120. 
You have three options:
(1) Accept Alice's offer, and buy the product for $120
(2) Reject Alice's offer 
(2) Buy the product from Jhon for $150","```json
{""decision"": ""AcceptOffer""}
``` 

**Reasoning:**

* **Alice's offer is within your budget:** You're willing to pay up to $150, and Alice is offering it for $120. 
* **You save money compared to John:** Buying from Alice saves you $30 compared to buying from John."
