prompt,response
"Round 1
Send your offer to divide $10,000 and a message to Bob.","```json
{""alice_gain"": 9000, ""bob_gain"": 1000, ""message"": ""I'm feeling generous, but I need the majority of the money for my plans.  What do you say?""}
```"
"Bob rejected your offer from round 1.

Round 2
Bob's offer:
# Bob's message: Let's split it evenly.  A fair deal for both of us. 
# Alice gain: 5000 
# Bob gain: 5000 
Do you accept this offer?","```json
{""decision"": ""accept""}
```"
