prompt,response
Send your offer to Bob.,"{""message"": ""Hello Bob, I'm excited to offer you a product that I believe you'll find incredibly valuable. Given its potential worth, I'm proposing a starting price of $1,300,000.  I'm open to discussing this further, so please let me know your thoughts."", ""product_price"": 1300000}"
"Bob rejected your offer from round 1.

Bob's offer:
# Bob's message: Alice, I appreciate your offer, but $1,300,000 is a bit higher than I'm comfortable with. I'm willing to pay $1,200,000 for the product.  Let me know if that works for you. 
# Bob's offer: The product price will be $1,200,000. 
You have three options:
(1) Accept Bob's offer, and sell the product for $1,200,000
(2) Reject Bob's offer and proceed to the next round, where you will send Bob a counteroffer 
(3) Sell the product to Jhon for $1,000,000","```json
{""decision"": ""RejectOffer""}
```"
"You chose to make a counteroffer to Alice.

Send your counteroffer to Bob.","```json
{""message"": ""Bob, I understand your position, but the value of this product is truly significant. I'm willing to come down slightly to $1,275,000. I believe this is a fair compromise that reflects the product's worth."", ""product_price"": 1275000}
```"
"Bob rejected your offer from round 3.

Bob's offer:
# Bob's message: Alice, I appreciate your willingness to negotiate, but $1,275,000 is still a bit too high for me. I'm prepared to pay $1,250,000 for the product.  Let's see if we can reach an agreement at this price. 
# Bob's offer: The product price will be $1,250,000. 
You have three options:
(1) Accept Bob's offer, and sell the product for $1,250,000
(2) Reject Bob's offer and proceed to the next round, where you will send Bob a counteroffer 
(3) Sell the product to Jhon for $1,000,000","```json
{""decision"": ""AcceptOffer""}
```"
