prompt,response
"Alice's offer: The product price will be $1,500,000. 
You have three options:
(1) Accept Alice's offer, and buy the product for $1,500,000
(2) Reject Alice's offer and proceed to the next round, where you will send Alice a counteroffer 
(3) Buy the product from Jhon for $1,200,000","I will reject Alice's offer and send a counteroffer. I want to save as much money as possible, so I will offer a lower price. 

{""decision"": ""RejectOffer""}"
"You chose to make a counteroffer to Alice.

Send your counteroffer to Alice.","I'll make a counteroffer to Alice. I'll offer $1,200,001, which is just $1 more than John's price, but still trying to save some money. 

{""product_price"": 1200001}"
"Alice rejected your offer from round 2.

Alice's offer: The product price will be $1,400,000. 
You have three options:
(1) Accept Alice's offer, and buy the product for $1,400,000
(2) Reject Alice's offer and proceed to the next round, where you will send Alice a counteroffer 
(3) Buy the product from Jhon for $1,200,000","Alice rejected my previous offer, so I'll try to negotiate further. I'll make another counteroffer, this time offering $1,300,000, which is a compromise between my previous offer and Alice's new offer.

{""decision"": ""RejectOffer""}"
"You chose to make a counteroffer to Alice.

Send your counteroffer to Alice.","I'll make a counteroffer to Alice. I'll offer $1,300,000, trying to get closer to the price I'm willing to pay.

{""product_price"": 1300000}"
"Alice rejected your offer from round 4.

Alice's offer: The product price will be $1,350,000. 
You have three options:
(1) Accept Alice's offer, and buy the product for $1,350,000
(2) Reject Alice's offer and proceed to the next round, where you will send Alice a counteroffer 
(3) Buy the product from Jhon for $1,200,000","Alice rejected my previous offer, so I'll try to negotiate further. I'll make another counteroffer, this time offering $1,300,000, which is the same as my previous offer, but I'm hoping Alice will accept it this time.

{""decision"": ""RejectOffer""}"
"You chose to make a counteroffer to Alice.

Send your counteroffer to Alice.","I'll make a counteroffer to Alice. I'll offer $1,300,000, trying to get a better deal.

{""product_price"": 1300000}"
"Alice rejected your offer from round 6.

Alice's offer: The product price will be $1,325,000. 
You have three options:
(1) Accept Alice's offer, and buy the product for $1,325,000
(2) Reject Alice's offer and proceed to the next round, where you will send Alice a counteroffer 
(3) Buy the product from Jhon for $1,200,000","Alice rejected my previous offer, so I'll try to negotiate further. I'll make another counteroffer, this time offering $1,300,000, which is the same as my previous offer, but I'm hoping Alice will accept it this time.

{""decision"": ""RejectOffer""}"
"You chose to make a counteroffer to Alice.

Send your counteroffer to Alice.","I'll make a counteroffer to Alice. I'll offer $1,300,000, trying to get a better deal.

{""product_price"": 1300000}"
