prompt,response
"Round 1
Send your offer to Bob.","{""message"": ""Hi Bob, I'm excited to offer you this fantastic product. Given its value and potential, I'm asking for $13,000. I'm confident you'll see its worth."", ""product_price"": 13000}"
"Bob rejected your offer from round 1.

Round 2
Bob's offer:
# Bob's message: I'm interested in the product, but $13,000 is a bit steep for me. I'd like to make a counteroffer of $9,000. I believe this is a fair price considering the product's value and my budget. 
# Bob's offer: The product price will be $9,000. 
You have three options:
(1) Accept Bob's offer, and sell the product for $9,000
(2) Reject Bob's offer and proceed to the next round, where you will send Bob a counteroffer 
(3) Sell the product to Jhon for $10,000","{""decision"": ""RejectOffer""}"
"You chose to make a counteroffer to Alice.

Round 3
Send your counteroffer to Bob.","{""message"": ""Bob, I appreciate your interest.  While $9,000 is a bit lower than I was hoping for, I'm willing to be flexible. How about we meet in the middle at $11,500?"", ""product_price"": 11500}"
"Bob rejected your offer from round 3.

Round 4
Bob's offer:
# Bob's message: I appreciate your willingness to be flexible, Alice. However, $11,500 is still a bit above my budget. I'd like to make another counteroffer of $10,500. I'm willing to compromise, but I need to stay within my budget. 
# Bob's offer: The product price will be $10,500. 
You have three options:
(1) Accept Bob's offer, and sell the product for $10,500
(2) Reject Bob's offer and proceed to the next round, where you will send Bob a counteroffer 
(3) Sell the product to Jhon for $10,000","{""decision"": ""AcceptOffer""}"
