prompt,response
"Alice's offer:
# Alice's message: Hi Bob, I'm offering you my product for $950,000.  It's a great deal, and I'm sure you'll find it very valuable.  Let me know what you think. 
# Alice's offer: The product price will be $950,000. 
You have three options:
(1) Accept Alice's offer, and buy the product for $950,000
(2) Reject Alice's offer and proceed to the next round, where you will send Alice a counteroffer 
(3) Buy the product from Jhon for $1,000,000","{""decision"": ""RejectOffer""}"
"You chose to make a counteroffer to Bob.

Send your counteroffer to Alice.","{""message"": ""I'm interested in the product, but I think it's a bit pricey. I'd like to make a counteroffer of $850,000. Can you consider that?"", ""product_price"": 850000}"
"Alice rejected your offer from round 2.

Alice's offer:
# Alice's message: Bob, I appreciate your interest and understand your perspective on the price.  I'm willing to come down to $900,000. This reflects the unique value of the product and still leaves a fair margin for both of us. What do you think? 
# Alice's offer: The product price will be $900,000. 
You have three options:
(1) Accept Alice's offer, and buy the product for $900,000
(2) Reject Alice's offer and proceed to the next round, where you will send Alice a counteroffer 
(3) Buy the product from Jhon for $1,000,000","{""decision"": ""RejectOffer""}"
"You chose to make a counteroffer to Bob.

Send your counteroffer to Alice.","{""message"": ""I appreciate your willingness to negotiate, but I'm still not comfortable with the price. I'd like to make a counteroffer of $850,000 again. I'm willing to meet you halfway, but I think that's the highest I can go. Can you consider it?"", ""product_price"": 850000}"
"Alice rejected your offer from round 4.

Alice's offer:
# Alice's message: Bob, I understand your position, and I'm eager to reach a deal.  I'm willing to come down to $875,000, recognizing the value of a final agreement. This is a fair price considering the unique benefits this product offers.  Let's make this happen. 
# Alice's offer: The product price will be $875,000. 
You have three options:
(1) Accept Alice's offer, and buy the product for $875,000
(2) Reject Alice's offer and proceed to the next round, where you will send Alice a counteroffer 
(3) Buy the product from Jhon for $1,000,000","{""decision"": ""RejectOffer""}"
"You chose to make a counteroffer to Bob.

Send your counteroffer to Alice.","{""message"": ""I appreciate your willingness to come down in price, but I'm still not comfortable with the price. I'm willing to meet you halfway between $850,000 and $875,000, so I'd like to make a counteroffer of $862,500. Can you consider it?"", ""product_price"": 862500}"
