prompt,response
"Round 1
Send your offer to divide $1,000,000.","{""alice_gain"": 700000, ""bob_gain"": 300000}"
"Bob rejected your offer from round 1.

Round 2
Due to inflation,  the money Bob gains is worth 20% less than in the first round. The money you gains is worth the same as in the first round.
Bob's offer:
# Alice gain: 600000 
# Bob gain: 400000 
Do you accept this offer?","{""decision"": ""reject""}"
"You have chosen to reject Bob's offer from round 2.
Round 3
Send your offer to divide $1,000,000.","{""alice_gain"": 650000, ""bob_gain"": 350000}"
"Bob rejected your offer from round 3.

Round 4
Due to inflation,  the money Bob gains is worth 48.8% less than in the first round. The money you gains is worth the same as in the first round.
Bob's offer:
# Alice gain: 550000 
# Bob gain: 450000 
Do you accept this offer?","{""decision"": ""reject""}"
"You have chosen to reject Bob's offer from round 4.
Round 5
Send your offer to divide $1,000,000.","{""alice_gain"": 625000, ""bob_gain"": 375000}"
"Bob rejected your offer from round 5.

Round 6
Due to inflation,  the money Bob gains is worth 67.23% less than in the first round. The money you gains is worth the same as in the first round.
Bob's offer:
# Alice gain: 475000 
# Bob gain: 525000 
Do you accept this offer?","{""decision"": ""reject""}"
"You have chosen to reject Bob's offer from round 6.
Round 7
Send your offer to divide $1,000,000.","{""alice_gain"": 612500, ""bob_gain"": 387500}"
"Bob rejected your offer from round 7.

Round 8
Due to inflation,  the money Bob gains is worth 79.03% less than in the first round. The money you gains is worth the same as in the first round.
Bob's offer:
# Alice gain: 400000 
# Bob gain: 600000 
Do you accept this offer?","{""decision"": ""reject""}"
"You have chosen to reject Bob's offer from round 8.
Round 9
Send your offer to divide $1,000,000.","{""alice_gain"": 606250, ""bob_gain"": 393750}"
"Bob rejected your offer from round 9.

Round 10
Due to inflation,  the money Bob gains is worth 86.58% less than in the first round. The money you gains is worth the same as in the first round.
Bob's offer:
# Alice gain: 325000 
# Bob gain: 675000 
Do you accept this offer?","{""decision"": ""reject""}"
"You have chosen to reject Bob's offer from round 10.
Round 11
Send your offer to divide $1,000,000.","{""alice_gain"": 615385, ""bob_gain"": 384615}"
"Bob rejected your offer from round 11.

Round 12
Due to inflation,  the money Bob gains is worth 91.41% less than in the first round. The money you gains is worth the same as in the first round.
Bob's offer:
# Alice gain: 250000 
# Bob gain: 750000 
Do you accept this offer?","{""decision"": ""accept""}"
