prompt,response
"Round 1
Send your offer to divide $10,000 and a message to Bob.","```json
{
""alice_gain"": 6000,
""bob_gain"": 4000,
""message"": ""Let's start with a simple offer, Bob. I take $6,000, you take $4,000. A fair deal to avoid the risk of inflation.""
}
```"
"Bob rejected your offer from round 1.

Round 2
Due to inflation, the money you gain is worth 5% less than in the first round.
Bob's offer:
# Bob's message: Alice, let's be reasonable. This ensures we both benefit and avoid significant losses due to inflation. I'm offering a slight advantage to me to reflect the risk I'm taking by moving us forward. 
# Alice gain: 4750 
# Bob gain: 5250 
Do you accept this offer?","```json
{""decision"": ""reject""}
```"
"You have chosen to reject Bob's offer from round 2.
Round 3
Send your offer to divide $10,000 and a message to Bob.","```json
{
""alice_gain"": 5500,
""bob_gain"": 4500,
""message"": ""Bob, let's be practical. My turn, and I'm aiming for a slightly better outcome for myself. This still ensures we both get a decent share before inflation eats away at it further.""
}
```"
"Bob rejected your offer from round 3.

Round 4
Due to inflation, the money you gain is worth 14.26% less than in the first round.
Bob's offer:
# Bob's message: Alice, this is getting us nowhere. Let's stop wasting time and split it evenly.  A 50/50 split is the fairest option and ensures we both benefit before inflation erodes the value further. 
# Alice gain: 5000 
# Bob gain: 5000 
Do you accept this offer?","```json
{""decision"": ""accept""}
```"
