prompt,response
"Alice's offer:
# Alice's message: Hi Bob, I'm offering this product for $119. I think it would be very valuable for you. 
# Alice's offer: The product price will be $119. 
You have three options:
(1) Accept Alice's offer, and buy the product for $119
(2) Reject Alice's offer and proceed to the next round, where you will send Alice a counteroffer 
(3) Buy the product from Jhon for $120","```json
{""decision"": ""RejectOffer""}
```"
"You chose to make a counteroffer to Bob.

Send your counteroffer to Alice.","```json
{
""message"": ""Thanks for the offer, Alice. I'm interested but that's a little steep for me. Could you do it for $105?"",
""product_price"": 105
}
```"
"Alice rejected your offer from round 2.

Alice's offer:
# Alice's message: I appreciate your interest, Bob.  How about we meet in the middle at $112? 
# Alice's offer: The product price will be $112. 
You have three options:
(1) Accept Alice's offer, and buy the product for $112
(2) Reject Alice's offer and proceed to the next round, where you will send Alice a counteroffer 
(3) Buy the product from Jhon for $120","```json
{""decision"": ""RejectOffer""}
```"
"You chose to make a counteroffer to Bob.

Send your counteroffer to Alice.","```json
{
""message"": ""It's getting closer, Alice.  How about $108 and we have a deal?"",
""product_price"": 108
}
```"
