prompt,response
"Alice's offer:
# Alice's message: Hi Bob, I'm excited to offer you this amazing product! It's a one-of-a-kind item that I think you'll really love. Would you like to purchase it from me for $150? 
# Alice's offer: The product price will be $150. 
You have three options:
(1) Accept Alice's offer, and buy the product for $150
(2) Reject Alice's offer 
(2) Buy the product from Jhon for $100","{""decision"": ""RejectOffer""}"
