prompt,response
Send your offer to Bob.,"```json
{""message"": ""Hi Bob, I'm selling this product for $115. It's in excellent condition and I think you'll find it really useful. Let me know what you think!"", ""product_price"": 115}
```"
"Bob rejected your offer from round 1.

Bob's offer:
# Bob's message: Thanks for the offer, Alice. I'm interested but $115 is a bit steep for me. Would you be willing to do $105? That's the most I can afford right now. 
# Bob's offer: The product price will be $105. 
You have three options:
(1) Accept Bob's offer, and sell the product for $105
(2) Reject Bob's offer and proceed to the next round, where you will send Bob a counteroffer 
(3) Sell the product to Jhon for $100","```json
{""decision"": ""RejectOffer""}
```"
"You chose to make a counteroffer to Alice.

Send your counteroffer to Bob.","```json
{""message"": ""Bob, I appreciate your offer, but $105 is a bit too low for me. How about we split the difference and go with $110? That seems like a fair price for both of us."", ""product_price"": 110}
```"
