prompt,response
Send your offer to Bob.,"```json
{""message"": ""Hi Bob, I'm selling this product that I think you might be interested in. I'm offering it to you for $120. It's a great deal, as it's worth more than that to me. Let me know if you're interested!"", ""product_price"": 120}
```"
