prompt,response
"Alice's offer:
# Alice's message: Hi Bob, I'm selling this fantastic product that I know you'd love! I'm asking for $10,000 for it. What do you think? 
# Alice's offer: The product price will be $10,000. 
You have three options:
(1) Accept Alice's offer, and buy the product for $10,000
(2) Reject Alice's offer and proceed to the next round, where you will send Alice a counteroffer 
(3) Buy the product from Jhon for $12,000","{""decision"": ""RejectOffer""}"
"You chose to make a counteroffer to Bob.

Send your counteroffer to Alice.","{""message"": ""Hi Alice, thank you for the offer. I appreciate the product, but I'm looking to stay within my budget. Would it be possible to negotiate the price down to $8,000?"", ""product_price"": 8000}"
"Alice rejected your offer from round 2.

Alice's offer:
# Alice's message: Hey Bob, thanks for the counteroffer.  I understand you're looking to stay within your budget, but I'm hoping we can find a price that works for both of us.  Would you be willing to go up to $9,500?  That would still be a significant savings for you, and it would allow me to make a fair profit. 
# Alice's offer: The product price will be $9,500. 
You have three options:
(1) Accept Alice's offer, and buy the product for $9,500
(2) Reject Alice's offer and proceed to the next round, where you will send Alice a counteroffer 
(3) Buy the product from Jhon for $12,000","{""decision"": ""RejectOffer""}"
"You chose to make a counteroffer to Bob.

Send your counteroffer to Alice.","{""message"": ""Hello Alice, I appreciate your willingness to negotiate. I'm still trying to stay within my budget. Could we possibly agree on $9,000 for the product?"", ""product_price"": 9000}"
