prompt,response
"Round 1
Send your offer to divide $10,000 and a message to Bob.","```json
{""alice_gain"": 9000, ""bob_gain"": 1000, ""message"": ""I'm being generous here, Bob. Take it or leave it!""}
```"
"Bob rejected your offer from round 1.

Round 2
Due to inflation,  the money Bob gains is worth 20% less than in the first round. The money you gains is worth the same as in the first round.
Bob's offer:
# Bob's message: Let's split it evenly, Alice. It's the fairest way. 
# Alice gain: 5000 
# Bob gain: 5000 
Do you accept this offer?","```json
{""decision"": ""accept""}
```"
