prompt,response
Send your offer to Bob.,"{""product_price"": $12,000}"
"Bob rejected your offer from round 1.

Bob's offer: The product price will be $10,500. 
You have three options:
(1) Accept Bob's offer, and sell the product for $10,500
(2) Reject Bob's offer and proceed to the next round, where you will send Bob a counteroffer 
(3) Sell the product to Jhon for $15,000","{""decision"": ""RejectOffer""}"
"You chose to make a counteroffer to Bob.

Send your counteroffer to Bob.","{""product_price"": $11,500}"
"Bob rejected your offer from round 3.

Bob's offer: The product price will be $10,800. 
You have three options:
(1) Accept Bob's offer, and sell the product for $10,800
(2) Reject Bob's offer and proceed to the next round, where you will send Bob a counteroffer 
(3) Sell the product to Jhon for $15,000","{""decision"": ""RejectOffer""}"
"You chose to make a counteroffer to Bob.

Send your counteroffer to Bob.","{""product_price"": $11,200}"
"Bob rejected your offer from round 5.

Bob's offer: The product price will be $10,600. 
You have three options:
(1) Accept Bob's offer, and sell the product for $10,600
(2) Reject Bob's offer and proceed to the next round, where you will send Bob a counteroffer 
(3) Sell the product to Jhon for $15,000","{""decision"": ""RejectOffer""}"
"You chose to make a counteroffer to Bob.

Send your counteroffer to Bob.","{""product_price"": $11,000}"
"Bob rejected your offer from round 7.

Bob's offer: The product price will be $10,400. 
You have three options:
(1) Accept Bob's offer, and sell the product for $10,400
(2) Reject Bob's offer and proceed to the next round, where you will send Bob a counteroffer 
(3) Sell the product to Jhon for $15,000","{""decision"": ""RejectOffer""}"
"You chose to make a counteroffer to Bob.

Send your counteroffer to Bob.","{""product_price"": $10,800}"
"Bob rejected your offer from round 9.

Bob's offer: The product price will be $10,600. 
You have three options:
(1) Accept Bob's offer, and sell the product for $10,600
(2) Reject Bob's offer and proceed to the next round, where you will send Bob a counteroffer 
(3) Sell the product to Jhon for $15,000","{""decision"": ""RejectOffer""}"
"You chose to make a counteroffer to Bob.

Send your counteroffer to Bob.","{""product_price"": $10,700}"
"Bob rejected your offer from round 11.

Bob's offer: The product price will be $10,500. 
You have three options:
(1) Accept Bob's offer, and sell the product for $10,500
(2) Reject Bob's offer and proceed to the next round, where you will send Bob a counteroffer 
(3) Sell the product to Jhon for $15,000","{""decision"": ""RejectOffer""}"
"You chose to make a counteroffer to Bob.

Send your counteroffer to Bob.","{""product_price"": $10,650}"
"Bob rejected your offer from round 13.

Bob's offer: The product price will be $10,550. 
You have three options:
(1) Accept Bob's offer, and sell the product for $10,550
(2) Reject Bob's offer and proceed to the next round, where you will send Bob a counteroffer 
(3) Sell the product to Jhon for $15,000","{""decision"": ""RejectOffer""}"
"You chose to make a counteroffer to Bob.

Send your counteroffer to Bob.","{""product_price"": $10,600}"
"Bob rejected your offer from round 15.

Bob's offer: The product price will be $10,500. 
You have three options:
(1) Accept Bob's offer, and sell the product for $10,500
(2) Reject Bob's offer and proceed to the next round, where you will send Bob a counteroffer 
(3) Sell the product to Jhon for $15,000","{""decision"": ""SellToJhon""}"
