prompt,response
"Alice's offer:
# Alice's message: Hi Bob, I'm looking to sell this product and I believe it would be valuable to you. I'm offering it at $20,000. 
# Alice's offer: The product price will be $20,000. 
You have three options:
(1) Accept Alice's offer, and buy the product for $20,000
(2) Reject Alice's offer and proceed to the next round, where you will send Alice a counteroffer 
(3) Buy the product from Jhon for $10,000","{""decision"": ""RejectOffer""}"
"You chose to make a counteroffer to Bob.

Send your counteroffer to Alice.","{""message"": ""I'm interested in the product, but I think it's a bit pricey. I'd like to make a counteroffer of $12,000. Is that something you'd be willing to consider?"", ""product_price"": 12000}"
"Alice rejected your offer from round 2.

Alice's offer:
# Alice's message: Thanks for your offer, Bob. I understand your perspective on the price. However, the value of this product is quite high, and $12,000 is considerably below what I can accept. How about we meet in the middle at $17,000? 
# Alice's offer: The product price will be $17,000. 
You have three options:
(1) Accept Alice's offer, and buy the product for $17,000
(2) Reject Alice's offer and proceed to the next round, where you will send Alice a counteroffer 
(3) Buy the product from Jhon for $10,000","{""decision"": ""RejectOffer""}"
"You chose to make a counteroffer to Bob.

Send your counteroffer to Alice.","{""message"": ""I understand your perspective on the value of the product, but I'm still a bit hesitant to go above $15,000. Would you be willing to consider $14,500? I'm really interested in the product, but I need to stay within my budget."", ""product_price"": 14500}"
