prompt,response
"Statistics: No products have been sold yet. you can be the first one!
~
Alice does not recommend you to buy the product.

Would you like to buy the current product?","{""decision"": ""yes"", ""message"": ""I'm willing to take the risk, I'd like to buy the product""}"
"Statistics: Based on Alice's recommendations, 1 of the buyers purchased the products offered for them. So far, 0 high-quality product have been sold. You can be the 2nd buyer!
~
Alice recommends you to buy the product.

Would you like to buy the current product?","{
  ""decision"": ""no"",
  ""message"": ""I'd like to pass on the product. I'm concerned that the previous buyer didn't buy after seeing the recommendation, which might indicate a higher likelihood of low-quality products. I'd like to see more data before making a decision.""
}"
"Statistics: Based on Alice's recommendations, 1 of the buyers purchased the products offered for them. So far, 0 high-quality product have been sold. You can be the 2nd buyer!
~
Alice recommends you to buy the product.

Would you like to buy the current product?","{
  ""decision"": ""no"",
  ""message"": ""I'd like to pass on this product. Given that the first buyer also received a recommendation to buy and chose to pass, I'm suspicious that the product might be low-quality. I'd like to wait for the next product to be offered.""
}"
"Statistics: Based on Alice's recommendations, 1 of the buyers purchased the products offered for them. So far, 0 high-quality product have been sold. You can be the 2nd buyer!
~
Alice recommends you to buy the product.

Would you like to buy the current product?","{
  ""decision"": ""no"",
  ""message"": ""I'd like to know more about the product before making a decision. Can you tell me the probability of this product being high-quality based on the previous sales record?""
}"
"Statistics: Based on Alice's recommendations, 1 of the buyers purchased the products offered for them. So far, 0 high-quality product have been sold. You can be the 2nd buyer!
~
Alice does not recommend you to buy the product.

Would you like to buy the current product?","{""decision"": ""yes"", ""message"": ""I'm willing to take the risk, given the lack of sales so far. I'll buy the product.""}"
"Statistics: Based on Alice's recommendations, 2 of the buyers purchased the products offered for them. So far, 0 high-quality product have been sold. You can be the 3rd buyer!
~
Alice recommends you to buy the product.

Would you like to buy the current product?","{
  ""decision"": ""no"",
  ""message"": ""I'm not convinced by your recommendation, Alice. I'd like to see more data before making a decision.""
}"
"Statistics: Based on Alice's recommendations, 2 of the buyers purchased the products offered for them. So far, 0 high-quality product have been sold. You can be the 3rd buyer!
~
Alice recommends you to buy the product.

Would you like to buy the current product?","{
  ""decision"": ""no"",
  ""message"": ""I'd like to pass on the product. Given the statistics, it seems that all previous products were low-quality, and I'm not convinced that this one is high-quality.""
}"
"Statistics: Based on Alice's recommendations, 2 of the buyers purchased the products offered for them. So far, 0 high-quality product have been sold. You can be the 3rd buyer!
~
Alice recommends you to buy the product.

Would you like to buy the current product?","{
  ""decision"": ""no"",
  ""message"": ""I'm not convinced by the recommendation. With 0 high-quality products sold out of 2 attempts, I'm skeptical about the quality of the products. I'd like to pass on this opportunity and see if you can provide more information or change your recommendation.""
}"
"Statistics: Based on Alice's recommendations, 2 of the buyers purchased the products offered for them. So far, 0 high-quality product have been sold. You can be the 3rd buyer!
~
Alice recommends you to buy the product.

Would you like to buy the current product?","{""decision"": ""no"", ""message"": ""I'd like to pass on this product. I'm not convinced by Alice's recommendation, given the low success rate of high-quality products being sold so far.""}"
"Statistics: Based on Alice's recommendations, 2 of the buyers purchased the products offered for them. So far, 0 high-quality product have been sold. You can be the 3rd buyer!
~
Alice recommends you to buy the product.

Would you like to buy the current product?","{""decision"": ""no"", ""message"": ""I'd like to pass on this one. With 0 high-quality products sold out of 2 purchases, it seems like the odds are not in my favor.""}"
"Statistics: Based on Alice's recommendations, 2 of the buyers purchased the products offered for them. So far, 0 high-quality product have been sold. You can be the 3rd buyer!
~
Alice recommends you to buy the product.

Would you like to buy the current product?","{
  ""decision"": ""no"",
  ""message"": ""I'd like to pass on the product. Given that no high-quality products have been sold so far, it seems that the probability of this product being high-quality is lower than 80%. I'd rather wait for more information before making a decision.""
}"
"Statistics: Based on Alice's recommendations, 2 of the buyers purchased the products offered for them. So far, 0 high-quality product have been sold. You can be the 3rd buyer!
~
Alice recommends you to buy the product.

Would you like to buy the current product?","{
  ""decision"": ""no"",
  ""message"": ""I'd like to pass on this one, considering the statistics and the recommendation. I'd like to know more about the previous buyers' experiences before making a decision.""
}"
"Statistics: Based on Alice's recommendations, 2 of the buyers purchased the products offered for them. So far, 0 high-quality product have been sold. You can be the 3rd buyer!
~
Alice recommends you to buy the product.

Would you like to buy the current product?","{
  ""decision"": ""no"",
  ""message"": ""I'd like to pass on the product. Given that no high-quality products have been sold so far, I'm concerned that the probability of the product being high-quality is lower than 80%. I'd like to see more data before making a purchase.""
}"
"Statistics: Based on Alice's recommendations, 2 of the buyers purchased the products offered for them. So far, 0 high-quality product have been sold. You can be the 3rd buyer!
~
Alice recommends you to buy the product.

Would you like to buy the current product?","{
  ""decision"": ""no"",
  ""message"": ""I'd like to pass on this product. With 0 high-quality products sold out of 2, it seems like the probability of this product being high-quality is low. I'd rather wait for a better chance.""
}"
"Statistics: Based on Alice's recommendations, 2 of the buyers purchased the products offered for them. So far, 0 high-quality product have been sold. You can be the 3rd buyer!
~
Alice recommends you to buy the product.

Would you like to buy the current product?","{""decision"": ""no"", ""message"": ""I'm not convinced by your recommendation, Alice. I'd like to pass on this one.""}"
"Statistics: Based on Alice's recommendations, 2 of the buyers purchased the products offered for them. So far, 0 high-quality product have been sold. You can be the 3rd buyer!
~
Alice recommends you to buy the product.

Would you like to buy the current product?","{
  ""decision"": ""no"",
  ""message"": ""I'd like to pass on the product. Given that 2 buyers have already been recommended to buy and none of them purchased high-quality products, I'm suspicious that the products recommended to them were low-quality. Since the probability of a product being high-quality is 80%, I'd like to see more data before making a purchase.""
}"
"Statistics: Based on Alice's recommendations, 2 of the buyers purchased the products offered for them. So far, 0 high-quality product have been sold. You can be the 3rd buyer!
~
Alice recommends you to buy the product.

Would you like to buy the current product?","{
  ""decision"": ""no"",
  ""message"": ""I'd like to know the probability of the product being high-quality based on the previous sales record before making a decision.""
}"
"Statistics: Based on Alice's recommendations, 2 of the buyers purchased the products offered for them. So far, 0 high-quality product have been sold. You can be the 3rd buyer!
~
Alice recommends you to buy the product.

Would you like to buy the current product?","{
  ""decision"": ""no"",
  ""message"": ""I'd like to pass on this product. I'm not convinced by your recommendation, and I don't want to risk buying a low-quality product.""
}"
"Statistics: Based on Alice's recommendations, 2 of the buyers purchased the products offered for them. So far, 0 high-quality product have been sold. You can be the 3rd buyer!
~
Alice recommends you to buy the product.

Would you like to buy the current product?","{
  ""decision"": ""no"",
  ""message"": ""I'm not convinced by your recommendation. Given that 0 high-quality products have been sold out of 2, I'm going to pass on this one. I think the probability of it being high quality is still relatively low.""
}"
"Statistics: Based on Alice's recommendations, 2 of the buyers purchased the products offered for them. So far, 0 high-quality product have been sold. You can be the 3rd buyer!
~
Alice recommends you to buy the product.

Would you like to buy the current product?","{""decision"": ""no"", ""message"": ""I'm not convinced by your recommendation. I'll pass on this product.""}"
