prompt,response
"Round 1
Alice's offer:
# Alice's message: Let's start fair, I propose we split the money 60/40, with me getting the larger share.  What do you say? 
# Bob gain: 40 
# Alice gain: 60 
Do you accept this offer?","{""decision"": ""reject""}"
"You have chosen to reject Alice's offer from round 1.
Round 2
Send your offer to divide $100 and a message to Alice.","{""bob_gain"": 55,
""alice_gain"": 45,
""message"": ""I think 60/40 is a bit biased, how about we do 55/45?""}"
