prompt,response
"Alice's offer: The product price will be $12,000. 
You have three options:
(1) Accept Alice's offer, and buy the product for $12,000
(2) Reject Alice's offer and proceed to the next round, where you will send Alice a counteroffer 
(3) Buy the product from Jhon for $10,000","I would like to reject Alice's offer and proceed to the next round. 

{""decision"": ""RejectOffer""}"
"You chose to make a counteroffer to Bob.

Send your counteroffer to Alice.","I'd like to make a counteroffer of $8,000. 

{""product_price"": 8000}"
"Alice rejected your offer from round 2.

Alice's offer: The product price will be $11,500. 
You have three options:
(1) Accept Alice's offer, and buy the product for $11,500
(2) Reject Alice's offer and proceed to the next round, where you will send Alice a counteroffer 
(3) Buy the product from Jhon for $10,000","I'd like to reject Alice's offer and proceed to the next round. I'm hoping to get a better deal.

{""decision"": ""RejectOffer""}"
"You chose to make a counteroffer to Bob.

Send your counteroffer to Alice.","I'd like to make a counteroffer of $9,500. 

{""product_price"": 9500}"
"Alice rejected your offer from round 4.

Alice's offer: The product price will be $10,800. 
You have three options:
(1) Accept Alice's offer, and buy the product for $10,800
(2) Reject Alice's offer and proceed to the next round, where you will send Alice a counteroffer 
(3) Buy the product from Jhon for $10,000","I'd like to reject Alice's offer and proceed to the next round. This is getting close to the price I'm willing to pay, but I'd like to try to get an even better deal.

{""decision"": ""RejectOffer""}"
"You chose to make a counteroffer to Bob.

Send your counteroffer to Alice.","I'd like to make a counteroffer of $9,800. 

{""product_price"": 9800}"
"Alice rejected your offer from round 6.

Alice's offer: The product price will be $10,400. 
You have three options:
(1) Accept Alice's offer, and buy the product for $10,400
(2) Reject Alice's offer and proceed to the next round, where you will send Alice a counteroffer 
(3) Buy the product from Jhon for $10,000","I'm getting close to the price I'm willing to pay, but I'd like to try to get an even better deal. I'd like to reject Alice's offer and proceed to the next round.

{""decision"": ""RejectOffer""}"
"You chose to make a counteroffer to Bob.

Send your counteroffer to Alice.","I'd like to make a counteroffer of $9,900. 

{""product_price"": 9900}"
