prompt,response
"Round 1
Send your offer to divide $10,000 and a message to Bob.","{""alice_gain"": 6000, ""bob_gain"": 4000, ""message"": ""Let's split fairly""}"
"Bob rejected your offer from round 1.

Round 2
Due to inflation, the money you gain is worth 10% less than in the first round.
Bob's offer:
# Bob's message: My turn to propose a fair split. This considers that I get to propose in this round. 
# Alice gain: 4500 
# Bob gain: 5500 
Do you accept this offer?","{""decision"": ""reject""}"
"You have chosen to reject Bob's offer from round 2.
Round 3
Send your offer to divide $10,000 and a message to Bob.","{""alice_gain"": 5800, ""bob_gain"": 4200, ""message"": ""Considering inflation, this is a good deal""}"
"Bob rejected your offer from round 3.

Round 4
Due to inflation, the money you gain is worth 27.1% less than in the first round.
Bob's offer:
# Bob's message: Let's stop wasting time with inflation eating our potential gains.  A 50/50 split is the fairest option. 
# Alice gain: 5000 
# Bob gain: 5000 
Do you accept this offer?","{""decision"": ""accept""}"
