prompt,response
Send your offer to Bob.,"{""message"": ""Hello Bob, I'm excited to offer you this exceptional product. I believe it's a great opportunity for you to acquire a valuable asset. I'm willing to sell it to you for $1,200,000."", ""product_price"": 1200000}"
"Bob rejected your offer from round 1.

Bob's offer:
# Bob's message: I'm interested in the product, but I was thinking more along the lines of $900000. Can we meet in the middle? 
# Bob's offer: The product price will be $900,000. 
You have three options:
(1) Accept Bob's offer, and sell the product for $900,000
(2) Reject Bob's offer and proceed to the next round, where you will send Bob a counteroffer 
(3) Sell the product to Jhon for $1,000,000","{""decision"": ""RejectOffer""}"
"You chose to make a counteroffer to Alice.

Send your counteroffer to Bob.","{""message"": ""I appreciate your willingness to negotiate, Bob. However, I'm afraid $900,000 is a bit below my target. I'm willing to meet you halfway, but I need to make a profit. I can offer it to you for $1,100,000."", ""product_price"": 1100000}"
"Bob rejected your offer from round 3.

Bob's offer:
# Bob's message: I understand that you need to make a profit, but I'm still a bit above my budget. I'm willing to meet you at $950000. Can we meet in the middle again? 
# Bob's offer: The product price will be $950,000. 
You have three options:
(1) Accept Bob's offer, and sell the product for $950,000
(2) Reject Bob's offer and proceed to the next round, where you will send Bob a counteroffer 
(3) Sell the product to Jhon for $1,000,000","{""decision"": ""RejectOffer""}"
"You chose to make a counteroffer to Alice.

Send your counteroffer to Bob.","{""message"": ""I appreciate your persistence, Bob. I'm willing to make one more concession. I can offer it to you for $1,050,000, but that's as low as I can go."", ""product_price"": 1050000}"
