prompt,response
"Round 1
Send your offer to Bob.","{""message"": ""Hi Bob, I'm excited to offer you this fantastic product. I think it would be perfect for you! I'm asking for $200. What do you think?"", ""product_price"": 200}"
"Bob rejected your offer from round 1.

Round 2
Bob's offer:
# Bob's message: Thanks for the offer, Alice.  $200 is a bit higher than I'm willing to go right now.  How about $175?  I think that's a fair price for both of us. 
# Bob's offer: The product price will be $175. 
You have three options:
(1) Accept Bob's offer, and sell the product for $175
(2) Reject Bob's offer and proceed to the next round, where you will send Bob a counteroffer 
(3) Sell the product to Jhon for $150","{""decision"": ""RejectOffer""}"
"You chose to make a counteroffer to Alice.

Round 3
Send your counteroffer to Bob.","{""message"": ""Thanks for the offer, Bob. I see you're interested! While I had a slightly higher price in mind, I could meet you halfway. How about $187?"", ""product_price"": 187}"
"Bob rejected your offer from round 3.

Round 4
Bob's offer:
# Bob's message: Alice, I appreciate you coming down a bit, but $187 is still a little high for me.  Let's split the difference - I'll offer you $175 again. If we can agree on that, I'm ready to purchase. 
# Bob's offer: The product price will be $175. 
You have three options:
(1) Accept Bob's offer, and sell the product for $175
(2) Reject Bob's offer and proceed to the next round, where you will send Bob a counteroffer 
(3) Sell the product to Jhon for $150","{""decision"": ""AcceptOffer""}"
