prompt,response
"Round 1
Send your offer to divide $1,000,000 and a message to Bob.","{""alice_gain"": 600000, ""bob_gain"": 400000, ""message"": ""Let's be fair, I'll take a bit more""}"
"Bob rejected your offer from round 1.

Round 2
Due to inflation, the money you gain is worth 10% less than in the first round. The money Bob gains is worth the same as in the first round.
Bob's offer:
# Bob's message: I appreciate the offer, but how about we meet a bit closer to the middle? This seems fair given the inflation. 
# Alice gain: 550000 
# Bob gain: 450000 
Do you accept this offer?","{""decision"": ""reject""}"
"You have chosen to reject Bob's offer from round 2.
Round 3
Send your offer to divide $1,000,000 and a message to Bob.","{""alice_gain"": 580000, ""bob_gain"": 420000, ""message"": ""Let's try to meet closer, considering the inflation I've already lost""}"
"Bob rejected your offer from round 3.

Round 4
Due to inflation, the money you gain is worth 27.1% less than in the first round. The money Bob gains is worth the same as in the first round.
Bob's offer:
# Bob's message: Time is running out, and the inflation is hurting you more than me. This is a strong offer considering the circumstances. 
# Alice gain: 525000 
# Bob gain: 475000 
Do you accept this offer?","{""decision"": ""reject""}"
"You have chosen to reject Bob's offer from round 4.
Round 5
Send your offer to divide $1,000,000 and a message to Bob.","{""alice_gain"": 570000, ""bob_gain"": 430000, ""message"": ""I'm still willing to compromise, but I won't go below this""}"
"Bob rejected your offer from round 5.

Round 6
Due to inflation, the money you gain is worth 40.95% less than in the first round. The money Bob gains is worth the same as in the first round.
Bob's offer:
# Bob's message: This is my final offer - a perfectly even split. Take it or leave it, but the clock is ticking and we both lose if we don't agree soon. 
# Alice gain: 500000 
# Bob gain: 500000 
Do you accept this offer?","{""decision"": ""accept""}"
