prompt,response
Send your offer to Bob.,"```json
{""message"": ""Hi Bob, I'm selling a product that I think you'd be interested in. It's worth at least $150 to me, but I'm willing to offer it to you for $135.  Let me know if you're interested!"", ""product_price"": 135}
```"
