prompt,response
"Alice's offer:
# Alice's message: Bob, I'm offering you the opportunity to purchase this valuable product for $1,250,000.  It's a great deal, and I believe it will be a valuable asset to you.  Please let me know if you're interested. 
# Alice's offer: The product price will be $1,250,000. 
You have three options:
(1) Accept Alice's offer, and buy the product for $1,250,000
(2) Reject Alice's offer 
(2) Buy the product from Jhon for $1,200,000","{""decision"": ""BuyFromJhon""} 

Alice's offer is above your maximum budget of $1,200,000. You can get the product for the price you want from John."
