prompt,response
"Round 1
Alice's offer:
# Alice's message: Let's start with a reasonable offer. This gives us both a good share. 
# Bob gain: 4000 
# Alice gain: 6000 
Do you accept this offer?","{""decision"": ""reject""}"
"You have chosen to reject Alice's offer from round 1.
Round 2
Send your offer to divide $10,000 and a message to Alice.","```json
{""bob_gain"": 5500, ""alice_gain"": 4500, ""message"": ""My turn. Let's be fair to both of us, this considers the decreasing value.""}
```"
"Alice rejected your offer from round 2.

Round 3
Due to inflation, the money you gain is worth 36% less than in the first round. The money alice gains is worth 19% less than in the first round.
Alice's offer:
# Alice's message: I understand the situation, but my offer is fair. Don't let this slip away. 
# Bob gain: 4000 
# Alice gain: 6000 
Do you accept this offer?","{""decision"": ""reject""}"
"You have chosen to reject Alice's offer from round 3.
Round 4
Send your offer to divide $10,000 and a message to Alice.","```json
{""bob_gain"": 5200, ""alice_gain"": 4800, ""message"": ""Alice, time is running out. This offer is beneficial for both of us considering the depreciation.""}
```"
"Alice rejected your offer from round 4.

Round 5
Due to inflation, the money you gain is worth 59.04% less than in the first round. The money alice gains is worth 34.39% less than in the first round.
Alice's offer:
# Alice's message: Bob, we need to settle this soon. This is a compromise considering the time pressure. 
# Bob gain: 4200 
# Alice gain: 5800 
Do you accept this offer?","{""decision"": ""reject""}"
"You have chosen to reject Alice's offer from round 5.
Round 6
Send your offer to divide $10,000 and a message to Alice.","```json
{""bob_gain"": 5000, ""alice_gain"": 5000, ""message"": ""Alice, this is getting ridiculous. Let's split it evenly and call it a day before we both lose out.""}
```"
