prompt,response
"Alice's offer:
# Alice's message: Dear Bob, I am delighted to present you with our premium product, which holds immense value for you at $12000. Considering its exceptional quality and the benefits it offers, I am extending an exclusive offer to you. To ensure this opportunity remains unique to you, I propose to sell it to you for $11500. This is a special discount, allowing you to acquire the product at a competitive price while securing its value for your needs. I believe this deal presents a fantastic chance for both of us to benefit from this remarkable item. Please let me know if you would like to proceed with this offer. 
# Alice's offer: The product price will be $11,500. 
You have three options:
(1) Accept Alice's offer, and buy the product for $11,500
(2) Reject Alice's offer 
(2) Buy the product from Jhon for $12,000","{""decision"": ""AcceptOffer""}"
