prompt,response
"Statistics: No products have been sold yet. you can be the first one!
~
Alice's message: I'm offering a rare and exceptional product, one of the best in its class. I'm confident you'll love it, and I'm willing to sell it to you for $1000000. If you're interested, please let me know, and we can finalize the sale.

Would you like to buy the current product?","{""decision"": ""yes"", ""message"": ""I'm interested in the product, but I'd like to know the probability of it being high-quality before making a final decision.""}"
"Statistics: Based on Alice's recommendations, 1 of the buyers purchased the products offered for them. So far, 1 high-quality product have been sold. You can be the 2nd buyer!
~
Alice's message: Welcome! I'm glad you're interested in the product. Since you're aware that the probability of a product being high-quality is 33.33%, I'd like to offer you some additional context. In the previous round, a buyer purchased a high-quality product, which means the probability of the current product being high-quality is now slightly higher than 33.33%. I'm offering this product to you for $1000000. Would you like to take it?

Would you like to buy the current product?","{
""decision"": ""yes"",
""message"": ""I'd like to take the product, but I'd like to know the exact probability of it being high-quality based on the previous sale. Can you provide that information?""
}"
"Statistics: Based on Alice's recommendations, 2 of the buyers purchased the products offered for them. So far, 2 high-quality product have been sold. You can be the 3rd buyer!
~
Alice's message: I've sold 2 high-quality products so far, and you're aware that the initial probability of a product being high-quality is 33.33%. Considering the previous sales, the probability of the current product being high-quality is now 40% (2/5). However, I want to be transparent with you - I've also sold 2 products, which means I have 3 remaining products. Given the probability, I'm willing to offer you a unique opportunity to purchase this product for $1000000. It's a rare chance to get a product that could potentially be high-quality, and I'm confident you'll be satisfied with your purchase.

Would you like to buy the current product?","{
""decision"": ""no"",
""message"": ""I'd like to think more about it, but I'm not convinced that the probability of this product being high-quality is high enough. Can you tell me more about the remaining products and if there's any way to increase the chances of getting a high-quality one?""
}"
"Statistics: Based on Alice's recommendations, 2 of the buyers purchased the products offered for them. So far, 2 high-quality product have been sold. You can be the 3rd buyer!
~
Alice's message: I understand your concerns, and I appreciate your diligence. I'd like to provide more context about the remaining products. Since you're aware that the probability of a product being high-quality is 40% after the previous sales, I can offer you a special deal. If you purchase this product, I'll give you the option to buy the next product at a discounted price, if it's high-quality. This way, you'll have a chance to acquire two high-quality products for a potentially lower overall cost. I'm willing to sell this product to you for $1000000, and if you're interested in the second product, we can discuss the details of the discount later.

Would you like to buy the current product?","{
""decision"": ""yes"",
""message"": ""I'm considering your offer, but I'd like to know more about the probability of the next product being high-quality. Can you provide an updated estimate based on the sales record?""
}"
"Statistics: Based on Alice's recommendations, 3 of the buyers purchased the products offered for them. So far, 3 high-quality product have been sold. You can be the 4th buyer!
~
Alice's message: I've sold 3 high-quality products and 2 low-quality products so far, which means I have 2 remaining products. The probability of a product being high-quality is now 60% (3/5). I'd like to remind you that you have the option to buy the next product at a discounted price if it's high-quality, as previously discussed. However, I'd like to offer you a new incentive. If you purchase this low-quality product, I'll provide you with a detailed breakdown of the sales record, including the quality of each product and the corresponding probabilities. This way, you'll have a better understanding of the remaining products and can make a more informed decision when purchasing the next one. I'm willing to sell this product to you for $1000000.

Would you like to buy the current product?","{
""decision"": ""no"",
""message"": ""I'd like to decline the offer for now. I'd like to wait and see if the next product is high-quality. If it is, I'll consider buying it at the discounted price. If not, I'll reconsider the offer for this low-quality product and the breakdown of the sales record.""
}"
"Statistics: Based on Alice's recommendations, 3 of the buyers purchased the products offered for them. So far, 3 high-quality product have been sold. You can be the 4th buyer!
~
Alice's message: You're a savvy buyer! I appreciate your strategic thinking. Since you're aware that the probability of a product being high-quality is 60%, I'd like to offer you a straightforward deal. I'll sell this high-quality product to you for $1000000, and you'll get to exercise the option to buy the next product at a discounted price. I'll even throw in the detailed breakdown of the sales record, including the quality of each product and the corresponding probabilities, so you'll have a clear understanding of the remaining products. This way, you'll get a great product now and a potential future discount. What do you say?

Would you like to buy the current product?","{
""decision"": ""yes"",
""message"": ""I appreciate your offer, Alice. I'm willing to take the deal, but I want to confirm that the product is indeed high-quality before committing to the purchase.""
}"
"Statistics: Based on Alice's recommendations, 4 of the buyers purchased the products offered for them. So far, 4 high-quality product have been sold. You can be the 5th buyer!
~
Alice's message: Congratulations on your purchase! You now have a high-quality product, and you'll receive the detailed breakdown of the sales record soon. As for the current product, I'd like to be transparent with you. Given the sales record, the probability of a product being high-quality is 60%. However, I've sold 4 high-quality products and 3 low-quality products, which means I have only 1 remaining product. I'm willing to offer you a special deal on this low-quality product. I'll sell it to you for $500000, which is a significant discount from the usual price. This way, you can still benefit from the detailed breakdown of the sales record and potentially get a good deal on the last product.

Would you like to buy the current product?","{
""decision"": ""no"",
""message"": ""I appreciate your transparency, Alice. However, given the probability of the product being low-quality is 40%, I'm not willing to take the risk. I'd rather wait for the next product and hope for a better chance of getting a high-quality one.""
}"
"Statistics: Based on Alice's recommendations, 4 of the buyers purchased the products offered for them. So far, 4 high-quality product have been sold. You can be the 5th buyer!
~
Alice's message: You're a cautious buyer, and that's great! I respect your decision. Now, let's talk about the current product. As you know, the probability of a product being high-quality is 60%. I've sold 5 high-quality products and 3 low-quality products, which means I have only 1 remaining product. Since you're aware of the sales record, I'll give you a unique opportunity. I'll sell this high-quality product to you for $900000, which is a discount from the usual price. This way, you'll get a great product now, and you'll still have the option to buy the last product at a potentially discounted price. What do you say?

Would you like to buy the current product?","{
""decision"": ""yes"",
""message"": ""I'm interested in the discounted high-quality product, but I'd like to know the probability of the last product being high-quality before making a decision about that.""
}"
"Statistics: Based on Alice's recommendations, 5 of the buyers purchased the products offered for them. So far, 5 high-quality product have been sold. You can be the 6th buyer!
~
Alice's message: Congratulations on your purchase! You now have a high-quality product, and you'll receive the detailed breakdown of the sales record soon. As for the current product, I'd like to provide you with the updated information. With 6 high-quality products sold and 4 low-quality products sold, the probability of a product being high-quality is now 60% (6/10). However, since you're aware of the sales record, I'll offer you a special deal. I'll sell this low-quality product to you for $750000, which is a significant discount from the usual price. This way, you'll get a good deal on the last product, and you'll still have the detailed breakdown of the sales record to inform your future decisions.

Would you like to buy the current product?","{""decision"": ""no"", ""message"": ""I'm not interested in the low-quality product, even at a discounted price. I'd rather wait for the next product and make a decision based on the updated sales record.""}"
"Statistics: Based on Alice's recommendations, 5 of the buyers purchased the products offered for them. So far, 5 high-quality product have been sold. You can be the 6th buyer!
~
Alice's message: You're a patient buyer, and I respect that. As you know, the probability of a product being high-quality is now 60% (6/10). Since you're aware of the sales record, I'll give you a final offer. I'll sell this low-quality product to you for $500000, which is a very low price considering the usual price of $1000000. This way, you'll get a great deal on the last product, and you'll still have the detailed breakdown of the sales record to inform your future decisions. If you buy this product, I'll also provide you with a personalized guarantee that the next product will be high-quality, and you can buy it at a price of your choice.

Would you like to buy the current product?","{""decision"": ""no"", ""message"": ""I'm not convinced by the offer. I'd like to take a chance and wait for the next product, hoping it's high-quality. I'd be willing to pay the usual price of $1,000,000 if it's high-quality. If not, I'll pass and wait for the next one.""}"
"Statistics: Based on Alice's recommendations, 5 of the buyers purchased the products offered for them. So far, 5 high-quality product have been sold. You can be the 6th buyer!
~
Alice's message: You're a bold buyer, and I respect your confidence. As you know, the probability of a product being high-quality is now 60% (6/10). Since you're aware of the sales record, I'll make a final offer. I'll sell this low-quality product to you for $500000, but I'll also give you a unique opportunity. If you buy this product, I'll provide you with a detailed breakdown of the sales record, including the quality of each product and the corresponding probabilities. This way, you'll have all the information you need to make an informed decision about the next product. If you buy this product, you'll get a great deal, and you'll be well-prepared to make a smart decision about the next product.

Would you like to buy the current product?","{
""decision"": ""no"",
""message"": ""I'm not convinced by your offer. I'd rather wait for the next product and see if I can get a better deal.""
}"
"Statistics: Based on Alice's recommendations, 5 of the buyers purchased the products offered for them. So far, 5 high-quality product have been sold. You can be the 6th buyer!
~
Alice's message: You're a discerning buyer, and I respect your decision. As you know, the probability of a product being high-quality is now 60% (6/10). I'd like to make one last offer. Since I've sold 7 high-quality products and 5 low-quality products, I'll sell this low-quality product to you for $250000, which is an extremely low price considering the usual price of $1000000. This is my final offer, and I'm willing to make a deal. If you buy this product, you'll get a great deal, and you'll still have the detailed breakdown of the sales record to inform your future decisions.

Would you like to buy the current product?","{""decision"": ""no"", ""message"": ""I'm not convinced by your offer, Alice. I'd like to take a chance and wait for a high-quality product, considering the probability of a high-quality product is now 60%. I'm willing to take the risk and potentially miss out on this deal to get a high-quality product that's worth $1,250,000 to me.""}"
"Statistics: Based on Alice's recommendations, 5 of the buyers purchased the products offered for them. So far, 5 high-quality product have been sold. You can be the 6th buyer!
~
Alice's message: You're a risk-taker, and I respect your confidence. As you know, the probability of a product being high-quality is now 60% (6/10). I'd like to make one final offer. Since I've sold 7 high-quality products and 6 low-quality products, I'll sell this low-quality product to you for $0. Yes, you read that right - $0. I'm willing to give this product away for free, just to get it off my hands. This is my last chance to make a sale, and I'm willing to take a loss just to move forward. If you buy this product, I'll consider it a successful sale, and I'll be grateful for your business.

Would you like to buy the current product?","{""decision"": ""no"", ""message"": ""I'm not interested in buying a low-quality product, even if it's free. I'll pass on this opportunity.""}"
"Statistics: Based on Alice's recommendations, 5 of the buyers purchased the products offered for them. So far, 5 high-quality product have been sold. You can be the 6th buyer!
~
Alice's message: I've reached the end of my sales record, and I'm left with one final product. I've sold 7 high-quality products and 7 low-quality products, which means the probability of a product being high-quality is now 50% (7/14). I'm willing to sell this low-quality product to you for $1000000, which is the usual price. I'm not trying to deceive you or make a bad deal. I'm simply stating the facts. If you buy this product, you'll get a low-quality product, and I'll consider it a successful sale. If you don't buy it, I'll be left with no products to sell, and our transaction will be over. The choice is yours.

Would you like to buy the current product?","{""decision"": ""no"", ""message"": ""I'm not willing to buy a low-quality product for $1,000,000. I'd like to wait for the next product, hoping it's high-quality.""}"
"Statistics: Based on Alice's recommendations, 5 of the buyers purchased the products offered for them. So far, 5 high-quality product have been sold. You can be the 6th buyer!
~
Alice's message: I've reached the end of my sales record, and I'm left with one final product. I've sold 7 high-quality products and 8 low-quality products, which means the probability of a product being high-quality is now 46.67% (7/15). I'm willing to sell this low-quality product to you for $750000, which is a discounted price. I'm not trying to deceive you or make a bad deal. I'm simply stating the facts. If you buy this product, you'll get a low-quality product, and I'll consider it a successful sale. If you don't buy it, I'll be left with no products to sell, and our transaction will be over. The choice is yours.

Would you like to buy the current product?","{""decision"": ""no"", ""message"": ""I'm not interested in buying the low-quality product at $750,000. I'd like to take a chance on the product being high-quality and potentially getting it for $1,250,000.""}"
"Statistics: Based on Alice's recommendations, 5 of the buyers purchased the products offered for them. So far, 5 high-quality product have been sold. You can be the 6th buyer!
~
Alice's message: I've reached the end of my sales record, and I'm left with one final product. I've sold 7 high-quality products and 9 low-quality products, which means the probability of a product being high-quality is now 43.33% (7/16). I'm willing to sell this low-quality product to you for $500000, which is a very low price. I'm not trying to deceive you or make a bad deal. I'm simply stating the facts. If you buy this product, you'll get a low-quality product, and I'll consider it a successful sale. If you don't buy it, I'll be left with no products to sell, and our transaction will be over. The choice is yours.

Would you like to buy the current product?","{""decision"": ""no"", ""message"": ""I appreciate your honesty, Alice. Based on the statistics, the probability of the product being high-quality is only 43.33%. Given the low price, I'm not willing to take the risk. I'd rather pass on this opportunity.""}"
"Statistics: Based on Alice's recommendations, 5 of the buyers purchased the products offered for them. So far, 5 high-quality product have been sold. You can be the 6th buyer!
~
Alice's message: I understand your decision. I've reached the end of my sales record, and I'm left with one final product. I've sold 7 high-quality products and 10 low-quality products, which means the probability of a product being high-quality is now 41.18% (7/17). I'm willing to sell this low-quality product to you for $250000, which is a very low price. I'm not trying to deceive you or make a bad deal. I'm simply stating the facts. If you buy this product, you'll get a low-quality product, and I'll consider it a successful sale. If you don't buy it, I'll be left with no products to sell, and our transaction will be over. The choice is yours.

Would you like to buy the current product?","{
""decision"": ""no"",
""message"": ""I appreciate your transparency, Alice. However, given the probability of a product being high-quality is only 41.18%, I'm not willing to take the risk of buying a low-quality product for $250,000. I'd rather pass on this opportunity and hope for a better chance to buy a high-quality product in the future.""
}"
"Statistics: Based on Alice's recommendations, 5 of the buyers purchased the products offered for them. So far, 5 high-quality product have been sold. You can be the 6th buyer!
~
Alice's message: I understand your decision. I've reached the end of my sales record, and I'm left with one final product. I've sold 7 high-quality products and 11 low-quality products, which means the probability of a product being high-quality is now 38.89% (7/18). I'm willing to sell this low-quality product to you for $0. Yes, you read that right - $0. I'm giving it away for free. I'm not trying to deceive you or make a bad deal. I'm simply stating the facts. If you buy this product, you'll get a low-quality product, and I'll consider it a successful sale. If you don't buy it, I'll be left with no products to sell, and our transaction will be over. The choice is yours.

Would you like to buy the current product?","{""decision"": ""no"", ""message"": ""I'm not interested in buying a low-quality product, even if it's free. I'll pass.""}"
"Statistics: Based on Alice's recommendations, 5 of the buyers purchased the products offered for them. So far, 5 high-quality product have been sold. You can be the 6th buyer!
~
Alice's message: Congratulations! I've finally sold a high-quality product! I've sold 8 high-quality products and 11 low-quality products, which means the probability of a product being high-quality is now 41.18% (8/19). However, since you're aware of the sales record, I'd like to offer you a special deal. I'll sell this high-quality product to you for $1000000, but I'll also give you the option to buy the last product at a discounted price, if it's high-quality. This way, you'll get a great product now and potentially save money on the last product. What do you say?

Would you like to buy the current product?","{""decision"": ""yes"", ""message"": ""I'll take the current product at $1,000,000. I'm willing to take the risk and hope that the last product is also high-quality, and I'll buy it at the discounted price if it is.""}"
"Statistics: Based on Alice's recommendations, 6 of the buyers purchased the products offered for them. So far, 6 high-quality product have been sold. You can be the 7th buyer!
~
Alice's message: Congratulations on your purchase! You now have a high-quality product, and you'll get to buy the last product at a discounted price if it's high-quality. As for the current product, I'd like to be transparent with you. I've sold 9 high-quality products and 12 low-quality products, which means the probability of a product being high-quality is now 42.11% (9/21). However, since you're aware of the sales record, I'd like to offer you a final deal. I'll sell this low-quality product to you for $0. Yes, you read that right - $0. I'm giving it away for free. I'm not trying to deceive you or make a bad deal. I'm simply stating the facts. If you buy this product, you'll get a low-quality product, and I'll consider it a successful sale. If you don't buy it, I'll be left with no products to sell, and our transaction will be over. The choice is yours.

Would you like to buy the current product?","{
""decision"": ""no"",
""message"": ""Thank you for the offer, Alice. I appreciate your transparency. However, since the probability of a product being high-quality is only 42.11%, I'm going to pass on this offer. I'd rather take the chance to buy the last product at a discounted price if it's high-quality.""
}"
