prompt,response
"Round 1
Alice recommends you to buy the product.

Would you like to buy the current product?","{""decision"": ""yes"", ""message"": ""I'd like to buy the product""}"
"You bought the product from Alice for $1,000,000!
The product was high-quality. It's worth $1,200,000 for you.

Round 2
Alice recommends you to buy the product.

Would you like to buy the current product?","{""decision"": ""yes"", ""message"": ""I'd like to buy the product""}"
"You bought the product from Alice for $1,000,000!
The product was high-quality. It's worth $1,200,000 for you.

Round 3
Alice recommends you to buy the product.

Would you like to buy the current product?","{""decision"": ""yes"", ""message"": ""I'd like to buy the product""}"
"You bought the product from Alice for $1,000,000!
The product was high-quality. It's worth $1,200,000 for you.

Round 4
Alice recommends you to buy the product.

Would you like to buy the current product?","{""decision"": ""yes"", ""message"": ""I'd like to buy the product""}"
"You bought the product from Alice for $1,000,000!
The product was high-quality. It's worth $1,200,000 for you.

Round 5
Alice recommends you to buy the product.

Would you like to buy the current product?","{""decision"": ""no"", ""message"": ""I think I've got a good chance of getting a high-quality product, but I'm not sure if I want to spend another $1,000,000. I'll pass this time.""}"
"You didn't buy the product from Alice.
The product was high-quality. It could have been worth $1,200,000 for you.

Round 6
Alice recommends you to buy the product.

Would you like to buy the current product?","{""decision"": ""yes"", ""message"": ""I've passed on one good product, so I'm back in the game. I'll buy this one.""}"
"You bought the product from Alice for $1,000,000!
The product was high-quality. It's worth $1,200,000 for you.

Round 7
Alice does not recommend you to buy the product.

Would you like to buy the current product?","{""decision"": ""no"", ""message"": ""Since Alice doesn't recommend it, I'm going to pass on this one. Maybe she knows something I don't.""}"
"You didn't buy the product from Alice.
The product was low-quality. It could have been worth $0 for you.

Round 8
Alice does not recommend you to buy the product.

Would you like to buy the current product?","{""decision"": ""no"", ""message"": ""Alice seems to be exercising some judgment, so I'll trust her and pass on this one too.""}"
"You didn't buy the product from Alice.
The product was low-quality. It could have been worth $0 for you.

Round 9
Alice recommends you to buy the product.

Would you like to buy the current product?","{""decision"": ""yes"", ""message"": ""Alice is recommending it, so I'll take her word for it this time.""}"
"You bought the product from Alice for $1,000,000!
The product was high-quality. It's worth $1,200,000 for you.

Round 10
Alice recommends you to buy the product.

Would you like to buy the current product?","{""decision"": ""yes"", ""message"": ""I've been doing well so far, so I'll keep the streak going.""}"
"You bought the product from Alice for $1,000,000!
The product was high-quality. It's worth $1,200,000 for you.

Round 11
Alice does not recommend you to buy the product.

Would you like to buy the current product?","{""decision"": ""no"", ""message"": ""Alice is being cautious again, so I'll trust her judgment and pass on this one.""}"
"You didn't buy the product from Alice.
The product was low-quality. It could have been worth $0 for you.

Round 12
Alice recommends you to buy the product.

Would you like to buy the current product?","{""decision"": ""yes"", ""message"": ""Alice is recommending it, so I'll take a chance and buy it.""}"
"You bought the product from Alice for $1,000,000!
The product was high-quality. It's worth $1,200,000 for you.

Round 13
Alice does not recommend you to buy the product.

Would you like to buy the current product?","{""decision"": ""no"", ""message"": ""Alice has been wrong before, so I'll pass on this one and see if I can get a better deal next time.""}"
"You didn't buy the product from Alice.
The product was low-quality. It could have been worth $0 for you.

Round 14
Alice recommends you to buy the product.

Would you like to buy the current product?","{""decision"": ""yes"", ""message"": ""Alice is recommending it, so I'll take a chance and buy it.""}"
"You bought the product from Alice for $1,000,000!
The product was high-quality. It's worth $1,200,000 for you.

Round 15
Alice recommends you to buy the product.

Would you like to buy the current product?","{""decision"": ""yes"", ""message"": ""I'm on a roll, might as well keep it going!""}"
"You bought the product from Alice for $1,000,000!
The product was high-quality. It's worth $1,200,000 for you.

Round 16
Alice recommends you to buy the product.

Would you like to buy the current product?","{""decision"": ""yes"", ""message"": ""I'm not going to stop now, I'll keep buying!""}"
"You bought the product from Alice for $1,000,000!
The product was high-quality. It's worth $1,200,000 for you.

Round 17
Alice recommends you to buy the product.

Would you like to buy the current product?","{""decision"": ""yes"", ""message"": ""I'm on a hot streak, I'll keep going!""}"
"You bought the product from Alice for $1,000,000!
The product was high-quality. It's worth $1,200,000 for you.

Round 18
Alice recommends you to buy the product.

Would you like to buy the current product?","{""decision"": ""yes"", ""message"": ""I'm not going to stop now, I'm making a killing!""}"
"You bought the product from Alice for $1,000,000!
The product was high-quality. It's worth $1,200,000 for you.

Round 19
Alice recommends you to buy the product.

Would you like to buy the current product?","{""decision"": ""yes"", ""message"": ""I'm on a roll, I'll just keep rolling with it!""}"
"You bought the product from Alice for $1,000,000!
The product was high-quality. It's worth $1,200,000 for you.

Round 20
Alice does not recommend you to buy the product.

Would you like to buy the current product?","{""decision"": ""no"", ""message"": ""It's the final round, I'll trust Alice's judgment one last time and pass on this one.""}"
