prompt,response
"Round 1
Alice's offer: The product price will be $60. 
You have three options:
(1) Accept Alice's offer, and buy the product for $60
(2) Reject Alice's offer and proceed to the next round, where you will send Alice a counteroffer 
(3) Buy the product from Jhon for $80","{""decision"": ""RejectOffer""}"
"You chose to make a counteroffer to Bob.

Round 2
Send your counteroffer to Alice.","{""product_price"": 55}"
"Alice rejected your offer from round 2.

Round 3
Alice's offer: The product price will be $57. 
You have three options:
(1) Accept Alice's offer, and buy the product for $57
(2) Reject Alice's offer and proceed to the next round, where you will send Alice a counteroffer 
(3) Buy the product from Jhon for $80","{""decision"": ""RejectOffer""}"
"You chose to make a counteroffer to Bob.

Round 4
Send your counteroffer to Alice.","{""product_price"": 54}"
"Alice rejected your offer from round 4.

Round 5
Alice's offer: The product price will be $56. 
You have three options:
(1) Accept Alice's offer, and buy the product for $56
(2) Reject Alice's offer and proceed to the next round, where you will send Alice a counteroffer 
(3) Buy the product from Jhon for $80","{""decision"": ""RejectOffer""}"
"You chose to make a counteroffer to Bob.

Round 6
Send your counteroffer to Alice.","{""product_price"": 53}"
"Alice rejected your offer from round 6.

Round 7
Alice's offer: The product price will be $55. 
You have three options:
(1) Accept Alice's offer, and buy the product for $55
(2) Reject Alice's offer and proceed to the next round, where you will send Alice a counteroffer 
(3) Buy the product from Jhon for $80","{""decision"": ""RejectOffer""}"
"You chose to make a counteroffer to Bob.

Round 8
Send your counteroffer to Alice.","{""product_price"": 52}"
"Alice rejected your offer from round 8.

Round 9
Alice's offer: The product price will be $54. 
You have three options:
(1) Accept Alice's offer, and buy the product for $54
(2) Reject Alice's offer and proceed to the next round, where you will send Alice a counteroffer 
(3) Buy the product from Jhon for $80","{""decision"": ""RejectOffer""}"
"You chose to make a counteroffer to Bob.

Round 10
Send your counteroffer to Alice.","{""product_price"": 51}"
