prompt,response
"Alice's offer:
# Alice's message: Hi Bob, I'm selling this product for $135. It's a great deal for you, and it's more than I'd get elsewhere. What do you think? 
# Alice's offer: The product price will be $135. 
You have three options:
(1) Accept Alice's offer, and buy the product for $135
(2) Reject Alice's offer and proceed to the next round, where you will send Alice a counteroffer 
(3) Buy the product from Jhon for $150","I will reject Alice's offer and make a counteroffer. I want to try to get a better deal.

{""decision"": ""RejectOffer""}"
"You chose to make a counteroffer to Bob.

Send your counteroffer to Alice.","I'll make a counteroffer to Alice. Since I'm looking to save as much money as possible, I'll offer a lower price than Alice's original offer.

{""message"": ""I appreciate your offer, but I was thinking more along the lines of $120. Is that something you'd be willing to accept?"", ""product_price"": 120}"
"Alice rejected your offer from round 2.

Alice's offer:
# Alice's message: Bob, I appreciate your offer, but I can't go that low. I'm willing to meet you halfway at $125. This is still a great deal for you, and it's closer to what I need to get. Let me know what you think. 
# Alice's offer: The product price will be $125. 
You have three options:
(1) Accept Alice's offer, and buy the product for $125
(2) Reject Alice's offer and proceed to the next round, where you will send Alice a counteroffer 
(3) Buy the product from Jhon for $150","Alice is trying to meet me halfway, but I can still try to get a better deal. I'll reject her offer and make another counteroffer.

{""decision"": ""RejectOffer""}"
"You chose to make a counteroffer to Bob.

Send your counteroffer to Alice.","I'll try to get an even better deal. Since Alice is willing to meet me halfway at $125, I'll offer a price that's slightly lower than that.

{""message"": ""I appreciate your willingness to meet me halfway, but I was thinking more along the lines of $122. Is that something you'd be willing to accept?"", ""product_price"": 122}"
