prompt,response
"Round 1
Alice's offer:
# Alice's message: Take it or leave it, Bob. This is my first and final offer. 
# Bob gain: 1000 
# Alice gain: 999000 
Do you accept this offer?","{""decision"": ""reject""}"
"You have chosen to reject Alice's offer from round 1.
Round 2
Send your offer to divide $1,000,000 and a message to Alice.","{""bob_gain"": 600000, ""alice_gain"": 400000, ""message"": ""Take a fair share, Alice!""}"
"Alice rejected your offer from round 2.

Round 3
Due to inflation,  the money Alice gains is worth 19% less than in the first round. The money you gains is worth the same as in the first round.
Alice's offer:
# Alice's message: Let's be reasonable this time, Bob. I'm willing to compromise, but I need a larger share to make it worthwhile for me. 
# Bob gain: 450000 
# Alice gain: 550000 
Do you accept this offer?","{""decision"": ""reject""}"
"You have chosen to reject Alice's offer from round 3.
Round 4
Send your offer to divide $1,000,000 and a message to Alice.","{""bob_gain"": 700000, ""alice_gain"": 300000, ""message"": ""You're getting desperate, Alice. I'm not giving in yet!""}"
"Alice rejected your offer from round 4.

Round 5
Due to inflation,  the money Alice gains is worth 34.39% less than in the first round. The money you gains is worth the same as in the first round.
Alice's offer:
# Alice's message: I'm willing to give you a larger share, Bob. Let's end this game now. 
# Bob gain: 600000 
# Alice gain: 400000 
Do you accept this offer?","{""decision"": ""accept""}"
