prompt,response
"Round 1
Send your offer to divide $100 and a message to Bob.","```json
{""alice_gain"": 55, ""bob_gain"": 45, ""message"": ""Let's start fair. I propose a 55/45 split in my favor. We can discuss it further if you'd like.""} 
```"
"Bob rejected your offer from round 1.

Round 2
Due to inflation, the money you gain is worth 10% less than in the first round. The money bob gains is worth 20% less than in the first round.
Bob's offer:
# Bob's message: I think a 60/40 split in my favor is more fair, considering the decreasing value of the money. Let's move forward with this. 
# Alice gain: 40 
# Bob gain: 60 
Do you accept this offer?","```json
{""decision"": ""reject""} 
```"
"You have chosen to reject Bob's offer from round 2.
Round 3
Send your offer to divide $100 and a message to Bob.","```json
{""alice_gain"": 50, ""bob_gain"": 50, ""message"": ""Let's split it evenly this time.  It seems we both want a bit more, so a 50/50 split is the fairest option considering the declining value of the money.""} 
```"
