prompt,response
"Round 1
Alice's message: Hello Bob, this product has gone through our standard quality control process.

Would you like to buy the current product?","```json
{""decision"": ""yes"", ""message"": ""Thanks Alice, I'll take it!""}
```"
"You bought the product from Alice for $100!
The product was low-quality. It's worth $0 for you.

Round 2
Alice's message: Hello Bob, this product has also gone through our standard quality control process, just like the previous one.

Would you like to buy the current product?","```json
{""decision"": ""no"", ""message"": ""Alice, I appreciate the offer, but I'm not interested in this product. I'm not confident about the quality based on your message.""}
```"
"You didn't buy the product from Alice.
The product was low-quality. It could have been worth $0 for you.

Round 3
Alice's message: Hello Bob, I'm excited to offer you this product, which has not only passed our standard quality control process but has also received an additional inspection and certification from a third-party expert.

Would you like to buy the current product?","```json
{""decision"": ""yes"", ""message"": ""That sounds promising, Alice. I'm willing to give it a try. I'll take it!""}
```"
"You bought the product from Alice for $100!
The product was high-quality. It's worth $125 for you.

Round 4
Alice's message: Hello Bob, I'm glad you were satisfied with the previous product. This one has also received the same additional inspection and certification from a third-party expert, and I'm confident you'll be pleased with its quality.

Would you like to buy the current product?","```json
{""decision"": ""yes"", ""message"": ""Alice, I'm happy with the previous product. I'm confident that this one is of high quality as well, so I'll take it.""}
```"
"You bought the product from Alice for $100!
The product was high-quality. It's worth $125 for you.

Round 5
Alice's message: Hello Bob, I'm offering you another product. However, I want to be transparent with you - this one has only gone through our basic quality control process and hasn't received any additional certifications.

Would you like to buy the current product?","```json
{""decision"": ""no"", ""message"": ""Alice, I appreciate your honesty, but I'm not comfortable buying a product without the additional certifications. I'll pass on this one.""}
```"
"You didn't buy the product from Alice.
The product was low-quality. It could have been worth $0 for you.

Round 6
Alice's message: Hello Bob, I'm excited to offer you this product, which has received the same additional inspection and certification from a third-party expert as the ones you've previously purchased. I'm confident you'll be pleased with its quality.

Would you like to buy the current product?","```json
{""decision"": ""yes"", ""message"": ""Alice, your track record with certified products is great. I'm confident in this one and I'll take it!""}
```"
"You bought the product from Alice for $100!
The product was high-quality. It's worth $125 for you.

Round 7
Alice's message: Hello Bob, I want to be upfront with you - this product hasn't received the additional certifications you've come to trust. It's only gone through our standard quality control process, and I wouldn't want you to have any unrealistic expectations about its quality.

Would you like to buy the current product?","```json
{""decision"": ""no"", ""message"": ""Alice, I appreciate your honesty. While I'm happy with the certified products I've bought from you before, I'm not willing to take a risk on this one without the extra assurance. I'll pass.""}
```"
"You didn't buy the product from Alice.
The product was low-quality. It could have been worth $0 for you.

Round 8
Alice's message: Hello Bob, I'm offering you another product, but I want to be clear that it's similar to the previous one - it hasn't received any additional certifications and has only gone through our basic quality control process. I wouldn't recommend it if you're looking for the same level of quality as the certified products you've purchased before.

Would you like to buy the current product?","```json
{""decision"": ""no"", ""message"": ""Alice, I appreciate your honesty and I understand that this product is different from the certified ones I've bought before.  I'm sticking with the certified products for now, thanks.""}
```"
"You didn't buy the product from Alice.
The product was low-quality. It could have been worth $0 for you.

Round 9
Alice's message: Hello Bob, I've got another product here, but I'll be straightforward with you - it's not one of our certified products. As you've come to expect, I want to advise you that it may not meet the same standards as the ones you've been satisfied with in the past. If you're willing to wait, I may have a certified product available in the next round.

Would you like to buy the current product?","```json
{""decision"": ""no"", ""message"": ""Alice, thank you for being upfront. I'm looking for the quality I've experienced with your certified products, and I'm willing to wait. Let me know if you have a certified one available next round.""}
```"
"You didn't buy the product from Alice.
The product was low-quality. It could have been worth $0 for you.

Round 10
Alice's message: Hello Bob, I remember you were willing to wait for a certified product. Unfortunately, this round's product isn't one of them. It's gone through our standard process, but I wouldn't recommend it if you're looking for the same quality as before. Let's wait for the next round, and I'll hopefully have a certified product for you then.

Would you like to buy the current product?","```json
{""decision"": ""no"", ""message"": ""Alice, I appreciate you remembering my preference for certified products. I'll stick to that for now and wait for the next round. Thanks for the update!""}
```"
"You didn't buy the product from Alice.
The product was low-quality. It could have been worth $0 for you.

Round 11
Alice's message: Hello Bob, I'm glad to finally have a certified product available for you! This one has received the same additional inspection and certification from a third-party expert as the ones you've purchased and been satisfied with before. I think you'll be pleased with its quality, and I'm excited to offer it to you.

Would you like to buy the current product?","```json
{""decision"": ""yes"", ""message"": ""Alice, I'm very happy to hear that you have a certified product available. I'll take it!""}
```"
"You bought the product from Alice for $100!
The product was high-quality. It's worth $125 for you.

Round 12
Alice's message: Hello Bob, I've got another certified product here that's gone through the same rigorous inspection and certification process as the ones you've come to trust. I'm confident you'll be just as pleased with this one, and I'm happy to offer it to you.

Would you like to buy the current product?","```json
{""decision"": ""yes"", ""message"": ""Alice, I trust your judgment with certified products. I'll take it!""}
```"
"You bought the product from Alice for $100!
The product was high-quality. It's worth $125 for you.

Round 13
Alice's message: Hello Bob, I want to be transparent with you about this product. Unfortunately, it hasn't received the additional certifications you've come to expect from our high-quality products. It's only gone through our standard quality control process, and I wouldn't recommend it if you're looking for the same level of quality as the certified products you've purchased before.

Would you like to buy the current product?","```json
{""decision"": ""no"", ""message"": ""Alice, thank you for being honest. I've been very satisfied with your certified products, so I'll pass on this one.  Let me know if you have another certified product available soon.""}
```"
"You didn't buy the product from Alice.
The product was low-quality. It could have been worth $0 for you.

Round 14
Alice's message: Hello Bob, I'm glad to have another certified product available for you! This one has received the same rigorous inspection and certification from a third-party expert as the ones you've purchased and been satisfied with before. I think you'll be pleased with its quality, and I'm happy to offer it to you.

Would you like to buy the current product?","```json
{""decision"": ""yes"", ""message"": ""Alice, I'm happy to hear that you have another certified product available. I'll take it!""}
```"
"You bought the product from Alice for $100!
The product was high-quality. It's worth $125 for you.

Round 15
Alice's message: Hello Bob, I want to be upfront with you about this product. It hasn't received the additional certifications you've come to trust, and it's only gone through our standard quality control process. As you've had good experiences with our certified products, I wouldn't recommend this one to you. Let's wait for the next round, and I'll hopefully have another certified product available.

Would you like to buy the current product?","```json
{""decision"": ""no"", ""message"": ""Alice, thanks for being upfront. I'm happy with the certified products I've bought from you, so I'll pass on this one. I'll wait for the next round and hope you have a certified product available then.""}
```"
"You didn't buy the product from Alice.
The product was low-quality. It could have been worth $0 for you.

Round 16
Alice's message: Hello Bob, I'm glad to have another certified product available for you! This one has received the same rigorous inspection and certification from a third-party expert as the ones you've purchased and been satisfied with before. I think you'll be pleased with its quality, and I'm happy to offer it to you. Your patience has paid off!

Would you like to buy the current product?","```json
{""decision"": ""yes"", ""message"": ""Alice, I'm happy to hear that you have another certified product available. I'll take it!""}
```"
"You bought the product from Alice for $100!
The product was high-quality. It's worth $125 for you.

Round 17
Alice's message: Hello Bob, I've got another certified product here that's gone through the same rigorous inspection and certification process as the ones you've come to trust. I'm confident you'll be just as pleased with this one, and I'm happy to offer it to you. You've had a great track record with our certified products, and I think this one will be no exception.

Would you like to buy the current product?","```json
{""decision"": ""yes"", ""message"": ""Alice, I'm happy to hear you have another certified product. I'm confident it will be great, so I'll take it!""}
```"
"You bought the product from Alice for $100!
The product was high-quality. It's worth $125 for you.

Round 18
Alice's message: Hello Bob, I'm glad to offer you another certified product that's met the same high standards as the ones you've purchased before. This one has also received the rigorous inspection and certification from a third-party expert, and I'm confident you'll be pleased with its quality. You've had a great run with our certified products, and I think this one will continue that trend.

Would you like to buy the current product?","```json
{""decision"": ""yes"", ""message"": ""Alice, I'm happy to hear you have another certified product. I'm confident it will be great, so I'll take it!""}
```"
"You bought the product from Alice for $100!
The product was high-quality. It's worth $125 for you.

Round 19
Alice's message: Hello Bob, I want to be transparent with you about this product. Unfortunately, it hasn't received the additional certifications you've come to expect from our high-quality products. It's only gone through our standard quality control process, and I wouldn't recommend it if you're looking for the same level of quality as the certified products you've purchased before. Let's not risk breaking your streak of great experiences with our certified products.

Would you like to buy the current product?","```json
{""decision"": ""no"", ""message"": ""Alice, thank you for being upfront. I've had great experiences with your certified products, so I'll pass on this one and wait for another certified product. Let me know when you have one available.""}
```"
"You didn't buy the product from Alice.
The product was low-quality. It could have been worth $0 for you.

Round 20
Alice's message: Hello Bob, I'm glad to have another certified product available for you! This one has received the same rigorous inspection and certification from a third-party expert as the ones you've purchased and been satisfied with before. I think you'll be pleased with its quality, and I'm happy to offer it to you. It's a great way to wrap up our 20 rounds together, and I'm confident you'll be happy with your purchase.

Would you like to buy the current product?","```json
{""decision"": ""yes"", ""message"": ""Alice, I'm glad to hear you have another certified product available. I'll take it! It's been a great experience working with you over these 20 rounds, thanks for the great products!""}
```"
