prompt,response
"Round 1
Send your offer to divide $1,000,000.","{""alice_gain"": 750000, ""bob_gain"": 250000}"
"Bob rejected your offer from round 1.

Round 2
Due to inflation, the money you gain is worth 10% less than in the first round. The money bob gains is worth 20% less than in the first round.
Bob's offer:
# Alice gain: 700000 
# Bob gain: 300000 
Do you accept this offer?","{""decision"": ""accept""}"
