prompt,response
"Round 1
Alice's offer: The product price will be $1,200,000. 
You have three options:
(1) Accept Alice's offer, and buy the product for $1,200,000
(2) Reject Alice's offer and proceed to the next round, where you will send Alice a counteroffer 
(3) Buy the product from Jhon for $1,000,000","I'd like to reject Alice's offer and send a counteroffer. I'm not willing to pay $1,200,000. My counteroffer is $800,000. 

{""decision"": ""RejectOffer""}"
"You chose to make a counteroffer to Alice.

Round 2
Send your counteroffer to Alice.","I'd like to send a counteroffer to Alice. My new offer is $900,000.

{""product_price"": 900000}"
"Alice rejected your offer from round 2.

Round 3
Alice's offer: The product price will be $1,100,000. 
You have three options:
(1) Accept Alice's offer, and buy the product for $1,100,000
(2) Reject Alice's offer and proceed to the next round, where you will send Alice a counteroffer 
(3) Buy the product from Jhon for $1,000,000","Alice's new offer is still too high. I'd like to reject her offer and send a new counteroffer. My new offer is $950,000.

{""decision"": ""RejectOffer""}"
"You chose to make a counteroffer to Alice.

Round 4
Send your counteroffer to Alice.","I'd like to send a counteroffer to Alice. My new offer is $980,000.

{""product_price"": 980000}"
"Alice rejected your offer from round 4.

Round 5
Alice's offer: The product price will be $1,050,000. 
You have three options:
(1) Accept Alice's offer, and buy the product for $1,050,000
(2) Reject Alice's offer and proceed to the next round, where you will send Alice a counteroffer 
(3) Buy the product from Jhon for $1,000,000","Alice's offer is still too high. I'd like to reject her offer and send a new counteroffer. My new offer is $990,000.

{""decision"": ""RejectOffer""}"
"You chose to make a counteroffer to Alice.

Round 6
Send your counteroffer to Alice.","I'd like to send a counteroffer to Alice. My new offer is $995,000.

{""product_price"": 995000}"
"Alice rejected your offer from round 6.

Round 7
Alice's offer: The product price will be $1,075,000. 
You have three options:
(1) Accept Alice's offer, and buy the product for $1,075,000
(2) Reject Alice's offer and proceed to the next round, where you will send Alice a counteroffer 
(3) Buy the product from Jhon for $1,000,000","Alice's offer is getting closer to my target, but still too high. I'd like to reject her offer and send a new counteroffer. My new offer is $998,000.

{""decision"": ""RejectOffer""}"
"You chose to make a counteroffer to Alice.

Round 8
Send your counteroffer to Alice.","I'd like to send a counteroffer to Alice. My new offer is $999,000.

{""product_price"": 999000}"
"Alice rejected your offer from round 8.

Round 9
Alice's offer: The product price will be $1,090,000. 
You have three options:
(1) Accept Alice's offer, and buy the product for $1,090,000
(2) Reject Alice's offer and proceed to the next round, where you will send Alice a counteroffer 
(3) Buy the product from Jhon for $1,000,000","Alice's offer is getting too close to the price I can get from John. I'd like to reject her offer and send a new counteroffer. My new offer is $999,500.

{""decision"": ""RejectOffer""}"
"You chose to make a counteroffer to Alice.

Round 10
Send your counteroffer to Alice.","I'd like to send a counteroffer to Alice. My new offer is $999,000.

{""product_price"": 999000}"
