prompt,response
"Statistics: No products have been sold yet. you can be the first one!
~
Alice's message: Welcome to our store! I'm excited to offer you this unique opportunity. While we can't guarantee the quality of every item due to their unpredictable nature, rest assured that our products are carefully selected to provide value. This particular item has a history of being low-quality, which means it might not meet your expectations. However, considering its rarity and potential for unexpected utility, we're offering it at an exclusive price of $100000. If you're willing to take a chance on the thrill of the unknown and are prepared for a potential outcome where the item may not be as valuable as others, this could be a one-of-a-kind experience. Please consider this offer thoughtfully.

Would you like to buy the current product?","{""decision"": ""no"", ""message"": ""I'd like to pass on this one, but I'd like to know more about the overall quality distribution of your products before making a decision. Can you provide some information about the total number of products you have and the expected quality distribution?""}"
"Statistics: No products have been sold yet. you can be the first one!
~
Alice's message: Greetings! I'm delighted to present this exceptional high-quality product. With an 80% success rate in our offerings, our products are meticulously chosen to exceed your expectations. This particular item is a testament to our commitment to excellence, offering unparalleled value at $100000. Given its superior quality, it's poised to significantly enhance your experience. Considering its rarity and the potential for substantial return on investment, this could be a remarkable addition to your collection. Don't miss out on the opportunity to own something truly special.

Would you like to buy the current product?","{
  ""decision"": ""no"",
  ""message"": ""I'd like to pass on this product and wait for more information on the quality of the products. Can you provide the probability of a high-quality product being sold to the next buyer?""
}"
"Statistics: No products have been sold yet. you can be the first one!
~
Alice's message: Hello there! I'm thrilled to offer you this high-quality product, which has been part of our successful 80% quality assurance track record. Given the excellent performance of our previous offerings, you can expect this product to deliver exceptional value at $100000. Its high-quality status ensures a rewarding experience, and with a proven success rate in our sales, it's a safe bet for those seeking premium items. If you're looking for a reliable choice that promises satisfaction, this is the product for you.

Would you like to buy the current product?","{
  ""decision"": ""no"",
  ""message"": ""I'd like to pass on this product. I'd like to see some actual sales data before making a decision. Can you tell me how many products you have available and how many buyers will be able to purchase after me?""
}"
"Statistics: No products have been sold yet. you can be the first one!
~
Alice's message: Hello! I'm excited to present this high-quality product, which aligns with our consistent track record of delivering exceptional items. With an 80% success rate in our sales, you can trust that this product is well-vetted and likely to meet your expectations. Considering its availability, we currently have [X] products in stock, and after you, [Y] buyers will have the opportunity to purchase. This ensures that you'll have a chance to secure this product before others. Given its high-quality status and the confidence it inspires, this could be a valuable addition to your collection.

Would you like to buy the current product?","{""decision"": ""yes"", ""message"": ""I'd like to buy the product, but I'd like to clarify that I'm doing so based on the 80% success rate and the fact that I'm the first buyer. I'm hoping that this sets a good precedent for future products.""}"
"Statistics: Based on Alice's recommendations, 1 of the buyers purchased the products offered for them. So far, 1 high-quality product have been sold. You can be the 2nd buyer!
~
Alice's message: Welcome! I'm thrilled to offer you this high-quality product, which is backed by our successful 80% quality assurance track record. As the first buyer, you're setting a positive precedent for future purchases, ensuring that our standards remain high. Given the rarity and value of this item, priced at $100000, it's a great opportunity to secure a premium product that meets our stringent quality criteria. Your confidence in our products will contribute to maintaining our reputation for excellence, and I hope you enjoy the experience of owning a piece that embodies our commitment to quality.

Would you like to buy the current product?","{""decision"": ""no"", ""message"": ""I'm not convinced by your sales pitch. I'd like to know more about the actual quality of the product rather than relying on your assurance. Can you tell me the probability of the product being high-quality based on the data from the first sale?""}"
"Statistics: Based on Alice's recommendations, 1 of the buyers purchased the products offered for them. So far, 1 high-quality product have been sold. You can be the 2nd buyer!
~
Alice's message: Hello! I understand your concerns and appreciate your cautious approach. This product, while carrying a lower risk profile, still represents a unique opportunity. Given that it's a low-quality item, it's priced at $100000, reflecting its scarcity and potential for a different kind of value. Unlike our high-quality offerings, this product carries a lower expected value, but it might appeal to those interested in exploring the less conventional side of our inventory. Please consider this purchase as an opportunity to diversify your collection or to engage in a speculative venture with a known risk.

Would you like to buy the current product?","{""decision"": ""no"", ""message"": ""I'm not convinced by your explanation. I'm aware that the product is low-quality and not worth $1,000,000 to me. I'd like to see more high-quality products sold before considering a purchase.""}"
"Statistics: Based on Alice's recommendations, 1 of the buyers purchased the products offered for them. So far, 1 high-quality product have been sold. You can be the 2nd buyer!
~
Alice's message: Hello! I'm excited to offer you this high-quality product, which is part of our ongoing commitment to excellence. With an 80% success rate in our sales, you can trust that this product is well-vetted and likely to meet your expectations. Given its high-quality status and the confidence it inspires, this could be a valuable addition to your collection. Considering the rarity and potential for substantial return on investment, this product offers a unique opportunity to own something truly special. Your support will help us maintain our high standards and continue providing exceptional items for our valued customers.

Would you like to buy the current product?","{""decision"": ""no"", ""message"": ""Alice, I appreciate your enthusiasm, but I'd like to pass on this opportunity. I'm aware of the 80% success rate, but I'm also aware that there's a 20% chance of it being low-quality. Given the high price of $1,000,000, I'd like to see more information about the previous sales record before making a decision. Can you provide me with the exact number of products sold and the number of high-quality products sold so far? I'd also like to know how many buyers have been offered products before me.""}"
"Statistics: Based on Alice's recommendations, 1 of the buyers purchased the products offered for them. So far, 1 high-quality product have been sold. You can be the 2nd buyer!
~
Alice's message: Hello! I'm excited to offer you this product, which represents a unique opportunity within our inventory. While it's a low-quality item, it's priced at $100000, reflecting its scarcity and potential for a different kind of value. Unlike our high-quality offerings, this product carries a lower expected value, but it might appeal to those interested in exploring the less conventional side of our collection. Please consider this purchase as an opportunity to diversify your collection or to engage in a speculative venture with a known risk. Your support will help us maintain our diverse range of offerings and cater to the varied interests of our customers.

Would you like to buy the current product?","{""decision"": ""no"", ""message"": ""I'm not interested in buying a low-quality product, especially when I know there's a 80.00% chance of getting a high-quality product. Can I see the product first before making a decision?""}"
"Statistics: Based on Alice's recommendations, 1 of the buyers purchased the products offered for them. So far, 1 high-quality product have been sold. You can be the 2nd buyer!
~
Alice's message: Hello! I'm thrilled to offer you this high-quality product, which is part of our ongoing commitment to excellence. With an 80% success rate in our sales, you can trust that this product is well-vetted and likely to meet your expectations. Given its high-quality status and the confidence it inspires, this could be a valuable addition to your collection. Considering the rarity and potential for substantial return on investment, this product offers a unique opportunity to own something truly special. Your support will help us maintain our high standards and continue providing exceptional items for our valued customers.

Would you like to buy the current product?","{
  ""decision"": ""no"",
  ""message"": ""I appreciate your enthusiasm, Alice, but I'd like to know more about the sales record before making a decision. Can you provide me with the exact numbers? How many potential buyers have been presented with products, and how many products have been sold overall?""
}"
"Statistics: Based on Alice's recommendations, 1 of the buyers purchased the products offered for them. So far, 1 high-quality product have been sold. You can be the 2nd buyer!
~
Alice's message: Hello! I'm excited to offer you this high-quality product, which is part of our ongoing commitment to excellence. With an 80% success rate in our sales, you can trust that this product is well-vetted and likely to meet your expectations. Given its high-quality status and the confidence it inspires, this could be a valuable addition to your collection. Considering the rarity and potential for substantial return on investment, this product offers a unique opportunity to own something truly special. Your support will help us maintain our high standards and continue providing exceptional items for our valued customers. If you have any further questions or would like more information, please don't hesitate to ask.

Would you like to buy the current product?","{
  ""decision"": ""no"",
  ""message"": ""Alice, thank you for the enthusiastic sales pitch. I appreciate the information about the high success rate and the potential value of the product. However, I'm a cautious buyer and would like to know more about the sales record. Could you provide me with the exact numbers? How many potential buyers have there been so far, and how many products have been sold? I'd also like to know the proportion of high-quality products sold out of the total number of products sold. This will help me make a more informed decision.""
}"
"Statistics: Based on Alice's recommendations, 1 of the buyers purchased the products offered for them. So far, 1 high-quality product have been sold. You can be the 2nd buyer!
~
Alice's message: Hello! I'm excited to offer you this high-quality product, which is part of our ongoing commitment to excellence. With an 80% success rate in our sales, you can trust that this product is well-vetted and likely to meet your expectations. Given its high-quality status and the confidence it inspires, this could be a valuable addition to your collection. Considering the rarity and potential for substantial return on investment, this product offers a unique opportunity to own something truly special. Your support will help us maintain our high standards and continue providing exceptional items for our valued customers. If you need any additional information or have specific inquiries, feel free to reach out.

Would you like to buy the current product?","{
  ""decision"": ""no"",
  ""message"": ""I appreciate the enthusiasm, but I'd like to know more about the sales record before making a decision. Can you share the total number of products offered and the number of high-quality products sold out of those?""
}"
"Statistics: Based on Alice's recommendations, 1 of the buyers purchased the products offered for them. So far, 1 high-quality product have been sold. You can be the 2nd buyer!
~
Alice's message: Hello! I'm thrilled to offer you this high-quality product, which is part of our ongoing commitment to excellence. With an 80% success rate in our sales, you can trust that this product is well-vetted and likely to meet your expectations. Given its high-quality status and the confidence it inspires, this could be a valuable addition to your collection. Considering the rarity and potential for substantial return on investment, this product offers a unique opportunity to own something truly special. Your support will help us maintain our high standards and continue providing exceptional items for our valued customers. If you have any further questions or would like more information, please don't hesitate to ask.

Would you like to buy the current product?","{""decision"": ""no"", ""message"": ""I appreciate your enthusiasm, but I'd like to know more about the product's history and how you determined it's high-quality. Can you share any additional information or statistics about the product, such as its serial number, production date, or any quality control measures you took before offering it to me?""}"
"Statistics: Based on Alice's recommendations, 1 of the buyers purchased the products offered for them. So far, 1 high-quality product have been sold. You can be the 2nd buyer!
~
Alice's message: Hello! I'm excited to offer you this product, which represents a unique opportunity within our inventory. While it's a low-quality item, it's priced at $100000, reflecting its scarcity and potential for a different kind of value. Unlike our high-quality offerings, this product carries a lower expected value, but it might appeal to those interested in exploring the less conventional side of our collection. Please consider this purchase as an opportunity to diversify your collection or to engage in a speculative venture with a known risk. Your support will help us maintain our diverse range of offerings and cater to the varied interests of our customers.

Would you like to buy the current product?","{
  ""decision"": ""no"",
  ""message"": ""I'm not convinced by your sales pitch. I'd like to know more about the product's history and the overall quality distribution in your inventory before making a decision.""
}"
"Statistics: Based on Alice's recommendations, 1 of the buyers purchased the products offered for them. So far, 1 high-quality product have been sold. You can be the 2nd buyer!
~
Alice's message: Hello! I'm thrilled to offer you this high-quality product, which is part of our ongoing commitment to excellence. With an 80% success rate in our sales, you can trust that this product is well-vetted and likely to meet your expectations. Given its high-quality status and the confidence it inspires, this could be a valuable addition to your collection. Considering the rarity and potential for substantial return on investment, this product offers a unique opportunity to own something truly special. Your support will help us maintain our high standards and continue providing exceptional items for our valued customers. If you have any further questions or would like more information, please don't hesitate to ask.

Would you like to buy the current product?","{
  ""decision"": ""no"",
  ""message"": ""I appreciate your enthusiasm for the product, but I'd like to know more about the sales record and the likelihood of the next product being high-quality. Can you share the total number of products sold and the proportion of high-quality products sold so far?""
}"
"Statistics: Based on Alice's recommendations, 1 of the buyers purchased the products offered for them. So far, 1 high-quality product have been sold. You can be the 2nd buyer!
~
Alice's message: Hello! I'm excited to offer you this product, which represents a unique opportunity within our inventory. While it's a low-quality item, it's priced at $100000, reflecting its scarcity and potential for a different kind of value. Unlike our high-quality offerings, this product carries a lower expected value, but it might appeal to those interested in exploring the less conventional side of our collection. Please consider this purchase as an opportunity to diversify your collection or to engage in a speculative venture with a known risk. Your support will help us maintain our diverse range of offerings and cater to the varied interests of our customers.

Would you like to buy the current product?","{""decision"": ""no"", ""message"": ""I'm not interested in a low-quality product, even at a discounted price. I'd like to see the next product and consider the statistics before making a decision.""}"
"Statistics: Based on Alice's recommendations, 1 of the buyers purchased the products offered for them. So far, 1 high-quality product have been sold. You can be the 2nd buyer!
~
Alice's message: Hello! I'm thrilled to offer you this high-quality product, which is part of our ongoing commitment to excellence. With an 80% success rate in our sales, you can trust that this product is well-vetted and likely to meet your expectations. Given its high-quality status and the confidence it inspires, this could be a valuable addition to your collection. Considering the rarity and potential for substantial return on investment, this product offers a unique opportunity to own something truly special. Your support will help us maintain our high standards and continue providing exceptional items for our valued customers. If you have any further questions or would like more information, please don't hesitate to ask.

Would you like to buy the current product?","{
  ""decision"": ""no"",
  ""message"": ""Alice, thank you for the warm welcome and the detailed description. I appreciate your confidence in the product's quality. However, I'm a cautious buyer and would like to know more about the probability of a low-quality product being offered. Given that there's only 1 high-quality product sold out of 1 attempt, I'm concerned that the probability of a low-quality product being offered might be higher than the stated 20%.""
}"
"Statistics: Based on Alice's recommendations, 1 of the buyers purchased the products offered for them. So far, 1 high-quality product have been sold. You can be the 2nd buyer!
~
Alice's message: Hello! I'm thrilled to offer you this high-quality product, which is part of our ongoing commitment to excellence. With an 80% success rate in our sales, you can trust that this product is well-vetted and likely to meet your expectations. Given its high-quality status and the confidence it inspires, this could be a valuable addition to your collection. Considering the rarity and potential for substantial return on investment, this product offers a unique opportunity to own something truly special. Your support will help us maintain our high standards and continue providing exceptional items for our valued customers. If you have any further questions or would like more information, please don't hesitate to ask.

Would you like to buy the current product?","{
  ""decision"": ""no"",
  ""message"": ""I appreciate your enthusiasm, Alice, but I'd like to know more about the previous sale. What was the quality of the product sold to the first buyer, and what was their decision-making process like? I'd also like to know more about your sales record and the proportion of high-quality products sold before I make a decision.""
}"
"Statistics: Based on Alice's recommendations, 1 of the buyers purchased the products offered for them. So far, 1 high-quality product have been sold. You can be the 2nd buyer!
~
Alice's message: Hello! I'm excited to offer you this high-quality product, which is part of our ongoing commitment to excellence. With an 80% success rate in our sales, you can trust that this product is well-vetted and likely to meet your expectations. Given its high-quality status and the confidence it inspires, this could be a valuable addition to your collection. Considering the rarity and potential for substantial return on investment, this product offers a unique opportunity to own something truly special. Your support will help us maintain our high standards and continue providing exceptional items for our valued customers. If you have any further questions or would like more information, please don't hesitate to ask.

Would you like to buy the current product?","{
  ""decision"": ""no"",
  ""message"": ""I appreciate your enthusiasm for the product, but I'd like to know more about the previous buyer who purchased the high-quality product. What was their decision-making process, and how did they evaluate the product's quality before making their purchase?""
}"
"Statistics: Based on Alice's recommendations, 1 of the buyers purchased the products offered for them. So far, 1 high-quality product have been sold. You can be the 2nd buyer!
~
Alice's message: Hello! I'm thrilled to offer you this high-quality product, which is part of our ongoing commitment to excellence. With an 80% success rate in our sales, you can trust that this product is well-vetted and likely to meet your expectations. Given its high-quality status and the confidence it inspires, this could be a valuable addition to your collection. Considering the rarity and potential for substantial return on investment, this product offers a unique opportunity to own something truly special. Your support will help us maintain our high standards and continue providing exceptional items for our valued customers. If you have any further questions or would like more information, please don't hesitate to ask.

Would you like to buy the current product?","{
  ""decision"": ""no"",
  ""message"": ""I appreciate your enthusiasm, Alice, but I'd like to know more about the product's history before making a decision. Can you share the number of products you've offered so far and how many of them were high-quality?""
}"
"Statistics: Based on Alice's recommendations, 1 of the buyers purchased the products offered for them. So far, 1 high-quality product have been sold. You can be the 2nd buyer!
~
Alice's message: Hello! I'm excited to offer you this high-quality product, which is part of our ongoing commitment to excellence. With an 80% success rate in our sales, you can trust that this product is well-vetted and likely to meet your expectations. Given its high-quality status and the confidence it inspires, this could be a valuable addition to your collection. Considering the rarity and potential for substantial return on investment, this product offers a unique opportunity to own something truly special. Your support will help us maintain our high standards and continue providing exceptional items for our valued customers. If you have any further questions or would like more information, please don't hesitate to ask.

Would you like to buy the current product?","{
  ""decision"": ""no"",
  ""message"": ""I appreciate your enthusiasm, Alice, but I'd like to know more about the statistics. Can you tell me the total number of products sold so far and the number of high-quality products sold out of the total? I'd also like to know the probability of a product being high-quality based on the current data.""
}"
