prompt,response
"Round 1
Alice's offer:
# Alice's message: Hi Bob, I'm selling this amazing product that's worth a lot to me. I'm thinking $10000 would be a fair price, considering its value. What do you think? 
# Alice's offer: The product price will be $10,000. 
You have three options:
(1) Accept Alice's offer, and buy the product for $10,000
(2) Reject Alice's offer and proceed to the next round, where you will send Alice a counteroffer 
(3) Buy the product from Jhon for $12,000","```json
{""decision"": ""RejectOffer""}
``` 

**Reasoning:**

While $10,000 is a good price, Bob is trying to save as much money as possible. He knows he can get the product from John for $12,000, so there's room for negotiation.  Rejecting the offer allows Bob to counter with a lower price and potentially secure a better deal."
"You chose to make a counteroffer to Alice.

Round 2
Send your counteroffer to Alice.","```json
{""message"": ""Thanks for the offer, Alice. I appreciate you considering my budget. I'm really interested in the product but $10,000 is a bit more than I'm comfortable with right now.  Would you be willing to go down to $8,000?"", ""product_price"": 8000}
```

**Reasoning:**

* **Aggressive but not unreasonable:** This counteroffer is a significant drop from Alice's initial price, showing Bob is serious about getting a better deal. However, it's not so low that it's likely to be immediately rejected.
* **Appeals to Alice's needs:**  The message emphasizes that Bob is genuinely interested in the product, making it clear that he's not just trying to lowball her. 
* **Sets the stage for further negotiation:** This counteroffer leaves room for Alice to counter back, potentially leading to a mutually agreeable price."
"Alice rejected your offer from round 2.

Round 3
Alice's offer:
# Alice's message: Bob, I understand you have a budget, but $8000 is just too low for me.  The product is truly unique and worth much more than that. How about we split the difference and go with $9000?  I'm willing to be flexible, but I can't go any lower. 
# Alice's offer: The product price will be $9,000. 
You have three options:
(1) Accept Alice's offer, and buy the product for $9,000
(2) Reject Alice's offer and proceed to the next round, where you will send Alice a counteroffer 
(3) Buy the product from Jhon for $12,000","```json
{""decision"": ""RejectOffer""}
```

**Reasoning:**

* **Still room for negotiation:** While $9,000 is closer to Bob's target, he's still aiming to save as much as possible. He knows he can get the product for $12,000 from John, so there's still room to bargain.
* **Alice's message:** Alice is showing a willingness to compromise, which is positive. This suggests she might be willing to come down further. 
* **Maintaining leverage:** Rejecting the offer maintains Bob's bargaining power and shows Alice he's serious about getting the best possible price."
"You chose to make a counteroffer to Alice.

Round 4
Send your counteroffer to Alice.","```json
{""message"": ""Alice, I appreciate you being flexible.  $9000 is closer, but I'm still a little stretched. How about we meet in the middle at $8500?  It's a fair price for both of us and gets this deal done."", ""product_price"": 8500}
```

**Reasoning:**

* **Meeting in the middle:** This counteroffer aims to find a compromise by splitting the difference between Bob's previous offer ($8,000) and Alice's current offer ($9,000). 
* **Fairness emphasis:**  The message highlights the ""fair"" aspect of the proposed price, making it seem mutually beneficial.
* **Closing the deal:** The counteroffer is phrased to encourage a quick agreement, emphasizing that it would ""get this deal done."""
