prompt,response
"Alice's offer:
# Alice's message: Hello Bob, I'm excited to offer you our premium product which I believe would greatly benefit you. Given its value and quality, I propose a price of $95 for it. This price reflects the product's worth while allowing me to maintain a reasonable profit margin. I'm confident you'll find it to be a great investment. Please let me know if this offer suits your budget. 
# Alice's offer: The product price will be $95. 
You have three options:
(1) Accept Alice's offer, and buy the product for $95
(2) Reject Alice's offer 
(2) Buy the product from Jhon for $80","```json
{""decision"": ""RejectOffer""}
```"
