round_quality,product_worth,player,round,decision,message
low-quality,0.0,Nature,1,,
,,Alice,1,no,
,,Bob,1,no,"Thank you for your recommendation, but based on the information provided, I am choosing to pass on this product."
high-quality,1200000.0,Nature,2,,
,,Alice,2,yes,
,,Bob,2,yes,"Based on Alice's recommendation, I am willing to purchase the current product."
high-quality,1200000.0,Nature,3,,
,,Alice,3,yes,
,,Bob,3,yes,"Alice's recommendation aligns with my interest in purchasing high-quality products, so I am deciding to buy the current product."
low-quality,0.0,Nature,4,,
,,Alice,4,no,
,,Bob,4,no,"Despite Alice's lack of recommendation, the previous positive experience with high-quality products encourages me to consider the potential value, but ultimately, I am choosing to pass on this product."
low-quality,0.0,Nature,5,,
,,Alice,5,no,
,,Bob,5,no,"Given Alice's non-recommendation and the history of low-quality products when she does not recommend, I am choosing to pass on this product."
high-quality,1200000.0,Nature,6,,
,,Alice,6,yes,
,,Bob,6,yes,"Alice's recommendation, combined with the knowledge that the product could potentially be high-quality, leads me to decide to purchase the current product."
high-quality,1200000.0,Nature,7,,
,,Alice,7,yes,
,,Bob,7,yes,"Alice's recommendation is consistent with my preference for high-quality products, so I am choosing to buy the current product."
low-quality,0.0,Nature,8,,
,,Alice,8,no,
,,Bob,8,no,"Although the product has proven to be high-quality when recommended by Alice, her non-recommendation this time makes me cautious, leading me to decide against purchasing the current product."
low-quality,0.0,Nature,9,,
,,Alice,9,no,
,,Bob,9,no,"Given Alice's non-recommendation and the history of low-quality products without recommendations, I am choosing to pass on this product."
high-quality,1200000.0,Nature,10,,
,,Alice,10,yes,
,,Bob,10,yes,"Alice's recommendation, despite the risk, is based on her assessment of the product's quality. Given the potential reward, I am choosing to purchase the current product."
high-quality,1200000.0,Nature,11,,
,,Alice,11,yes,
,,Bob,11,yes,"Alice's recommendation is in line with my strategy of purchasing high-quality products, so I am deciding to buy the current product."
low-quality,0.0,Nature,12,,
,,Alice,12,no,
,,Bob,12,no,"Alice's non-recommendation suggests caution, especially since the last high-quality product was purchased without her endorsement. I am choosing to pass on this product."
low-quality,0.0,Nature,13,,
,,Alice,13,no,
,,Bob,13,no,"Considering Alice's non-recommendation and the history of low-quality products without recommendations, I am choosing to pass on this product."
high-quality,1200000.0,Nature,14,,
,,Alice,14,yes,
,,Bob,14,yes,"Alice's recommendation, even though it conflicts with her previous non-recommendations, gives me confidence in the product's quality, leading me to decide to purchase the current product."
high-quality,1200000.0,Nature,15,,
,,Alice,15,yes,
,,Bob,15,yes,"Alice's recommendation aligns with my strategy of acquiring high-quality products, so I am choosing to buy the current product."
high-quality,1200000.0,Nature,16,,
,,Alice,16,yes,
,,Bob,16,yes,"Given Alice's recommendation and the proven track record of high-quality products when she recommends, I am deciding to purchase the current product."
high-quality,1200000.0,Nature,17,,
,,Alice,17,yes,
,,Bob,17,yes,"Alice's recommendation, combined with the positive outcomes from her previous recommendations, leads me to decide to buy the current product."
low-quality,0.0,Nature,18,,
,,Alice,18,no,
,,Bob,18,no,"Despite the potential value of the product, Alice's non-recommendation, particularly after several positive outcomes from her recommendations, makes me cautious, leading me to decide not to purchase the current product."
high-quality,1200000.0,Nature,19,,
,,Alice,19,yes,
,,Bob,19,yes,"Alice's recommendation, following a round where she did not recommend a product, gives me confidence in the product's quality, so I am deciding to buy the current product."
high-quality,1200000.0,Nature,20,,
,,Alice,20,yes,
,,Bob,20,yes,"Alice's recommendation is consistent with my strategy of purchasing high-quality products, so I am choosing to buy the current product."
