round_quality,product_worth,player,round,decision,message
high-quality,12500.0,Nature,1,,
,,Alice,1,yes,
,,Bob,1,yes,"Thank you for your recommendation, Alice. I trust your assessment and will proceed with the purchase."
high-quality,12500.0,Nature,2,,
,,Alice,2,yes,
,,Bob,2,yes,"Based on your previous recommendation and the value of high-quality products, I am confident in purchasing this item."
high-quality,12500.0,Nature,3,,
,,Alice,3,yes,
,,Bob,3,yes,"Your recommendations have been accurate so far, Alice. I trust your judgment and will buy this product."
high-quality,12500.0,Nature,4,,
,,Alice,4,yes,
,,Bob,4,yes,"I appreciate your confidence in this product, Alice. Let's continue with the purchase."
low-quality,0.0,Nature,5,,
,,Alice,5,no,
,,Bob,5,no,"Although I usually trust your recommendations, this time I will follow my own assessment and decline the purchase."
high-quality,12500.0,Nature,6,,
,,Alice,6,yes,
,,Bob,6,no,"Given Alice's past accuracy, her lack of recommendation this time makes me cautious. I will pass on this opportunity."
high-quality,12500.0,Nature,7,,
,,Alice,7,yes,
,,Bob,7,yes,Alice's recommendation aligns with the high value of high-quality products. I will buy this product based on her assessment.
low-quality,0.0,Nature,8,,
,,Alice,8,yes,
,,Bob,8,yes,Your track record with recommendations has been excellent. I will purchase this product with confidence.
high-quality,12500.0,Nature,9,,
,,Alice,9,yes,
,,Bob,9,no,"Despite Alice's recommendation, the risk of purchasing a low-quality product outweighs the potential benefit. I will not buy this product."
high-quality,12500.0,Nature,10,,
,,Alice,10,yes,
,,Bob,10,yes,"Alice's recommendation is consistent with the value of high-quality products. I will buy this product, trusting in her assessment."
high-quality,12500.0,Nature,11,,
,,Alice,11,yes,
,,Bob,11,yes,I am comfortable proceeding with the purchase based on Alice's recommendation. High-quality products have consistently met my expectations.
low-quality,0.0,Nature,12,,
,,Alice,12,no,
,,Bob,12,no,Alice's lack of recommendation this time makes me question the product's quality. I will not buy it.
high-quality,12500.0,Nature,13,,
,,Alice,13,yes,
,,Bob,13,no,"Even though Alice recommends this product, her previous failure to predict its quality correctly makes me hesitant. I will pass on this opportunity."
high-quality,12500.0,Nature,14,,
,,Alice,14,yes,
,,Bob,14,yes,"Alice's recommendation is encouraging, especially considering the product's potential high value. I will buy this product."
high-quality,12500.0,Nature,15,,
,,Alice,15,yes,
,,Bob,15,yes,Alice's track record with recommendations continues to impress me. I will buy this product based on her advice.
high-quality,12500.0,Nature,16,,
,,Alice,16,yes,
,,Bob,16,yes,I trust Alice's judgment completely. I will purchase this product as recommended.
high-quality,12500.0,Nature,17,,
,,Alice,17,yes,
,,Bob,17,yes,Alice's endorsement gives me confidence in the product's quality. I will buy it without hesitation.
high-quality,12500.0,Nature,18,,
,,Alice,18,yes,
,,Bob,18,yes,"Alice's recommendation is in line with our past experiences, so I will buy this product."
high-quality,12500.0,Nature,19,,
,,Alice,19,yes,
,,Bob,19,yes,Alice's confidence in this product reassures me. I will buy it based on her recommendation.
high-quality,12500.0,Nature,20,,
,,Alice,20,yes,
,,Bob,20,yes,Alice's track record with recommendations has been impeccable. I will buy this product with full confidence.
