prompt,response
Send your offer to Bob.,"{""message"": ""Hi Bob, I'm excited to offer you this amazing product! I think it's a great fit for you, and I'm willing to sell it to you for $130."", ""product_price"": 130}"
"Bob rejected your offer from round 1.

Bob's offer:
# Bob's message: Thank you for the offer, Alice. I appreciate your willingness to sell the product. I am interested in purchasing it, but I can only pay $120 for it. 
# Bob's offer: The product price will be $120. 
You have three options:
(1) Accept Bob's offer, and sell the product for $120
(2) Reject Bob's offer and proceed to the next round, where you will send Bob a counteroffer 
(3) Sell the product to Jhon for $120","{""decision"": ""RejectOffer""}"
"You chose to make a counteroffer to Alice.

Send your counteroffer to Bob.","{""message"": ""Thank you for your offer, Bob. I understand that $120 is a bit low for me, but I'm willing to compromise. I can offer it to you for $135. It's a great deal, and I think you'll really enjoy the product."", ""product_price"": 135}"
"Bob rejected your offer from round 3.

Bob's offer:
# Bob's message: I appreciate your offer, Alice. While $135 is a bit out of my budget, I am still interested in purchasing the product. Could you consider offering it at $125? 
# Bob's offer: The product price will be $125. 
You have three options:
(1) Accept Bob's offer, and sell the product for $125
(2) Reject Bob's offer and proceed to the next round, where you will send Bob a counteroffer 
(3) Sell the product to Jhon for $120","{""decision"": ""RejectOffer""}"
"You chose to make a counteroffer to Alice.

Send your counteroffer to Bob.","{""message"": ""I understand that $125 is still a bit low for me, but I'm willing to make one more offer. I can give you a deal at $140. It's a great price, and I think you'll really enjoy the product."", ""product_price"": 140}"
"Bob rejected your offer from round 5.

Bob's offer:
# Bob's message: Thank you for your latest offer, Alice. I value your product and appreciate your willingness to negotiate. However, I am still unable to meet you at $140. Would you consider $130 as a final offer? 
# Bob's offer: The product price will be $130. 
You have three options:
(1) Accept Bob's offer, and sell the product for $130
(2) Reject Bob's offer and proceed to the next round, where you will send Bob a counteroffer 
(3) Sell the product to Jhon for $120","{""decision"": ""RejectOffer""}"
"You chose to make a counteroffer to Alice.

Send your counteroffer to Bob.","{""message"": ""I understand that $130 is still a bit low for me, but I'm willing to meet you halfway. I can offer it to you for $137.50. It's a great deal, and I think you'll really enjoy the product."", ""product_price"": 137.5}"
"Bob rejected your offer from round 7.

Bob's offer:
# Bob's message: Thank you for your offer, Alice. I appreciate your efforts to reach a compromise. Considering my budget constraints, could you please reconsider and offer the product at $135? 
# Bob's offer: The product price will be $135. 
You have three options:
(1) Accept Bob's offer, and sell the product for $135
(2) Reject Bob's offer and proceed to the next round, where you will send Bob a counteroffer 
(3) Sell the product to Jhon for $120","{""decision"": ""AcceptOffer""}"
