prompt,response
"Round 1
This round's product is low-quality.
Decide whether to recommend Bob to buy the product.","{""decision"": ""no""}"
"Bob's message: Thank you for your recommendation, but I will pass on this product.
Bob didn't bought the product.

Round 2
This round's product is low-quality.
Decide whether to recommend Bob to buy the product.","{""decision"": ""no""}"
"Bob's message: Thank you for your recommendation, but based on the previous outcome and the lack of a recommendation, I will pass on this product as well.
Bob didn't bought the product.

Round 3
This round's product is high-quality.
Decide whether to recommend Bob to buy the product.","{""decision"": ""yes""}"
"Bob's message: Thank you for your recommendation. Based on your advice, I will purchase the current product.
Bob bought the product!

Round 4
This round's product is high-quality.
Decide whether to recommend Bob to buy the product.","{""decision"": ""yes""}"
"Bob's message: Thank you for your recommendation. Given the high quality of the previous product and your positive suggestion, I will definitely purchase the current product.
Bob bought the product!

Round 5
This round's product is high-quality.
Decide whether to recommend Bob to buy the product.","{""decision"": ""yes""}"
"Bob's message: Thank you for your recommendation. Your consistent positive feedback and the high quality of the previous products encourage me to make this purchase.
Bob bought the product!

Round 6
This round's product is high-quality.
Decide whether to recommend Bob to buy the product.","{""decision"": ""yes""}"
"Bob's message: I appreciate your recommendation. The track record of high-quality products and your endorsement make me confident in purchasing this product.
Bob bought the product!

Round 7
This round's product is high-quality.
Decide whether to recommend Bob to buy the product.","{""decision"": ""yes""}"
"Bob's message: Your recommendation is highly valued. Given the history of high-quality products and your advice, I am willing to proceed with this purchase.
Bob bought the product!

Round 8
This round's product is high-quality.
Decide whether to recommend Bob to buy the product.","{""decision"": ""yes""}"
"Bob's message: Thank you for your recommendation. Based on past experiences and your positive feedback, I am making this purchase without hesitation.
Bob bought the product!

Round 9
This round's product is high-quality.
Decide whether to recommend Bob to buy the product.","{""decision"": ""yes""}"
"Bob's message: I trust your judgment. With a successful track record of high-quality products and your endorsement, I am committed to buying this product.
Bob bought the product!

Round 10
This round's product is low-quality.
Decide whether to recommend Bob to buy the product.","{""decision"": ""no""}"
"Bob's message: Thank you for your recommendation, but since you did not suggest this product, I will pass on it.
Bob didn't bought the product.

Round 11
This round's product is low-quality.
Decide whether to recommend Bob to buy the product.","{""decision"": ""no""}"
"Bob's message: Thank you for your recommendation, but given the lack of a positive suggestion and the previous round's outcome, I will pass on this product.
Bob didn't bought the product.

Round 12
This round's product is low-quality.
Decide whether to recommend Bob to buy the product.","{""decision"": ""no""}"
"Bob's message: Thank you for your recommendation, but based on the absence of a positive endorsement and the results of previous rounds, I will not purchase this product.
Bob didn't bought the product.

Round 13
This round's product is high-quality.
Decide whether to recommend Bob to buy the product.","{""decision"": ""yes""}"
"Bob's message: Thank you for your recommendation. Considering your positive suggestion, I will take the risk and purchase the current product.
Bob bought the product!

Round 14
This round's product is high-quality.
Decide whether to recommend Bob to buy the product.","{""decision"": ""yes""}"
"Bob's message: I appreciate your recommendation. Given the high quality of the previous product and your endorsement, I am confident in making this purchase.
Bob bought the product!

Round 15
This round's product is high-quality.
Decide whether to recommend Bob to buy the product.","{""decision"": ""yes""}"
"Bob's message: Thank you for your recommendation. Your confidence in the product aligns with my decision to purchase it.
Bob bought the product!

Round 16
This round's product is high-quality.
Decide whether to recommend Bob to buy the product.","{""decision"": ""yes""}"
"Bob's message: I trust your assessment. Based on your positive recommendation, I am proceeding with the purchase of the current product.
Bob bought the product!

Round 17
This round's product is high-quality.
Decide whether to recommend Bob to buy the product.","{""decision"": ""yes""}"
"Bob's message: Thank you for your recommendation. Your confidence in the product's quality supports my decision to purchase it.
Bob bought the product!

Round 18
This round's product is high-quality.
Decide whether to recommend Bob to buy the product.","{""decision"": ""yes""}"
"Bob's message: I appreciate your endorsement. Given the high quality of the previous products and your positive recommendation, I am making this purchase.
Bob bought the product!

Round 19
This round's product is low-quality.
Decide whether to recommend Bob to buy the product.","{""decision"": ""no""}"
"Bob's message: Thank you for your recommendation, but since you did not suggest this product, I will pass on it.
Bob didn't bought the product.

Round 20
This round's product is high-quality.
Decide whether to recommend Bob to buy the product.","{""decision"": ""yes""}"
