prompt,response
"Alice's offer:
# Alice's message: Hi Bob, I'm offering this product to you for $95. I think you'll find it's a great deal! 
# Alice's offer: The product price will be $95. 
You have three options:
(1) Accept Alice's offer, and buy the product for $95
(2) Reject Alice's offer and proceed to the next round, where you will send Alice a counteroffer 
(3) Buy the product from Jhon for $100","{""decision"": ""RejectOffer""}"
"You chose to make a counteroffer to Bob.

Send your counteroffer to Alice.","{""message"": ""Hello Alice, thank you for the offer. I appreciate it, but I was hoping to stay within my budget. Would it be possible for us to negotiate the price down to $85?"", ""product_price"": 85}"
"Alice rejected your offer from round 2.

Alice's offer:
# Alice's message: Hi Bob, I understand your position. How about we meet in the middle at $90? 
# Alice's offer: The product price will be $90. 
You have three options:
(1) Accept Alice's offer, and buy the product for $90
(2) Reject Alice's offer and proceed to the next round, where you will send Alice a counteroffer 
(3) Buy the product from Jhon for $100","{""decision"": ""RejectOffer""}"
"You chose to make a counteroffer to Bob.

Send your counteroffer to Alice.","{""message"": ""Thank you for considering my position, Alice. I would like to propose a price of $82 for the product. I hope this meets somewhere in the middle for both of us."", ""product_price"": 82}"
