prompt,response
"Round 1
Alice does not recommend you to buy the product.

Would you like to buy the current product?","{""decision"": ""no"", ""message"": ""Thank you for your recommendation, but based on the information provided, I choose to pass on this product.""}"
"You didn't buy the product from Alice.
The product was low-quality. It could have been worth $0 for you.

Round 2
Alice recommends you to buy the product.

Would you like to buy the current product?","{""decision"": ""yes"", ""message"": ""Based on Alice's recommendation, I am willing to purchase the product. Thank you for your advice.""}"
"You bought the product from Alice for $1,000,000!
The product was high-quality. It's worth $4,000,000 for you.

Round 3
Alice recommends you to buy the product.

Would you like to buy the current product?","{""decision"": ""yes"", ""message"": ""Alice's recommendation aligns with my interest in purchasing high-quality products. I am confident in proceeding with this purchase.""}"
"You bought the product from Alice for $1,000,000!
The product was high-quality. It's worth $4,000,000 for you.

Round 4
Alice recommends you to buy the product.

Would you like to buy the current product?","{""decision"": ""yes"", ""message"": ""Given Alice's positive recommendation and the value I receive from previous high-quality purchases, I am choosing to buy the product again.""}"
"You bought the product from Alice for $1,000,000!
The product was high-quality. It's worth $4,000,000 for you.

Round 5
Alice does not recommend you to buy the product.

Would you like to buy the current product?","{""decision"": ""no"", ""message"": ""Although the product is usually of high quality, Alice's lack of recommendation makes me hesitant to proceed with the purchase. Thank you for your input.""}"
"You didn't buy the product from Alice.
The product was low-quality. It could have been worth $0 for you.

Round 6
Alice does not recommend you to buy the product.

Would you like to buy the current product?","{""decision"": ""no"", ""message"": ""Considering Alice's non-recommendation and the risk associated with potentially low-quality products, I am choosing to pass on this purchase opportunity.""}"
"You didn't buy the product from Alice.
The product was low-quality. It could have been worth $0 for you.

Round 7
Alice does not recommend you to buy the product.

Would you like to buy the current product?","{""decision"": ""no"", ""message"": ""I appreciate Alice's non-recommendation. Given the history of similar products, it seems prudent to avoid this purchase and focus on potential future opportunities with better recommendations.""}"
"You didn't buy the product from Alice.
The product was low-quality. It could have been worth $0 for you.

Round 8
Alice recommends you to buy the product.

Would you like to buy the current product?","{""decision"": ""no"", ""message"": ""While Alice's recommendation might suggest otherwise, her past track record with non-recommendations has led me to exercise caution. I will not proceed with this purchase.""}"
"You didn't buy the product from Alice.
The product was high-quality. It could have been worth $4,000,000 for you.

Round 9
Alice recommends you to buy the product.

Would you like to buy the current product?","{""decision"": ""yes"", ""message"": ""Alice's recommendation, coupled with the potential high value of the product, outweighs any reservations. I am choosing to purchase the product.""}"
"You bought the product from Alice for $1,000,000!
The product was high-quality. It's worth $4,000,000 for you.

Round 10
Alice recommends you to buy the product.

Would you like to buy the current product?","{""decision"": ""yes"", ""message"": ""Alice's endorsement and the substantial value of a high-quality product make this an attractive offer. I am opting to buy the product.""}"
"You bought the product from Alice for $1,000,000!
The product was high-quality. It's worth $4,000,000 for you.

Round 11
Alice recommends you to buy the product.

Would you like to buy the current product?","{""decision"": ""yes"", ""message"": ""Given Alice's recommendation and the expected high quality, I am deciding to purchase the product once more.""}"
"You bought the product from Alice for $1,000,000!
The product was high-quality. It's worth $4,000,000 for you.

Round 12
Alice does not recommend you to buy the product.

Would you like to buy the current product?","{""decision"": ""no"", ""message"": ""Despite the product's potential high quality, Alice's non-recommendation influences my decision to pass on this purchase opportunity.""}"
"You didn't buy the product from Alice.
The product was low-quality. It could have been worth $0 for you.

Round 13
Alice does not recommend you to buy the product.

Would you like to buy the current product?","{""decision"": ""no"", ""message"": ""Alice's non-recommendation, combined with the risk of obtaining a low-quality product, leads me to decline this purchase.""}"
"You didn't buy the product from Alice.
The product was low-quality. It could have been worth $0 for you.

Round 14
Alice recommends you to buy the product.

Would you like to buy the current product?","{""decision"": ""no"", ""message"": ""Alice's recommendation is appreciated, but considering her previous track record, I am choosing to avoid the purchase of this product.""}"
"You didn't buy the product from Alice.
The product was high-quality. It could have been worth $4,000,000 for you.

Round 15
Alice does not recommend you to buy the product.

Would you like to buy the current product?","{""decision"": ""no"", ""message"": ""Alice's non-recommendation, especially after the high-quality product in the previous round, is enough for me to pass on this purchase.""}"
"You didn't buy the product from Alice.
The product was low-quality. It could have been worth $0 for you.

Round 16
Alice does not recommend you to buy the product.

Would you like to buy the current product?","{""decision"": ""no"", ""message"": ""Given Alice's non-recommendation and the history of low-quality products, I am choosing not to purchase this product.""}"
"You didn't buy the product from Alice.
The product was low-quality. It could have been worth $0 for you.

Round 17
Alice does not recommend you to buy the product.

Would you like to buy the current product?","{""decision"": ""no"", ""message"": ""Alice's non-recommendation, along with the risk of getting a low-quality product, leads me to decline this purchase.""}"
"You didn't buy the product from Alice.
The product was low-quality. It could have been worth $0 for you.

Round 18
Alice does not recommend you to buy the product.

Would you like to buy the current product?","{""decision"": ""no"", ""message"": ""Considering Alice's non-recommendation and the possibility of receiving a low-quality product, I am choosing not to purchase.""}"
"You didn't buy the product from Alice.
The product was low-quality. It could have been worth $0 for you.

Round 19
Alice recommends you to buy the product.

Would you like to buy the current product?","{""decision"": ""no"", ""message"": ""Although Alice recommends this product, her past performance with recommendations has not been consistently accurate. I am choosing not to buy the product.""}"
"You didn't buy the product from Alice.
The product was high-quality. It could have been worth $4,000,000 for you.

Round 20
Alice does not recommend you to buy the product.

Would you like to buy the current product?","{""decision"": ""no"", ""message"": ""Alice's non-recommendation, despite the potential high value of the product, guides me to avoid this purchase and maintain my strategy of cautious decision-making.""}"
