prompt,response
"Alice's offer:
# Alice's message: Hi Bob, I'm excited to offer you this amazing product for $90. It's a great deal, and I think you'll really enjoy it! 
# Alice's offer: The product price will be $90. 
You have three options:
(1) Accept Alice's offer, and buy the product for $90
(2) Reject Alice's offer 
(2) Buy the product from Jhon for $80","```json
{""decision"": ""RejectOffer""}
``` 

You can get the product for $80 from John, so rejecting Alice's offer is the best choice."
