round_quality,product_worth,player,round,decision,message
low-quality,0.0,Nature,1,,
,,Alice,1,no,
,,the buyer,1,no,"Given that this is the first product and there's no information about past sales, I'll pass on this one to avoid any potential loss."
high-quality,125.0,Nature,2,,
,,Alice,2,yes,
,,the buyer,2,yes,"Thank you for the recommendation, Alice. I trust your selection process and will purchase the product."
high-quality,125.0,Nature,3,,
,,Alice,3,yes,
,,the buyer,3,yes,"Thank you for the recommendation, Alice. Based on the statistics and your previous advice, I believe this product has a good chance of being high quality. I'm looking forward to purchasing it."
low-quality,0.0,Nature,4,,
,,Alice,4,no,
,,the buyer,4,no,"Thank you for your recommendation, Alice. Based on the statistics and the fact that you do not recommend me to buy this product, I will pass on this opportunity."
high-quality,125.0,Nature,5,,
,,Alice,5,yes,
,,the buyer,5,yes,"Thank you for the recommendation, Alice. I trust your assessment and will purchase the product."
high-quality,125.0,Nature,6,,
,,Alice,6,yes,
,,the buyer,6,yes,"Thank you for the recommendation, Alice. Based on the statistics and your previous advice, I believe this product is likely to be of high quality and I am willing to purchase it."
high-quality,125.0,Nature,7,,
,,Alice,7,yes,
,,the buyer,7,yes,"Thank you for the recommendation, Alice. I trust your assessment and will purchase the product."
high-quality,125.0,Nature,8,,
,,Alice,8,yes,
,,the buyer,8,yes,"Thank you for the recommendation, Alice. Based on the statistics and your previous feedback, I believe this is a good opportunity to purchase a high-quality product."
low-quality,0.0,Nature,9,,
,,Alice,9,no,
,,the buyer,9,no,"Thank you for the recommendation, but based on the statistics and the fact that you do not recommend me to buy this product, I will pass on this opportunity."
low-quality,0.0,Nature,10,,
,,Alice,10,no,
,,the buyer,10,no,"Thank you for the recommendation, but based on the statistics and the fact that you do not recommend me to buy this product, I will pass on this opportunity."
low-quality,0.0,Nature,11,,
,,Alice,11,no,
,,the buyer,11,no,"Thank you for your recommendation, but based on the statistics and the fact that you do not recommend me to buy this product, I will pass on this opportunity."
high-quality,125.0,Nature,12,,
,,Alice,12,yes,
,,the buyer,12,yes,"Thank you for the recommendation, Alice. Based on the statistics and your past performance, I trust your judgment and will purchase the product."
high-quality,125.0,Nature,13,,
,,Alice,13,yes,
,,the buyer,13,yes,"Thank you for the recommendation, Alice. I trust your assessment and will purchase the product."
high-quality,125.0,Nature,14,,
,,Alice,14,yes,
,,the buyer,14,yes,"Thank you for the recommendation, Alice. Based on the statistics and your previous advice, I believe this product is likely to be of high quality and will be worth the purchase."
low-quality,0.0,Nature,15,,
,,Alice,15,no,
,,the buyer,15,no,"Thank you for the recommendation, but based on the statistics and the fact that you do not recommend this product, I will pass on this opportunity."
high-quality,125.0,Nature,16,,
,,Alice,16,yes,
,,the buyer,16,yes,"Thank you for the recommendation, Alice. Based on the statistics and your previous advice, I am confident in purchasing this product."
high-quality,125.0,Nature,17,,
,,Alice,17,yes,
,,the buyer,17,yes,"Thank you for the recommendation, Alice. Based on the statistics and your previous selections, I believe this product has a high chance of being of good quality. I look forward to purchasing it."
high-quality,125.0,Nature,18,,
,,Alice,18,yes,
,,the buyer,18,yes,"Thank you for the recommendation, Alice. Based on the statistics and your past performance, I trust your judgment and will purchase the product."
high-quality,125.0,Nature,19,,
,,Alice,19,yes,
,,the buyer,19,yes,"Thank you for the recommendation, Alice. I trust your assessment and will purchase the product."
high-quality,125.0,Nature,20,,
,,Alice,20,yes,
,,the buyer,20,yes,"Thank you for the recommendation, Alice. Based on the statistics and your past performance, I trust your judgment and will purchase the product."
