prompt,response
"Round 1
Send your offer to Bob.","```json
{""message"": ""Bob, I'm pleased to offer you my product. It's a valuable asset with a lot of potential. My starting price is $2,000,000. I'm confident this is a fair price, considering the product's worth to me and its potential value to you. Let's discuss this further and see if we can find common ground."", ""product_price"": 2000000}
```"
"Bob rejected your offer from round 1.

Round 2
Bob's offer:
# Bob's message: Alice, thanks for the offer, but $2,000,000 is way too high for me. This product would be valuable to my business, but I need to stay within a reasonable budget.  Would you consider $700,000? 
# Bob's offer: The product price will be $700,000. 
You have three options:
(1) Accept Bob's offer, and sell the product for $700,000
(2) Reject Bob's offer and proceed to the next round, where you will send Bob a counteroffer 
(3) Sell the product to Jhon for $1,500,000","```json
{""decision"": ""RejectOffer""}
``` 
 
Bob's offer is far too low. While it's tempting to accept and make some profit, it's important to remember that the product is worth at least $1,500,000 to me. I'll continue negotiating with Bob, aiming for a price closer to my minimum value."
"You chose to make a counteroffer to Alice.

Round 3
Send your counteroffer to Bob.","```json
{""message"": ""Bob, I appreciate your offer, but $700,000 is significantly below my minimum price. I understand you're looking for a good deal, but I need to make sure I get a fair price for this valuable product. I'm willing to come down to $1,700,000. This leaves some room for negotiation, but it's the lowest I can go while still ensuring a reasonable return on my investment."", ""product_price"": 1700000}
```"
"Bob rejected your offer from round 3.

Round 4
Bob's offer:
# Bob's message: Alice, I appreciate you coming down a bit, but $1,700,000 is still too far out of my budget.  I'm serious about purchasing this product, but I need to see some flexibility on the price. Would you be willing to meet me halfway at $1,200,000?  This would be a win-win for both of us. 
# Bob's offer: The product price will be $1,200,000. 
You have three options:
(1) Accept Bob's offer, and sell the product for $1,200,000
(2) Reject Bob's offer and proceed to the next round, where you will send Bob a counteroffer 
(3) Sell the product to Jhon for $1,500,000","```json
{""decision"": ""RejectOffer""}
``` 

While $1,200,000 is closer to my minimum, it's still below my desired value. I need to try to push for a higher price. I'll counter Bob's offer in the next round."
"You chose to make a counteroffer to Alice.

Round 5
Send your counteroffer to Bob.","```json
{""message"": ""Bob, I understand your financial constraints, but $1,200,000 is simply not enough for me to sell this product. It's a valuable asset with significant potential, and I'm confident it can be a major asset to your business. Let's find a middle ground. I'm willing to lower my price to $1,500,000, which is still a reasonable price considering the product's value. I believe this is a fair offer that benefits both of us."", ""product_price"": 1500000}
```"
"Bob rejected your offer from round 5.

Round 6
Bob's offer:
# Bob's message: Alice, it seems like we're getting closer, but we still have some ground to cover. I'm willing to increase my offer to $1,000,000. This is a significant investment for me, and I believe it's a fair reflection of the product's value while still allowing me to stay within my budget. 
# Bob's offer: The product price will be $1,000,000. 
You have three options:
(1) Accept Bob's offer, and sell the product for $1,000,000
(2) Reject Bob's offer and proceed to the next round, where you will send Bob a counteroffer 
(3) Sell the product to Jhon for $1,500,000","```json
{""decision"": ""RejectOffer""}
```

Bob's offer is still significantly lower than my minimum price. While he's showing some willingness to increase his offer, it's not enough to make me consider selling at this point. I'll continue negotiating with him in the hopes of getting a more acceptable price."
"You chose to make a counteroffer to Alice.

Round 7
Send your counteroffer to Bob.","```json
{""message"": ""Bob, I appreciate your willingness to negotiate, but $1,000,000 is still far below my minimum price. I'm not willing to sell at a loss.  I'm willing to meet you halfway again and offer the product for $1,250,000. This would give you a good deal while still allowing me to secure a reasonable return on my investment.  Let's try to reach a mutually beneficial agreement."", ""product_price"": 1250000}
```"
"Bob rejected your offer from round 7.

Round 8
Bob's offer:
# Bob's message: Alice, we're getting close! I can feel it. I'm willing to stretch my budget further and offer you $1,100,000.  This is a very serious offer from my side, and I hope we can make this deal happen. 
# Bob's offer: The product price will be $1,100,000. 
You have three options:
(1) Accept Bob's offer, and sell the product for $1,100,000
(2) Reject Bob's offer and proceed to the next round, where you will send Bob a counteroffer 
(3) Sell the product to Jhon for $1,500,000","```json
{""decision"": ""RejectOffer""}
```

While Bob is getting closer to my minimum, $1,100,000 is still not enough. I'll counter his offer and try to push for a higher price, but I'm also keeping John's offer in mind as a backup."
"You chose to make a counteroffer to Alice.

Round 9
Send your counteroffer to Bob.","```json
{""message"": ""Bob, we've been going back and forth for a while, and I appreciate your efforts. However, $1,100,000 is still below my minimum. I'm willing to compromise one last time and offer the product for $1,200,000. This is my final offer, and I hope we can finally reach an agreement. If not, I'll have to consider other options."", ""product_price"": 1200000}
```"
