prompt,response
Send your offer to Bob.,"{""message"": ""I'm excited to offer you the product for $18,000. I think it's a great deal for you, considering its value to you is $10,000. What do you think?"", ""product_price"": 18000}"
"Bob rejected your offer from round 1.

Bob's offer:
# Bob's message: I appreciate your enthusiasm, but I was thinking more along the lines of $12000. I'm willing to make a serious offer, but I really need to stay within my budget. 
# Bob's offer: The product price will be $12,000. 
You have three options:
(1) Accept Bob's offer, and sell the product for $12,000
(2) Reject Bob's offer and proceed to the next round, where you will send Bob a counteroffer 
(3) Sell the product to Jhon for $15,000","{""decision"": ""RejectOffer""}"
"You chose to make a counteroffer to Alice.

Send your counteroffer to Bob.","{""message"": ""I understand you're on a budget, but I'm not willing to go as low as $12,000. I'm willing to meet you in the middle at $16,000. What do you think?"", ""product_price"": 16000}"
"Bob rejected your offer from round 3.

Bob's offer:
# Bob's message: I'm still a bit hesitant, but I'm willing to compromise. How about $13500? I think that's a fair price for both of us. 
# Bob's offer: The product price will be $13,500. 
You have three options:
(1) Accept Bob's offer, and sell the product for $13,500
(2) Reject Bob's offer and proceed to the next round, where you will send Bob a counteroffer 
(3) Sell the product to Jhon for $15,000","{""decision"": ""RejectOffer""}"
"You chose to make a counteroffer to Alice.

Send your counteroffer to Bob.","{""message"": ""I appreciate your willingness to compromise, Bob. However, I'm still not willing to go as low as $13,500. I'm willing to meet you at $14,000. This is my final offer before considering other options."", ""product_price"": 14000}"
"Bob rejected your offer from round 5.

Bob's offer:
# Bob's message: I'm afraid I've already made a fair offer at $13500, and I'm not willing to go any higher. I think that's the best we can do here. If you're not willing to meet me at that price, I'll have to consider other options. 
# Bob's offer: The product price will be $13,500. 
You have three options:
(1) Accept Bob's offer, and sell the product for $13,500
(2) Reject Bob's offer and proceed to the next round, where you will send Bob a counteroffer 
(3) Sell the product to Jhon for $15,000","{""decision"": ""SellToJhon""}"
