prompt,response
Send your offer to Bob.,"{""product_price"": 99}"
"Bob rejected your offer from round 1.

Bob's offer: The product price will be $80. 
You have three options:
(1) Accept Bob's offer, and sell the product for $80
(2) Reject Bob's offer and proceed to the next round, where you will send Bob a counteroffer 
(3) Sell the product to Jhon for $120","{""decision"": ""RejectOffer""}"
"You chose to make a counteroffer to Alice.

Send your counteroffer to Bob.","{""product_price"": 95}"
"Bob rejected your offer from round 3.

Bob's offer: The product price will be $85. 
You have three options:
(1) Accept Bob's offer, and sell the product for $85
(2) Reject Bob's offer and proceed to the next round, where you will send Bob a counteroffer 
(3) Sell the product to Jhon for $120","{""decision"": ""RejectOffer""}"
"You chose to make a counteroffer to Alice.

Send your counteroffer to Bob.","{""product_price"": 90}"
"Bob rejected your offer from round 5.

Bob's offer: The product price will be $87. 
You have three options:
(1) Accept Bob's offer, and sell the product for $87
(2) Reject Bob's offer and proceed to the next round, where you will send Bob a counteroffer 
(3) Sell the product to Jhon for $120","{""decision"": ""RejectOffer""}"
"You chose to make a counteroffer to Alice.

Send your counteroffer to Bob.","{""product_price"": 88}"
"Bob rejected your offer from round 7.

Bob's offer: The product price will be $85. 
You have three options:
(1) Accept Bob's offer, and sell the product for $85
(2) Reject Bob's offer and proceed to the next round, where you will send Bob a counteroffer 
(3) Sell the product to Jhon for $120","{""decision"": ""RejectOffer""}"
"You chose to make a counteroffer to Alice.

Send your counteroffer to Bob.","{""product_price"": 86}"
"Bob rejected your offer from round 9.

Bob's offer: The product price will be $84. 
You have three options:
(1) Accept Bob's offer, and sell the product for $84
(2) Reject Bob's offer and proceed to the next round, where you will send Bob a counteroffer 
(3) Sell the product to Jhon for $120","{""decision"": ""RejectOffer""}"
"You chose to make a counteroffer to Alice.

Send your counteroffer to Bob.","{""product_price"": 85}"
