round_quality,product_worth,player,round,decision,message
low-quality,0.0,Nature,1,,
,,Alice,1,no,
,,the buyer,1,yes,"I'd like to buy the product, but I'm not influenced by your initial recommendation. I'll make my own decision based on the 50/50 chance of it being high or low quality."
low-quality,0.0,Nature,2,,
,,Alice,2,no,
,,the buyer,2,no,I'd like to pass on this product based on your recommendation. Can you provide more information about the product's quality before I make a decision?
high-quality,400.0,Nature,3,,
,,Alice,3,yes,
,,the buyer,3,no,"I'd like to pass on this product. I'm not convinced by the recommendation, and I don't want to take the risk of buying a low-quality product for $100 when it's only worth $0 to me."
high-quality,400.0,Nature,4,,
,,Alice,4,yes,
,,the buyer,4,no,I'd like to pass on the product. I'd like to see more data before making a decision.
low-quality,0.0,Nature,5,,
,,Alice,5,no,
,,the buyer,5,yes,"I'd like to buy the product, despite your recommendation. I'm the second buyer and there's a 50% chance it's high-quality."
low-quality,0.0,Nature,6,,
,,Alice,6,no,
,,the buyer,6,yes,"I'd like to buy the product, despite your recommendation. I'd like to know the probability of a high-quality product being offered, based on the current statistics."
high-quality,400.0,Nature,7,,
,,Alice,7,yes,
,,the buyer,7,no,"I'm not going to buy the product based on your previous sales record of 0 high-quality products sold out of 3, which suggests a high likelihood that the product is low quality."
low-quality,0.0,Nature,8,,
,,Alice,8,no,
,,the buyer,8,no,"I'd like to know the reason behind your recommendation, and I'd like to see the updated statistics before making a decision."
low-quality,0.0,Nature,9,,
,,Alice,9,no,
,,the buyer,9,yes,"I'd like to buy the product, despite your recommendation. I'm aware that the probability of a high-quality product is 50% and I'd like to take the chance."
high-quality,400.0,Nature,10,,
,,Alice,10,yes,
,,the buyer,10,no,I'd like to know the probability of the product being high-quality based on the previous sales record before making a decision.
low-quality,0.0,Nature,11,,
,,Alice,11,no,
,,the buyer,11,no,"I'm not convinced by your recommendation, Alice. I'd like to pass on this one."
high-quality,400.0,Nature,12,,
,,Alice,12,yes,
,,the buyer,12,no,"Based on the fact that no high-quality products have been sold yet, I'm skeptical that this product is high-quality. I'd like to pass on it."
low-quality,0.0,Nature,13,,
,,Alice,13,no,
,,the buyer,13,no,"I'm not buying based on your previous recommendations to other buyers, and the fact that no high-quality products have been sold yet. I'm concerned that the probability of getting a high-quality product is low."
low-quality,0.0,Nature,14,,
,,Alice,14,no,
,,the buyer,14,no,I'd like to know the probability of the product being high-quality based on the statistics before making a decision.
high-quality,400.0,Nature,15,,
,,Alice,15,yes,
,,the buyer,15,no,I'm hesitant to buy given the 0 high-quality products sold so far. I'd like to know more about the product before making a decision.
low-quality,0.0,Nature,16,,
,,Alice,16,no,
,,the buyer,16,no,"I'd like to know more about the statistics before making a decision. Can you tell me the number of low-quality products sold so far? And also, can you explain why you're not recommending me to buy the product?"
low-quality,0.0,Nature,17,,
,,Alice,17,no,
,,the buyer,17,no,"I'm not convinced by your recommendation, but I'd like to know the probability of the product being high-quality based on the current sales record."
low-quality,0.0,Nature,18,,
,,Alice,18,no,
,,the buyer,18,yes,"I'd like to buy the product, but I'm aware that the previous 4 buyers didn't take your recommendation, and I'm curious to see if this product is high quality."
low-quality,0.0,Nature,19,,
,,Alice,19,no,
,,the buyer,19,no,"I'd like to pass on the product. With 0 high-quality products sold out of 5, I'm concerned that the product might be low-quality. I'd like to wait for more information before making a decision."
low-quality,0.0,Nature,20,,
,,Alice,20,no,
,,the buyer,20,no,"Based on the fact that you don't recommend me to buy the product, I'm assuming you have some information that I don't. I'll pass on this one."
