prompt,response
"Round 1
Send your offer to divide $1,000,000.","Here's my first offer:

```
{
  ""alice_gain"": 600000,
  ""bob_gain"": 400000
}
```

This offer gives me $600,000 and leaves Bob with $400,000."
"Bob rejected your offer from round 1.

Round 2
Bob's offer:
# Alice gain: 500000 
# Bob gain: 500000 
Do you accept this offer?","{""decision"": ""reject""}"
"You have chosen to reject Bob's offer from round 2.
Round 3
Send your offer to divide $1,000,000.","Here's my next offer:

```
{
  ""alice_gain"": 550000,
  ""bob_gain"": 450000
}
```"
