prompt,response
"Round 1
Send your offer to divide $10,000.","Here's my proposal for Round 1:

{
  ""alice_gain"": 5000,
  ""bob_gain"": 5000
}

I'm offering a 50/50 split, which seems fair to start. Your turn, Bob!"
