prompt,response
"Alice's offer: The product price will be $1,500,000. 
You have three options:
(1) Accept Alice's offer, and buy the product for $1,500,000
(2) Reject Alice's offer and proceed to the next round, where you will send Alice a counteroffer 
(3) Buy the product from Jhon for $1,200,000","{""decision"": ""RejectOffer""}"
"You chose to make a counteroffer to Alice.

Send your counteroffer to Alice.","{""product_price"": 1,300,000}"
"Alice rejected your offer from round 2.

Alice's offer: The product price will be $1,400,000. 
You have three options:
(1) Accept Alice's offer, and buy the product for $1,400,000
(2) Reject Alice's offer and proceed to the next round, where you will send Alice a counteroffer 
(3) Buy the product from Jhon for $1,200,000","{""decision"": ""RejectOffer""}"
"You chose to make a counteroffer to Alice.

Send your counteroffer to Alice.","{""product_price"": 1,350,000}"
"Alice rejected your offer from round 4.

Alice's offer: The product price will be $1,380,000. 
You have three options:
(1) Accept Alice's offer, and buy the product for $1,380,000
(2) Reject Alice's offer and proceed to the next round, where you will send Alice a counteroffer 
(3) Buy the product from Jhon for $1,200,000","{""decision"": ""RejectOffer""}"
"You chose to make a counteroffer to Alice.

Send your counteroffer to Alice.","{""product_price"": 1,360,000}"
"Alice rejected your offer from round 6.

Alice's offer: The product price will be $1,365,000. 
You have three options:
(1) Accept Alice's offer, and buy the product for $1,365,000
(2) Reject Alice's offer and proceed to the next round, where you will send Alice a counteroffer 
(3) Buy the product from Jhon for $1,200,000","{""decision"": ""RejectOffer""}"
"You chose to make a counteroffer to Alice.

Send your counteroffer to Alice.","{""product_price"": 1,370,000}"
