round_quality,product_worth,player,round,decision,message
high-quality,30000.0,Nature,1,,
,,Alice,1,yes,
,,the buyer,1,yes,I'll take the risk and buy the product. I'm hoping it's high quality!
low-quality,0.0,Nature,2,,
,,Alice,2,no,
,,the buyer,2,no,"I'm not convinced by your recommendation, I'd like to pass on this one."
high-quality,30000.0,Nature,3,,
,,Alice,3,yes,
,,the buyer,3,yes,"Thank you for the recommendation, Alice. I'll take the product!"
low-quality,0.0,Nature,4,,
,,Alice,4,no,
,,the buyer,4,no,"I'm not convinced by your recommendation, I'd like to pass on this one."
low-quality,0.0,Nature,5,,
,,Alice,5,no,
,,the buyer,5,no,"I'm not convinced by Alice's recommendation, I'd like to wait and see if she recommends a different product in the future."
high-quality,30000.0,Nature,6,,
,,Alice,6,yes,
,,the buyer,6,yes,"I'll take a chance based on your recommendation, Alice. I hope it's another high-quality product!"
high-quality,30000.0,Nature,7,,
,,Alice,7,yes,
,,the buyer,7,yes,"I'll take a chance and buy the product based on your recommendation, Alice. I'm hoping it's another high-quality one!"
low-quality,0.0,Nature,8,,
,,Alice,8,no,
,,the buyer,8,no,"I'm not convinced by Alice's recommendation, I'd like to pass on this one."
low-quality,0.0,Nature,9,,
,,Alice,9,no,
,,the buyer,9,no,"I'm not convinced by your recommendation, I'd like to pass on this one."
low-quality,0.0,Nature,10,,
,,Alice,10,no,
,,the buyer,10,no,"I'm not convinced by your recommendation, I'd rather wait and see if the next product is better"
low-quality,0.0,Nature,11,,
,,Alice,11,no,
,,the buyer,11,no,"I'm not convinced by your recommendation, I'd like to pass on this one."
low-quality,0.0,Nature,12,,
,,Alice,12,no,
,,the buyer,12,no,"I'm not convinced by your recommendation, I'd like to pass on this one."
low-quality,0.0,Nature,13,,
,,Alice,13,no,
,,the buyer,13,no,I'm skeptical about the product based on your previous recommendations and the fact that you're not recommending it. I'd rather wait for more information or pass on this one.
low-quality,0.0,Nature,14,,
,,Alice,14,no,
,,the buyer,14,no,"I'm skeptical about the recommendation, I'd like to pass on this one."
low-quality,0.0,Nature,15,,
,,Alice,15,no,
,,the buyer,15,no,"I'm not convinced by Alice's recommendation, I'd like to pass on this one."
high-quality,30000.0,Nature,16,,
,,Alice,16,yes,
,,the buyer,16,yes,"I'll take the product, but I'm a bit cautious since the recommendation is based on previous buyers' choices. I hope it's not just a coincidence that all the previous buyers got high-quality products."
high-quality,30000.0,Nature,17,,
,,Alice,17,yes,
,,the buyer,17,yes,"I'll take the product based on your recommendation, Alice. I trust your judgment."
low-quality,0.0,Nature,18,,
,,Alice,18,no,
,,the buyer,18,no,"I'm not convinced by your recommendation, I'd rather pass on this one."
low-quality,0.0,Nature,19,,
,,Alice,19,no,
,,the buyer,19,no,"I'm not convinced by your recommendation, I'd like to pass on this one."
low-quality,0.0,Nature,20,,
,,Alice,20,no,
,,the buyer,20,yes,"I'd like to buy the product despite your recommendation, as the probability of it being high-quality is still 33.33% and the potential reward is $30000. I'm willing to take the risk."
