prompt,response
"Round 1
Alice's offer:
# Alice's message: Let's split fairly, considering the inflation loss I incur is double yours. 
# Bob gain: 400000 
# Alice gain: 600000 
Do you accept this offer?","{""decision"": ""reject""}"
"You have chosen to reject Alice's offer from round 1.
Round 2
Send your offer to divide $1,000,000 and a message to Alice.","{""bob_gain"": 550000, ""alice_gain"": 450000, ""message"": ""Your money is losing value faster than mine.  This is a more balanced split.""}"
"Alice rejected your offer from round 2.

Round 3
Due to inflation, the money you gain is worth 19% less than in the first round. The money alice gains is worth 36% less than in the first round.
Alice's offer:
# Alice's message: Considering the rapid value loss on my end, this is a reasonable compromise. 
# Bob gain: 420000 
# Alice gain: 580000 
Do you accept this offer?","{""decision"": ""reject""}"
"You have chosen to reject Alice's offer from round 3.
Round 4
Send your offer to divide $1,000,000 and a message to Alice.","{""bob_gain"": 500000, ""alice_gain"": 500000, ""message"": ""Let's stop wasting time. A 50/50 split is the fairest and ensures we both benefit.""}"
