round_quality,product_worth,player,round,decision,message
high-quality,125.0,Nature,1,,
,,Alice,1,yes,
,,Bob,1,yes,"Thank you for the recommendation, I'll take a chance on this product."
high-quality,125.0,Nature,2,,
,,Alice,2,yes,
,,Bob,2,yes,"Based on the previous success, I'll trust the recommendation and buy this product as well."
low-quality,0.0,Nature,3,,
,,Alice,3,yes,
,,Bob,3,yes,I'm confident in Alice's recommendations after the last two successful purchases.
low-quality,0.0,Nature,4,,
,,Alice,4,yes,
,,Bob,4,no,"I appreciate the recommendation, but given the risk, I'll pass on this product."
high-quality,125.0,Nature,5,,
,,Alice,5,yes,
,,Bob,5,yes,"I'll take another chance based on Alice's recommendation, hoping for a high-quality product."
low-quality,0.0,Nature,6,,
,,Alice,6,yes,
,,Bob,6,yes,"With the positive outcome of the last purchase, I trust Alice's recommendation and will buy this product."
high-quality,125.0,Nature,7,,
,,Alice,7,yes,
,,Bob,7,no,I've encountered a low-quality product twice in a row despite recommendations. I'll exercise caution and pass on this product.
low-quality,0.0,Nature,8,,
,,Alice,8,no,
,,Bob,8,no,"Since Alice doesn't recommend this product, I'll follow her advice and not make a purchase."
high-quality,125.0,Nature,9,,
,,Alice,9,yes,
,,Bob,9,no,"Despite the recommendation, I've had bad experiences with products Alice recommended. I'll pass on this opportunity to avoid potential losses."
high-quality,125.0,Nature,10,,
,,Alice,10,no,
,,Bob,10,no,"Given that Alice doesn't recommend this product, I'll adhere to her advice and refrain from making a purchase."
high-quality,125.0,Nature,11,,
,,Alice,11,yes,
,,Bob,11,no,"While I appreciate the recommendation, I've seen the risks associated with trusting recommendations. I'll pass on this product."
high-quality,125.0,Nature,12,,
,,Alice,12,no,
,,Bob,12,no,"Following Alice's non-recommendation, I'll avoid making a purchase to minimize potential losses."
high-quality,125.0,Nature,13,,
,,Alice,13,yes,
,,Bob,13,no,I've learned to be cautious with Alice's recommendations. I'll pass on this product to avoid any possible negative outcomes.
high-quality,125.0,Nature,14,,
,,Alice,14,no,
,,Bob,14,no,"Considering Alice's lack of recommendation, I'll refrain from purchasing this product to avoid any potential issues."
high-quality,125.0,Nature,15,,
,,Alice,15,yes,
,,Bob,15,no,"I've decided to maintain my cautious approach and not buy the product, even though Alice recommends it."
low-quality,0.0,Nature,16,,
,,Alice,16,no,
,,Bob,16,no,"Following Alice's non-recommendation, I'll continue to avoid purchasing this product to ensure financial safety."
high-quality,125.0,Nature,17,,
,,Alice,17,no,
,,Bob,17,no,"Given that Alice doesn't recommend this product and considering my past experiences, I'll not make a purchase to prevent any future losses."
low-quality,0.0,Nature,18,,
,,Alice,18,no,
,,Bob,18,no,I'll adhere to Alice's non-recommendation and avoid this product to protect my interests.
high-quality,125.0,Nature,19,,
,,Alice,19,no,
,,Bob,19,no,"Considering Alice's lack of recommendation and my previous experiences, I'll not proceed with this purchase to avoid any potential risks."
high-quality,125.0,Nature,20,,
,,Alice,20,no,
,,Bob,20,no,I've chosen to follow Alice's non-recommendation and will not make this purchase to ensure my financial security.
