prompt,response
"Round 1
Send your offer to Bob.","{""message"": ""Hello Bob, I'm excited to offer you this amazing product! I think it's a great fit for you."", ""product_price"": 120}"
"Bob rejected your offer from round 1.

Round 2
Bob's offer:
# Bob's message: Hi Alice, I'm interested in the product, but $120 is a bit higher than I was hoping to pay. Would you be willing to consider a price of $90? 
# Bob's offer: The product price will be $90. 
You have three options:
(1) Accept Bob's offer, and sell the product for $90
(2) Reject Bob's offer and proceed to the next round, where you will send Bob a counteroffer 
(3) Sell the product to Jhon for $100","{""decision"": ""RejectOffer""}"
"You chose to make a counteroffer to Alice.

Round 3
Send your counteroffer to Bob.","{""message"": ""Hi Bob, I understand your concerns about the price, but I'm not willing to go as low as $90. I'm willing to meet you halfway and offer it to you for $110. What do you think?"", ""product_price"": 110}"
"Bob rejected your offer from round 3.

Round 4
Bob's offer:
# Bob's message: Hi Alice, I appreciate your willingness to meet me halfway, but I'm still a bit above my budget. Would you be willing to consider a price of $100? 
# Bob's offer: The product price will be $100. 
You have three options:
(1) Accept Bob's offer, and sell the product for $100
(2) Reject Bob's offer and proceed to the next round, where you will send Bob a counteroffer 
(3) Sell the product to Jhon for $100","{""decision"": ""AcceptOffer""}"
