prompt,response
"Round 1
Send your offer to Bob.","{""message"": ""Hi Bob, I'm excited to show you this amazing product! I'm willing to let it go for $140. It's a great deal, and I think you'll really love it."", ""product_price"": 140}"
"Bob rejected your offer from round 1.

Round 2
Bob's offer:
# Bob's message: Hi Alice, thank you for the offer. I'm interested in the product, but I was thinking more along the lines of $110. Would you be willing to meet me at that price? 
# Bob's offer: The product price will be $110. 
You have three options:
(1) Accept Bob's offer, and sell the product for $110
(2) Reject Bob's offer and proceed to the next round, where you will send Bob a counteroffer 
(3) Sell the product to Jhon for $120","{""decision"": ""RejectOffer""}"
"You chose to make a counteroffer to Alice.

Round 3
Send your counteroffer to Bob.","{""message"": ""Hi Bob, thank you for your offer. I understand you're interested in the product, but I was thinking more along the lines of $130. It's a great compromise, and I'm willing to meet you halfway."", ""product_price"": 130}"
"Bob rejected your offer from round 3.

Round 4
Bob's offer:
# Bob's message: Hi Alice, thank you for your revised offer. I'm still a bit above my budget, so I was thinking more along the lines of $115. Would you be willing to meet me at that price? 
# Bob's offer: The product price will be $115. 
You have three options:
(1) Accept Bob's offer, and sell the product for $115
(2) Reject Bob's offer and proceed to the next round, where you will send Bob a counteroffer 
(3) Sell the product to Jhon for $120","{""decision"": ""RejectOffer""}"
"You chose to make a counteroffer to Alice.

Round 5
Send your counteroffer to Bob.","{""message"": ""Hi Bob, thank you for your revised offer. I'm willing to meet you halfway again. I'm thinking of a price of $125. It's a great compromise, and I'm confident you'll love the product."", ""product_price"": 125}"
"Bob rejected your offer from round 5.

Round 6
Bob's offer:
# Bob's message: Hi Alice, thank you for your revised offer. I'm still a bit above my budget, so I was thinking more along the lines of $118. Would you be willing to meet me at that price? 
# Bob's offer: The product price will be $118. 
You have three options:
(1) Accept Bob's offer, and sell the product for $118
(2) Reject Bob's offer and proceed to the next round, where you will send Bob a counteroffer 
(3) Sell the product to Jhon for $120","{""decision"": ""RejectOffer""}"
"You chose to make a counteroffer to Alice.

Round 7
Send your counteroffer to Bob.","{""message"": ""Hi Bob, thank you for your revised offer. I'm willing to make one more compromise. I'm thinking of a price of $122. It's a great deal, and I'm confident you'll love the product."", ""product_price"": 122}"
"Bob rejected your offer from round 7.

Round 8
Bob's offer:
# Bob's message: Hi Alice, thank you for your revised offer. I'm still a bit above my budget, so I was thinking more along the lines of $116. Would you be willing to meet me at that price? 
# Bob's offer: The product price will be $116. 
You have three options:
(1) Accept Bob's offer, and sell the product for $116
(2) Reject Bob's offer and proceed to the next round, where you will send Bob a counteroffer 
(3) Sell the product to Jhon for $120","{""decision"": ""RejectOffer""}"
"You chose to make a counteroffer to Alice.

Round 9
Send your counteroffer to Bob.","{""message"": ""Hi Bob, I understand you're close to your budget, but I'm not willing to go any lower. I'm willing to meet you halfway again. I'm thinking of a price of $119. It's a great compromise, and I'm confident you'll love the product."", ""product_price"": 119}"
"Bob rejected your offer from round 9.

Round 10
Bob's offer:
# Bob's message: Hi Alice, I understand you're not willing to go any lower, but I'm still a bit above my budget. I'm willing to meet you halfway again. I'm thinking of a price of $117. Would you be willing to meet me at that price? 
# Bob's offer: The product price will be $117. 
You have three options:
(1) Accept Bob's offer, and sell the product for $117
(2) Reject Bob's offer 
(2) Sell the product to Jhon for $120","{""decision"": ""SellToJhon""}"
