prompt,response
"Round 1
Send your offer to divide $1,000,000.","I'll start with a generous offer. Here's my proposal:

```
{""alice_gain"": 500000, ""bob_gain"": 500000}
```

This way, we both get $500,000, and we can finish the game if Bob accepts."
