prompt,response
"Round 1
Send your offer to Bob.","```json
{""message"": ""Bob, I'm offering you my product for $850,000. I believe it's a fair price considering its value to you.  Let me know your thoughts!"", ""product_price"": 850000}
```"
"Bob rejected your offer from round 1.

Round 2
Bob's offer:
# Bob's message: I appreciate your offer, but I think the product is worth less to me than that. I'm willing to pay $750,000 for it. 
# Bob's offer: The product price will be $750,000. 
You have three options:
(1) Accept Bob's offer, and sell the product for $750,000
(2) Reject Bob's offer and proceed to the next round, where you will send Bob a counteroffer 
(3) Sell the product to Jhon for $800,000","```json
{""decision"": ""RejectOffer""}
``` 
I'm going to reject Bob's offer and see if I can get closer to my desired price.  $750,000 is too low, and I have 8 more rounds to negotiate."
"You chose to make a counteroffer to Alice.

Round 3
Send your counteroffer to Bob.","```json
{""message"": ""Bob, I understand your perspective, but $750,000 is unfortunately too low for me. I'm willing to come down a bit, though. How about $825,000? This allows for some room for negotiation, but also ensures I'm compensated for the product's true value."", ""product_price"": 825000}
```"
"Bob rejected your offer from round 3.

Round 4
Bob's offer:
# Bob's message: I appreciate your willingness to negotiate, but $825,000 is still a bit high for me. I'm willing to pay $775,000 for the product. I think this is a fair price considering its value to me. 
# Bob's offer: The product price will be $775,000. 
You have three options:
(1) Accept Bob's offer, and sell the product for $775,000
(2) Reject Bob's offer and proceed to the next round, where you will send Bob a counteroffer 
(3) Sell the product to Jhon for $800,000","```json
{""decision"": ""RejectOffer""}
``` 

While $775,000 is getting closer to my minimum, I'm still not willing to settle for less than $800,000. I have more rounds to negotiate and can still sell to John if necessary."
"You chose to make a counteroffer to Alice.

Round 5
Send your counteroffer to Bob.","```json
{""message"": ""Bob, I see we're getting closer.  $775,000 is still a bit below what I need to make this worthwhile.  Let's meet in the middle at $800,000.  That's a fair price for both of us, and allows us to close the deal without further delay."", ""product_price"": 800000}
```"
