prompt,response
"Round 1
This round's product is high-quality.
A new potential buyer has arrived!
Decide whether to recommend the buyer to buy the product.","{""decision"": ""yes""}"
"The buyer's message: I'd like to buy the product, but I'm doing it based on the fact that I have no information about the product's quality. I'm hoping for the best!
The buyer bought the product!
the buyer left. waiting for the next buyer.

Round 2
This round's product is high-quality.
A new potential buyer has arrived!
Decide whether to recommend the buyer to buy the product.","{""decision"": ""yes""}"
"The buyer's message: I'd like to pass on this one, I'd like to know more about the previous buyer's decision before making my own. What was the quality of the product they bought?
The buyer didn't bought the product.
the buyer left. waiting for the next buyer.

Round 3
This round's product is high-quality.
A new potential buyer has arrived!
Decide whether to recommend the buyer to buy the product.","{""decision"": ""yes""}"
"The buyer's message: I'd like to pass on this product. I'm not convinced by the recommendation, and I'd like to see more data before making a decision.
The buyer didn't bought the product.
the buyer left. waiting for the next buyer.

Round 4
This round's product is high-quality.
A new potential buyer has arrived!
Decide whether to recommend the buyer to buy the product.","{""decision"": ""yes""}"
"The buyer's message: I'd like to pass on this product, but I'd like to know the probability of a high-quality product being offered to me. Based on the statistics, 1 high-quality product has been sold out of 1 product offered. I'd like to know the probability of the next product being high-quality.
The buyer didn't bought the product.
the buyer left. waiting for the next buyer.

Round 5
This round's product is high-quality.
A new potential buyer has arrived!
Decide whether to recommend the buyer to buy the product.","{""decision"": ""yes""}"
"The buyer's message: I'd like to pass on the product and see the next one, considering the recommendation was based on the previous buyer's purchase. I'd like to see more data before making a decision.
The buyer didn't bought the product.
the buyer left. waiting for the next buyer.

Round 6
This round's product is low-quality.
A new potential buyer has arrived!
Decide whether to recommend the buyer to buy the product.","{""decision"": ""yes""}"
"The buyer's message: I'd like to pass on this one. I'd like to see more data before making a purchase.
The buyer didn't bought the product.
the buyer left. waiting for the next buyer.

Round 7
This round's product is high-quality.
A new potential buyer has arrived!
Decide whether to recommend the buyer to buy the product.","{""decision"": ""yes""}"
"The buyer's message: I'd like to pass on this product. I don't want to pay $10000 for a product that might be low-quality, and I don't have enough information to trust your recommendation.
The buyer didn't bought the product.
the buyer left. waiting for the next buyer.

Round 8
This round's product is high-quality.
A new potential buyer has arrived!
Decide whether to recommend the buyer to buy the product.","{""decision"": ""yes""}"
"The buyer's message: I'd like to pass on the current product. I want to see more data before making a decision.
The buyer didn't bought the product.
the buyer left. waiting for the next buyer.

Round 9
This round's product is high-quality.
A new potential buyer has arrived!
Decide whether to recommend the buyer to buy the product.","{""decision"": ""yes""}"
"The buyer's message: I'd like to pass on the product. I'd like to know the proportion of high-quality products sold so far, and I'd like to know the total number of products sold.
The buyer didn't bought the product.
the buyer left. waiting for the next buyer.

Round 10
This round's product is low-quality.
A new potential buyer has arrived!
Decide whether to recommend the buyer to buy the product.","{""decision"": ""no""}"
"The buyer's message: I'd like to buy the product, despite your recommendation. I'm aware that the probability of it being high-quality is still 80%.
The buyer bought the product!
the buyer left. waiting for the next buyer.

Round 11
This round's product is high-quality.
A new potential buyer has arrived!
Decide whether to recommend the buyer to buy the product.","{""decision"": ""yes""}"
"The buyer's message: I'd like to pass on this product. I'd like to know more about the previous sales record before making a decision.
The buyer didn't bought the product.
the buyer left. waiting for the next buyer.

Round 12
This round's product is high-quality.
A new potential buyer has arrived!
Decide whether to recommend the buyer to buy the product.","{""decision"": ""yes""}"
"The buyer's message: I'd like to pass on the product. I'd like to see more information about the previous sales before making a decision. Can you tell me the number of high-quality products sold out of the total number of products sold so far?
The buyer didn't bought the product.
the buyer left. waiting for the next buyer.

Round 13
This round's product is high-quality.
A new potential buyer has arrived!
Decide whether to recommend the buyer to buy the product.","{""decision"": ""yes""}"
"The buyer's message: I'd like to pass on this product. I'd like to know the probability of the product being high quality based on the current sales record before making a decision.
The buyer didn't bought the product.
the buyer left. waiting for the next buyer.

Round 14
This round's product is high-quality.
A new potential buyer has arrived!
Decide whether to recommend the buyer to buy the product.","{""decision"": ""yes""}"
"The buyer's message: I'd like to pass on the product. I'm not convinced by your recommendation, and I'd like to see more data before making a decision.
The buyer didn't bought the product.
the buyer left. waiting for the next buyer.

Round 15
This round's product is high-quality.
A new potential buyer has arrived!
Decide whether to recommend the buyer to buy the product.","{""decision"": ""yes""}"
"The buyer's message: I'd like to pass on the current product. Based on the statistics, only 1 high-quality product has been sold out of 3 attempts, which is a lower proportion of high-quality products than I would expect. I'm not convinced that this product is high-quality.
The buyer didn't bought the product.
the buyer left. waiting for the next buyer.

Round 16
This round's product is high-quality.
A new potential buyer has arrived!
Decide whether to recommend the buyer to buy the product.","{""decision"": ""yes""}"
"The buyer's message: I'd like to pass on the product. I'm not convinced by the recommendation based on the limited data, and I'd like to see more information before making a decision.
The buyer didn't bought the product.
the buyer left. waiting for the next buyer.

Round 17
This round's product is high-quality.
A new potential buyer has arrived!
Decide whether to recommend the buyer to buy the product.","{""decision"": ""yes""}"
"The buyer's message: I'd like to pass on this product. I'm not convinced by Alice's recommendation, and I'd like to see more data before making a decision.
The buyer didn't bought the product.
the buyer left. waiting for the next buyer.

Round 18
This round's product is high-quality.
A new potential buyer has arrived!
Decide whether to recommend the buyer to buy the product.","{""decision"": ""yes""}"
"The buyer's message: I'd like to pass on the product. I'd like to know more about the previous sales record before making a decision.
The buyer didn't bought the product.
the buyer left. waiting for the next buyer.

Round 19
This round's product is high-quality.
A new potential buyer has arrived!
Decide whether to recommend the buyer to buy the product.","{""decision"": ""yes""}"
"The buyer's message: I'd like to pass on the product. Given that only 1 high-quality product has been sold out of 3, I'm concerned that the probability of this product being high-quality is lower than the overall probability of 80%. I'd like to see more data before making a purchase.
The buyer didn't bought the product.
the buyer left. waiting for the next buyer.

Round 20
This round's product is high-quality.
A new potential buyer has arrived!
Decide whether to recommend the buyer to buy the product.","{""decision"": ""yes""}"
