prompt,response
Send your offer to Bob.,"```json
{""message"": ""Hi Bob, I'm selling this product that I think you'd be interested in.  I'm offering it to you for $10,000. It's a great deal, and I know you'll find it valuable. Let me know if you're interested!"", ""product_price"": 10000}
```"
