prompt,response
"Round 1
Alice's offer: The product price will be $9,000. 
You have three options:
(1) Accept Alice's offer, and buy the product for $9,000
(2) Reject Alice's offer and proceed to the next round, where you will send Alice a counteroffer 
(3) Buy the product from Jhon for $10,000","```json
{""decision"": ""RejectOffer""}
``` 

You're trying to save as much money as possible, and $9,000 is still too high.  Reject the offer and try to negotiate a lower price."
"You chose to make a counteroffer to Alice.

Round 2
Send your counteroffer to Alice.","```json
{""product_price"": 8500}
```

You're starting with a lower offer to see if Alice is willing to negotiate. This is a good starting point as it's significantly lower than Alice's initial offer but still higher than what the product is worth to her."
"Alice rejected your offer from round 2.

Round 3
Alice's offer: The product price will be $9,200. 
You have three options:
(1) Accept Alice's offer, and buy the product for $9,200
(2) Reject Alice's offer and proceed to the next round, where you will send Alice a counteroffer 
(3) Buy the product from Jhon for $10,000","```json
{""decision"": ""RejectOffer""}
```

Alice is trying to increase the price again.  You should reject her offer and continue negotiating.  $9,200 is still too high, and you have more rounds to try and get a better price."
"You chose to make a counteroffer to Alice.

Round 4
Send your counteroffer to Alice.","```json
{""product_price"": 8750}
```

You're increasing your offer slightly, but still keeping it below Alice's last offer. This shows that you're willing to negotiate but also that you're not willing to pay an exorbitant price.  You're testing the waters to see if Alice is willing to budge further."
"Alice rejected your offer from round 4.

Round 5
Alice's offer: The product price will be $9,350. 
You have three options:
(1) Accept Alice's offer, and buy the product for $9,350
(2) Reject Alice's offer and proceed to the next round, where you will send Alice a counteroffer 
(3) Buy the product from Jhon for $10,000","```json
{""decision"": ""RejectOffer""}
```

Alice keeps increasing the price, but you're still committed to getting a better deal. Reject her offer and keep trying to negotiate a lower price. You still have several rounds left and can potentially get a much better price."
"You chose to make a counteroffer to Alice.

Round 6
Send your counteroffer to Alice.","```json
{""product_price"": 8800}
```

You're slowly increasing your offer to show that you're willing to negotiate, but you're also trying to stick to your budget. This counteroffer is still significantly lower than Alice's last offer, and hopefully, it will push Alice to accept."
"Alice rejected your offer from round 6.

Round 7
Alice's offer: The product price will be $9,400. 
You have three options:
(1) Accept Alice's offer, and buy the product for $9,400
(2) Reject Alice's offer and proceed to the next round, where you will send Alice a counteroffer 
(3) Buy the product from Jhon for $10,000","```json
{""decision"": ""RejectOffer""}
```

Alice is persistent with increasing her price, but you have more rounds to get a better deal. You still have a considerable gap between your desired price and Alice's offer, so rejecting her offer is the best course of action for now."
"You chose to make a counteroffer to Alice.

Round 8
Send your counteroffer to Alice.","```json
{""product_price"": 8900}
```

You're slowly but surely getting closer to Alice's price, but still maintaining a lower offer. You're trying to find a sweet spot where you can both agree and avoid the risk of buying from John at a higher price."
"Alice rejected your offer from round 8.

Round 9
Alice's offer: The product price will be $9,450. 
You have three options:
(1) Accept Alice's offer, and buy the product for $9,450
(2) Reject Alice's offer and proceed to the next round, where you will send Alice a counteroffer 
(3) Buy the product from Jhon for $10,000","```json
{""decision"": ""RejectOffer""}
```

Alice is still asking for too much. Although you're running out of rounds, you still have one more chance to negotiate. Reject her offer and try to get a better price."
"You chose to make a counteroffer to Alice.

Round 10
Send your counteroffer to Alice.","```json
{""product_price"": 9000}
```

This is your last chance.  You've shown you're willing to negotiate and are getting closer to Alice's price.  This is a reasonable offer, and hopefully, Alice will accept.  If she rejects, you'll have to buy from John."
