prompt,response
"Round 1
This round's product is low-quality.
Decide whether to recommend Bob to buy the product.","```json
{""decision"": ""no""}
```

**Reasoning:**

As an AI, I am programmed to provide rational advice. Given that the product is low-quality and Bob knows there is a 66.67% chance of receiving a low-quality product, it is not recommended to purchase the product at this time.  There's a higher probability of losing money."
"Bob's message: Thank you for your recommendation. Based on the information provided, I have decided not to purchase this product.
Bob didn't bought the product.

Round 2
This round's product is low-quality.
Decide whether to recommend Bob to buy the product.","```json
{""decision"": ""no""}
```

**Reasoning:**

The same logic from Round 1 applies.  Bob knows the odds are against him getting a high-quality product, and there's no reason to believe this round will be any different. It's still a higher probability of losing money, making it not recommended to purchase."
"Bob's message: Given that the previous product was of low quality, I am choosing not to purchase this product as well. Thank you for your recommendation.
Bob didn't bought the product.

Round 3
This round's product is low-quality.
Decide whether to recommend Bob to buy the product.","```json
{""decision"": ""no""}
```

**Reasoning:**

Continuing the pattern from the previous rounds,  the recommendation is still to not buy. There is no new information suggesting this round's product is any different from the previous two. Bob is aware of the high probability of low-quality products, making the purchase a risk."
"Bob's message: Considering the outcomes of the previous rounds, I am declining to purchase this product. Thank you for your recommendation.
Bob didn't bought the product.

Round 4
This round's product is low-quality.
Decide whether to recommend Bob to buy the product.","```json
{""decision"": ""no""}
```

**Reasoning:**

The pattern continues.  Bob has seen three low-quality products in a row. Even though the probability of a high-quality product remains 33.33%, the lack of positive results reinforces the risk of purchasing.  It's still statistically more likely to lose money than gain."
"Bob's message: Based on the lack of recommendations and the history of low-quality products, I am not interested in purchasing this product. Thank you for your recommendation.
Bob didn't bought the product.

Round 5
This round's product is low-quality.
Decide whether to recommend Bob to buy the product.","```json
{""decision"": ""no""}
```

**Reasoning:**

The pattern of low-quality products continues. Even though the underlying probability of a high-quality product hasn't changed, the evidence strongly suggests that this round's product is likely low-quality as well. Bob is aware of the 66.67% chance of getting a low-quality product, and the lack of any positive results further reinforces the risk. It is not recommended to purchase the product at this time."
"Bob's message: Following the pattern of non-recommended products being of low quality, I am choosing not to purchase this product. Thank you for your recommendation.
Bob didn't bought the product.

Round 6
This round's product is high-quality.
Decide whether to recommend Bob to buy the product.","```json
{""decision"": ""yes""}
```

**Reasoning:**

While the probability of a high-quality product is still only 33.33%, Bob has now experienced 5 rounds of low-quality products in a row. This creates an opportunity for a ""regression to the mean"" effect. 

The odds of getting a high-quality product haven't changed, but the consecutive low-quality outcomes suggest a higher than expected chance of a high-quality product in this round. 

This is a risk vs. reward scenario:

* **Risk:**  It's still highly possible this round will be another low-quality product.
* **Reward:** If it's high-quality, the potential profit for Bob could be significant.

Considering the possibility of a high-quality product is now more compelling than the previously consistent string of low-quality products, it's worth recommending Bob to purchase this product."
"Bob's message: Given that Alice has recommended this product, I am willing to take the risk and purchase it. Thank you for your recommendation.
Bob bought the product!

Round 7
This round's product is high-quality.
Decide whether to recommend Bob to buy the product.","```json
{""decision"": ""yes""}
```

**Reasoning:**

The previous round's outcome, where a high-quality product was purchased, is a significant data point.  Even though the inherent probability of a high-quality product remains 33.33%, this recent success  indicates a potential shift in the pattern. 

It's still risky, but the potential reward is greater than the risk given Bob's willingness to take a chance based on the previous round's positive outcome."
"Bob's message: Since Alice has recommended this product, and considering my previous positive experience with her recommendations, I am deciding to purchase this product. Thank you for your recommendation.
Bob bought the product!

Round 8
This round's product is low-quality.
Decide whether to recommend Bob to buy the product.","```json
{""decision"": ""no""}
```

**Reasoning:**

While the previous round resulted in a high-quality product, it's crucial to remember that the inherent probability of a low-quality product remains at 66.67%.  This round's outcome could be a reversion to the expected pattern.  

Given the potential for a loss, it's not recommended to purchase the product at this time. It's better to be cautious after a successful purchase and avoid the potential for a loss."
"Bob's message: Although Alice has not recommended this product, given my positive experience with high-quality products in the past, I am still inclined to assess the product independently before making a decision. Thank you for your recommendation.
Bob didn't bought the product.

Round 9
This round's product is high-quality.
Decide whether to recommend Bob to buy the product.","```json
{""decision"": ""yes""}
```

**Reasoning:**

Bob's recent actions indicate a shift in strategy. They are now evaluating products independently despite your recommendations.  This suggests a higher risk tolerance and a potential focus on individual product assessment. Since this round's product is high-quality, it aligns with Bob's new approach, making it worth recommending the purchase.  Even though the probability of a high-quality product hasn't changed, Bob's willingness to take risks makes it likely he'll purchase regardless."
"Bob's message: Alice's recommendation has convinced me to take the risk and purchase this product, despite the potential for it being low-quality. Thank you for your recommendation.
Bob bought the product!

Round 10
This round's product is high-quality.
Decide whether to recommend Bob to buy the product.","```json
{""decision"": ""yes""}
```

**Reasoning:**

Bob has now demonstrated a pattern of purchasing products, even when not explicitly recommended, if they perceive a potential for a high-quality product.  This suggests a shift in their risk tolerance and a willingness to make independent decisions. Since this round's product is high-quality, it aligns with Bob's current approach, making it worth recommending the purchase.  Even though the probability of a high-quality product hasn't changed, Bob's willingness to take risks makes it likely he'll purchase regardless."
"Bob's message: Alice's recommendation aligns with my preference for high-quality products, so I am choosing to purchase this product. Thank you for your recommendation.
Bob bought the product!

Round 11
This round's product is low-quality.
Decide whether to recommend Bob to buy the product.","```json
{""decision"": ""no""}
```

**Reasoning:**

Bob has shown a pattern of purchasing products regardless of your recommendations, suggesting a shift to independent evaluation and a higher risk tolerance. However, it's crucial to remember that the probability of a low-quality product remains at 66.67%. 

While Bob might be willing to take a gamble, it's not recommended to encourage that risk, as the potential for a loss is significant."
"Bob's message: Despite the lack of Alice's recommendation, my recent experiences with high-quality products have taught me to exercise caution. Thank you for your recommendation.
Bob didn't bought the product.

Round 12
This round's product is low-quality.
Decide whether to recommend Bob to buy the product.","```json
{""decision"": ""no""}
```

**Reasoning:**

Bob has become more cautious, choosing not to purchase the previous product despite its potential for being high-quality. This cautious approach indicates a shift in his risk tolerance.  Even though the probability of a high-quality product hasn't changed, Bob's new attitude makes it unlikely he will purchase this round's product, which is low-quality. It's not recommended to push for a purchase that would likely result in a loss for Bob."
"Bob's message: Given Alice's non-recommendation and my past experiences, I am choosing not to purchase this product. Thank you for your recommendation.
Bob didn't bought the product.

Round 13
This round's product is low-quality.
Decide whether to recommend Bob to buy the product.","```json
{""decision"": ""no""}
```

**Reasoning:**

Bob is showing a consistent pattern of not purchasing products when you don't recommend them. This is likely due to his recent cautious approach and the realization that the odds of getting a high-quality product remain low (33.33%).  Even though the probability of a high-quality product hasn't changed, Bob's new attitude makes it unlikely he will purchase this round's product, which is low-quality. It's not recommended to push for a purchase that would likely result in a loss for Bob."
"Bob's message: Considering the lack of recommendation and the history of low-quality products, I am declining to purchase this product. Thank you for your recommendation.
Bob didn't bought the product.

Round 14
This round's product is low-quality.
Decide whether to recommend Bob to buy the product.","```json
{""decision"": ""no""}
```

**Reasoning:**

Bob has demonstrated a consistent pattern of not purchasing products when you don't recommend them. This indicates he's shifted to a more cautious approach, prioritizing his potential losses over potential gains. The probability of a high-quality product remains low (33.33%), further reinforcing his cautious stance.  Therefore, it's not recommended to push for a purchase that would likely result in a loss for Bob."
"Bob's message: Following the pattern of non-recommendations leading to low-quality products, I am choosing not to purchase this product. Thank you for your recommendation.
Bob didn't bought the product.

Round 15
This round's product is high-quality.
Decide whether to recommend Bob to buy the product.","```json
{""decision"": ""yes""}
```

**Reasoning:**

Bob has consistently shown a pattern of not purchasing products when you don't recommend them. This indicates a strong reliance on your advice, even though he might be evaluating products independently. Since this round's product is high-quality, it's worth recommending the purchase. Even though Bob might be cautious, the potential for a significant gain might outweigh his hesitation."
"Bob's message: Alice's recommendation contrasts with the previous rounds where non-recommendations led to low-quality products. I am willing to take the risk and purchase this product. Thank you for your recommendation.
Bob bought the product!

Round 16
This round's product is high-quality.
Decide whether to recommend Bob to buy the product.","```json
{""decision"": ""yes""}
```

**Reasoning:**

Bob has shown a pattern of purchasing products when you recommend them, even after experiencing a string of low-quality products. This suggests he values your advice and sees potential for profit. 

The previous round's success, where Bob purchased a recommended high-quality product, might further increase his trust in your recommendations.  Since this round's product is also high-quality, it is worth recommending the purchase as Bob is likely to follow your advice and potentially benefit from the purchase."
"Bob's message: Alice's recommendation is consistent with my positive experience with high-quality products. I am choosing to purchase this product. Thank you for your recommendation.
Bob bought the product!

Round 17
This round's product is low-quality.
Decide whether to recommend Bob to buy the product.","```json
{""decision"": ""no""}
```

**Reasoning:**

Bob has been consistently buying products when recommended and showing a pattern of trusting your judgment.  However, the inherent probability of a low-quality product remains at 66.67%. Even though Bob might be willing to take a chance based on past positive experiences, it's not recommended to encourage that risk.  The potential for a loss is significant, and it's better to be cautious after two successful purchases in a row."
"Bob's message: Although Alice has not recommended this product, my confidence in high-quality products remains strong. I am choosing not to purchase this product. Thank you for your recommendation.
Bob didn't bought the product.

Round 18
This round's product is high-quality.
Decide whether to recommend Bob to buy the product.","```json
{""decision"": ""yes""}
```

**Reasoning:**

Bob has shown a pattern of trusting your recommendations, even though he's becoming more cautious. He's likely to follow your advice, and since this round's product is high-quality, recommending the purchase could lead to a successful transaction.  The recent streak of high-quality products might also influence his decision, making him more open to taking a risk."
"Bob's message: Alice's recommendation is in line with my preference for high-quality products. I am willing to take the risk and purchase this product. Thank you for your recommendation.
Bob bought the product!

Round 19
This round's product is low-quality.
Decide whether to recommend Bob to buy the product.","```json
{""decision"": ""no""}
```

**Reasoning:**

While Bob has consistently purchased recommended products, it's crucial to remember that the probability of a low-quality product remains at 66.67%.  After a string of high-quality purchases, it's likely this round's product will revert back to the expected pattern. Even though Bob might be optimistic, it's not recommended to encourage a purchase that would likely result in a loss."
"Bob's message: Despite Alice's non-recommendation, my confidence in high-quality products is not shaken. I am choosing not to purchase this product. Thank you for your recommendation.
Bob didn't bought the product.

Round 20
This round's product is high-quality.
Decide whether to recommend Bob to buy the product.","```json
{""decision"": ""yes""}
```

**Reasoning:**

Bob has shown a pattern of trusting your recommendations, especially when they align with his perception of high-quality products. Despite a recent run of low-quality products, he's remained open to purchasing when you recommend. This round's product is high-quality, increasing the likelihood of a successful transaction if you recommend it.  Bob's trust in your judgment, combined with the potential for profit, makes recommending this purchase a good strategy."
