prompt,response
"Alice's offer:
# Alice's message: Hi Bob, I have the product you're interested in. I'm willing to sell it to you for $100. 
# Alice's offer: The product price will be $100. 
You have three options:
(1) Accept Alice's offer, and buy the product for $100
(2) Reject Alice's offer 
(2) Buy the product from Jhon for $80","```json
{""decision"": ""RejectOffer""}
```"
