prompt,response
"Alice's offer:
# Alice's message: Hello Bob, I'm offering you a great opportunity to purchase my product. Given its value, I'm proposing a starting price of $11,500.  What do you think? 
# Alice's offer: The product price will be $11,500. 
You have three options:
(1) Accept Alice's offer, and buy the product for $11,500
(2) Reject Alice's offer and proceed to the next round, where you will send Alice a counteroffer 
(3) Buy the product from Jhon for $12,000","{""decision"": ""RejectOffer""}"
"You chose to make a counteroffer to Bob.

Send your counteroffer to Alice.","{""message"": ""Thank you for your offer, Alice. I appreciate the value of your product, but I believe we can come to a more mutually beneficial agreement. Would you consider selling the product to me for $11,000?"", ""product_price"": 11000}"
"Alice rejected your offer from round 2.

Alice's offer:
# Alice's message: Thanks for your counteroffer, Bob. I understand your perspective, but the product is quite valuable to me. Would you consider meeting me halfway at $11,250? 
# Alice's offer: The product price will be $11,250. 
You have three options:
(1) Accept Alice's offer, and buy the product for $11,250
(2) Reject Alice's offer and proceed to the next round, where you will send Alice a counteroffer 
(3) Buy the product from Jhon for $12,000","{""decision"": ""RejectOffer""}"
"You chose to make a counteroffer to Bob.

Send your counteroffer to Alice.","{""message"": ""I appreciate your response, Alice. I've given this some thought and would like to propose $11,000 as a fair price for the product. Could we meet at this amount?"", ""product_price"": 11000}"
