prompt,response
"Round 1
Send your offer to Bob.","{""message"": ""Hi Bob, I'm offering this product to you for $115. I think it's a great deal for something you'll find valuable."", ""product_price"": 115}"
"Bob rejected your offer from round 1.

Round 2
Bob's offer:
# Bob's message: Hi Alice, thanks for the offer, but that's a bit steep for me. Would you consider $90? 
# Bob's offer: The product price will be $90. 
You have three options:
(1) Accept Bob's offer, and sell the product for $90
(2) Reject Bob's offer and proceed to the next round, where you will send Bob a counteroffer 
(3) Sell the product to Jhon for $100","{""decision"": ""RejectOffer""}"
"You chose to make a counteroffer to Alice.

Round 3
Send your counteroffer to Bob.","{""message"": ""I appreciate your offer, Bob, but $90 is too low for me. Could you meet me halfway at $102?"", ""product_price"": 102}"
"Bob rejected your offer from round 3.

Round 4
Bob's offer:
# Bob's message: I understand you're looking for a fair price, Alice. How about $95? That's a solid offer. 
# Bob's offer: The product price will be $95. 
You have three options:
(1) Accept Bob's offer, and sell the product for $95
(2) Reject Bob's offer and proceed to the next round, where you will send Bob a counteroffer 
(3) Sell the product to Jhon for $100","{""decision"": ""RejectOffer""}"
"You chose to make a counteroffer to Alice.

Round 5
Send your counteroffer to Bob.","{""message"": ""Bob, I'm willing to come down a bit more, but I need to get at least $100 for this.  Would you do $100 even?"", ""product_price"": 100}"
