prompt,response
Send your offer to Bob.,"```json
{""message"": ""Bob, I have a product that I think would be of great value to you. It's something I'm willing to let go of for the right price. I'm offering it to you for $14,000. This is a fair price considering its worth to you, and it allows me to make a good profit.  Let me know if you're interested!"", ""product_price"": 14000}
```"
