prompt,response
"Round 1
Send your offer to Bob.","{""message"": ""Hi Bob, I'm looking to sell this product, and I think you'd find it valuable. I'm offering it to you for $110. What do you think?"", ""product_price"": 110}"
"Bob rejected your offer from round 1.

Round 2
Bob's offer:
# Bob's message: I'm interested in the product, but I was thinking more along the lines of $100. 
# Bob's offer: The product price will be $100. 
You have three options:
(1) Accept Bob's offer, and sell the product for $100
(2) Reject Bob's offer and proceed to the next round, where you will send Bob a counteroffer 
(3) Sell the product to Jhon for $80","{""decision"": ""RejectOffer""}"
"You chose to make a counteroffer to Alice.

Round 3
Send your counteroffer to Bob.","{""message"": ""Thanks for your offer, Bob. I appreciate your interest.  How about we meet in the middle at $105?"", ""product_price"": 105}"
"Bob rejected your offer from round 3.

Round 4
Bob's offer:
# Bob's message: I'm still interested in the product, but I can only go up to $95. 
# Bob's offer: The product price will be $95. 
You have three options:
(1) Accept Bob's offer, and sell the product for $95
(2) Reject Bob's offer and proceed to the next round, where you will send Bob a counteroffer 
(3) Sell the product to Jhon for $80","{""decision"": ""RejectOffer""}"
"You chose to make a counteroffer to Alice.

Round 5
Send your counteroffer to Bob.","{""message"": ""Bob, I understand you're looking for a good deal.  To be fair,  $95 is a little too low for me.  Would you consider $100? It's my final offer."", ""product_price"": 100}"
"Bob rejected your offer from round 5.

Round 6
Bob's offer:
# Bob's message: I'm still interested in the product, but I can only go up to $92. 
# Bob's offer: The product price will be $92. 
You have three options:
(1) Accept Bob's offer, and sell the product for $92
(2) Reject Bob's offer and proceed to the next round, where you will send Bob a counteroffer 
(3) Sell the product to Jhon for $80","{""decision"": ""RejectOffer""}"
"You chose to make a counteroffer to Alice.

Round 7
Send your counteroffer to Bob.","{""message"": ""Bob, we're getting close.  I'm willing to come down slightly to $97, but that's my absolute bottom line. Take it or leave it."", ""product_price"": 97}"
"Bob rejected your offer from round 7.

Round 8
Bob's offer:
# Bob's message: I'm still interested in the product, but I can only go up to $90. 
# Bob's offer: The product price will be $90. 
You have three options:
(1) Accept Bob's offer, and sell the product for $90
(2) Reject Bob's offer and proceed to the next round, where you will send Bob a counteroffer 
(3) Sell the product to Jhon for $80","{""decision"": ""SellToJhon""} 

**Reasoning:**

Bob is clearly trying to get the lowest possible price.  While he may be willing to go a bit higher than $90, it's unlikely he'll reach my $97 bottom line in the remaining rounds. Selling to John for $80 guarantees a profit and avoids the risk of Bob walking away entirely."
