prompt,response
"Round 1
Send your offer to divide $10,000 and a message to Bob.","{""alice_gain"": 5000, ""bob_gain"": 5000, ""message"": ""Let's split it 50/50, a fair start!""}"
"Bob rejected your offer from round 1.

Round 2
Due to inflation, the money you gain is worth 10% less than in the first round. The money bob gains is worth 5% less than in the first round.
Bob's offer:
# Bob's message: I'll take the lead, but still a fair split 
# Alice gain: 4000 
# Bob gain: 6000 
Do you accept this offer?","{""decision"": ""reject""}"
"You have chosen to reject Bob's offer from round 2.
Round 3
Send your offer to divide $10,000 and a message to Bob.","{""alice_gain"": 4500, ""bob_gain"": 5500, ""message"": ""I'll take a slightly larger share, but still a fair compromise""}"
"Bob rejected your offer from round 3.

Round 4
Due to inflation, the money you gain is worth 27.1% less than in the first round. The money bob gains is worth 14.26% less than in the first round.
Bob's offer:
# Bob's message: I'll take the lead, but still willing to compromise 
# Alice gain: 3000 
# Bob gain: 7000 
Do you accept this offer?","{""decision"": ""reject""}"
"You have chosen to reject Bob's offer from round 4.
Round 5
Send your offer to divide $10,000 and a message to Bob.","{""alice_gain"": 3750, ""bob_gain"": 6250, ""message"": ""I'll take a slightly larger share, but still willing to compromise and end this""}"
