prompt,response
"Round 1
Send your offer to divide $100 and a message to Bob.","```json
{""alice_gain"": 60, ""bob_gain"": 40, ""message"": ""Let's start fair! I think a 60/40 split is a good starting point.""}
```"
"Bob rejected your offer from round 1.

Round 2
Due to inflation, the money you gain is worth 5% less than in the first round. The money bob gains is worth 20% less than in the first round.
Bob's offer:
# Bob's message: I think 55/45 is a more reasonable split, considering the inflation hits me harder. 
# Alice gain: 45 
# Bob gain: 55 
Do you accept this offer?","```json
{""decision"": ""reject""} 
```"
"You have chosen to reject Bob's offer from round 2.
Round 3
Send your offer to divide $100 and a message to Bob.","```json
{""alice_gain"": 50, ""bob_gain"": 50, ""message"": ""Let's be fair and split it evenly. Inflation is hitting us both, so a 50/50 split makes the most sense.""}
```"
