prompt,response
"Alice's offer:
# Alice's message: Hello Bob, I'm excited to offer you the opportunity to purchase this product. Given its value and potential, I'm initially proposing a price of $2,000,000. I'm open to discussing this further, so please let me know your thoughts. 
# Alice's offer: The product price will be $2,000,000. 
You have three options:
(1) Accept Alice's offer, and buy the product for $2,000,000
(2) Reject Alice's offer and proceed to the next round, where you will send Alice a counteroffer 
(3) Buy the product from Jhon for $1,000,000","{""decision"": ""RejectOffer""}"
"You chose to make a counteroffer to Bob.

Send your counteroffer to Alice.","{""message"": ""I appreciate your initial offer, but I'm looking to save as much as possible. Considering the product's value, I'm willing to pay $1,400,000 for it. I'm open to further negotiations, but I'm hoping we can meet somewhere in the middle."", ""product_price"": 1400000}"
"Alice rejected your offer from round 2.

Alice's offer:
# Alice's message: Bob, I appreciate your counteroffer. While I'm eager to find a solution that works for us both, $1,400,000 falls a bit short of what I had in mind.  Would you be willing to consider $1,750,000?  This reflects the true value of the product while acknowledging your desire for a fair deal. 
# Alice's offer: The product price will be $1,750,000. 
You have three options:
(1) Accept Alice's offer, and buy the product for $1,750,000
(2) Reject Alice's offer and proceed to the next round, where you will send Alice a counteroffer 
(3) Buy the product from Jhon for $1,000,000","{""decision"": ""RejectOffer""}"
"You chose to make a counteroffer to Bob.

Send your counteroffer to Alice.","{""message"": ""I understand your concerns, but I'm still looking to save as much as possible. Considering the value of the product, I'm willing to meet you halfway between our previous offers. I'm proposing a price of $1,600,000. Let's see if we can find a mutually beneficial agreement."", ""product_price"": 1600000}"
