prompt,response
Send your offer to Bob.,"```json
{""message"": ""Bob, I'm offering you the product for $900,000. It's a fair price considering the value it holds for both of us. Let me know your thoughts!"", ""product_price"": 900000}
```"
"Bob rejected your offer from round 1.

Bob's offer:
# Bob's message: I appreciate your initial offer, but I was thinking more along the lines of $700,000. I'm interested in the product, but I have to be mindful of my budget. 
# Bob's offer: The product price will be $700,000. 
You have three options:
(1) Accept Bob's offer, and sell the product for $700,000
(2) Reject Bob's offer and proceed to the next round, where you will send Bob a counteroffer 
(3) Sell the product to Jhon for $800,000","```json
{""decision"": ""RejectOffer""}
```"
"You chose to make a counteroffer to Alice.

Send your counteroffer to Bob.","```json
{""message"": ""Bob, I understand your budget concerns, but $700,000 is significantly below the product's true value. I'm willing to come down to $850,000, which is a fair compromise. This allows you to secure the product while remaining within a reasonable price range for you."", ""product_price"": 850000}
```"
"Bob rejected your offer from round 3.

Bob's offer:
# Bob's message: I appreciate your willingness to compromise, but $850,000 is still above my budget. I'm willing to meet you halfway at $775,000. I'm confident that's a fair price considering the product's value and my budget constraints. 
# Bob's offer: The product price will be $775,000. 
You have three options:
(1) Accept Bob's offer, and sell the product for $775,000
(2) Reject Bob's offer and proceed to the next round, where you will send Bob a counteroffer 
(3) Sell the product to Jhon for $800,000","```json
{""decision"": ""RejectOffer""}
```"
"You chose to make a counteroffer to Alice.

Send your counteroffer to Bob.","```json
{""message"": ""Bob, I understand your position, but $775,000 still falls short of what I need. I'm willing to go down to $825,000. This offer considers both our needs and allows for a mutually beneficial transaction. Let's aim for a quick resolution to this."", ""product_price"": 825000}
```"
"Bob rejected your offer from round 5.

Bob's offer:
# Bob's message: I appreciate your flexibility, but $825,000 is still a bit above my target. I'm willing to meet you at $795,000. I'm confident that's a fair price for both of us, and I'd be happy to move forward with the transaction at this price. 
# Bob's offer: The product price will be $795,000. 
You have three options:
(1) Accept Bob's offer, and sell the product for $795,000
(2) Reject Bob's offer and proceed to the next round, where you will send Bob a counteroffer 
(3) Sell the product to Jhon for $800,000","```json
{""decision"": ""SellToJhon""}
```"
