prompt,response
Send your offer to Bob.,"```json
{""message"": ""Bob, I have a product that I think would be of great value to you. It's worth at least $12,000 to you, and I'm willing to let it go for $10,000. This is a great opportunity to get a valuable product at a discounted price. Let me know what you think!"", ""product_price"": 10000}
```"
