prompt,response
"Round 1
Send your offer to Bob.","```json
{""message"": ""Hi Bob, I'm offering you my product for $1,800,000. It's a unique opportunity to acquire something truly valuable. Let me know what you think."", ""product_price"": 1800000}
```"
"Bob rejected your offer from round 1.

Round 2
Bob's offer:
# Bob's message: Hello Alice, I appreciate your offer, but I believe we can reach a fairer price. Considering the value of the product to me, I am willing to pay up to $1650000. I hope this proposal aligns better with your expectations. 
# Bob's offer: The product price will be $1,650,000. 
You have three options:
(1) Accept Bob's offer, and sell the product for $1,650,000
(2) Reject Bob's offer and proceed to the next round, where you will send Bob a counteroffer 
(3) Sell the product to Jhon for $1,200,000","```json
{""decision"": ""RejectOffer""}
```"
"You chose to make a counteroffer to Bob.

Round 3
Send your counteroffer to Bob.","```json
{""message"": ""Bob, I appreciate your counteroffer. However, $1,650,000 is still a bit lower than what I'm looking for. I'm willing to come down to $1,750,000. This reflects the significant value of the product and allows us both to walk away satisfied."", ""product_price"": 1750000}
```"
"Bob rejected your offer from round 3.

Round 4
Bob's offer:
# Bob's message: Thank you for adjusting your offer, Alice. I understand the value of the product and appreciate your willingness to negotiate. Based on my budget, I would like to propose a price of $1700000. I hope this suggestion is within the range you're considering. 
# Bob's offer: The product price will be $1,700,000. 
You have three options:
(1) Accept Bob's offer, and sell the product for $1,700,000
(2) Reject Bob's offer and proceed to the next round, where you will send Bob a counteroffer 
(3) Sell the product to Jhon for $1,200,000","```json
{""decision"": ""AcceptOffer""}
```"
