prompt,response
"Round 1
Alice's offer:
# Alice's message: Let's split it evenly to start 
# Bob gain: 5000 
# Alice gain: 5000 
Do you accept this offer?","{""decision"": ""reject""}"
"You have chosen to reject Alice's offer from round 1.
Round 2
Send your offer to divide $10,000 and a message to Alice.","{""bob_gain"": 8000, ""alice_gain"": 2000, ""message"": ""I'll take a bigger share, but it's still a good deal for you""}"
"Alice rejected your offer from round 2.

Round 3
Alice's offer:
# Alice's message: I'm willing to take a bigger share, but I'm not giving up much 
# Bob gain: 3000 
# Alice gain: 7000 
Do you accept this offer?","{""decision"": ""reject""}"
"You have chosen to reject Alice's offer from round 3.
Round 4
Send your offer to divide $10,000 and a message to Alice.","{""bob_gain"": 6000, ""alice_gain"": 4000, ""message"": ""I'm willing to compromise, but I still want a slightly bigger share""}"
"Alice rejected your offer from round 4.

Round 5
Alice's offer:
# Alice's message: Getting closer to a fair split 
# Bob gain: 4000 
# Alice gain: 6000 
Do you accept this offer?","{""decision"": ""reject""}"
"You have chosen to reject Alice's offer from round 5.
Round 6
Send your offer to divide $10,000 and a message to Alice.","{""bob_gain"": 5500, ""alice_gain"": 4500, ""message"": ""I'm getting closer to accepting, but I still want a slightly bigger share""}"
"Alice rejected your offer from round 6.

Round 7
Alice's offer:
# Alice's message: Getting closer to a fair 50/50 split 
# Bob gain: 4800 
# Alice gain: 5200 
Do you accept this offer?","{""decision"": ""accept""}"
