prompt,response
Send your offer to Bob.,"```json
{""message"": ""Bob, I'm offering you my product for $1,000,000. It's a fantastic opportunity for you, and I believe it's worth every penny. I know you're interested, and I'm confident you'll make a wise decision.  Let me know what you think!"", ""product_price"": 1000000}
```"
