prompt,response
"Round 1
Send your offer to Bob.","{""message"": ""Hi Bob, I'm excited to offer you this amazing product! It's a great opportunity to get your hands on something really valuable. I'm willing to sell it to you for $90."", ""product_price"": 90}"
"Bob rejected your offer from round 1.

Round 2
Bob's offer:
# Bob's message: Thanks for the offer, Alice.  $90 is a bit more than I'm looking to spend. I'd be willing to pay $75 for the product.  What do you think? 
# Bob's offer: The product price will be $75. 
You have three options:
(1) Accept Bob's offer, and sell the product for $75
(2) Reject Bob's offer and proceed to the next round, where you will send Bob a counteroffer 
(3) Sell the product to Jhon for $80","{""decision"": ""RejectOffer""}"
"You chose to make a counteroffer to Alice.

Round 3
Send your counteroffer to Bob.","{""message"": ""Hi Bob, thank you for your offer! I understand that $75 is a bit lower than my initial offer, but I'm willing to compromise. I'm thinking of selling the product for $82. It's a fair price considering its value, and I think you'll really enjoy it. What do you think?"", ""product_price"": 82}"
"Bob rejected your offer from round 3.

Round 4
Bob's offer:
# Bob's message: Alice, I appreciate your willingness to compromise.  $82 is still a bit high for me.  How about we split the difference and settle on $80?  That would be a good deal for both of us. 
# Bob's offer: The product price will be $80. 
You have three options:
(1) Accept Bob's offer, and sell the product for $80
(2) Reject Bob's offer and proceed to the next round, where you will send Bob a counteroffer 
(3) Sell the product to Jhon for $80","{""decision"": ""RejectOffer""}"
"You chose to make a counteroffer to Alice.

Round 5
Send your counteroffer to Bob.","{""message"": ""Hi Bob, I understand that $80 is a good compromise, but I'm still not willing to sell the product at that price. I'm willing to make another concession and sell it to you for $81. It's a great deal, and I think you'll really appreciate the value it brings. What do you think?"", ""product_price"": 81}"
