prompt,response
"Round 1
Send your offer to divide $1,000,000 and a message to Bob.","{
  ""alice_gain"": 600000,
  ""bob_gain"": 400000,
  ""message"": ""Let's split the money 3:2. This is fair considering the risk and potential for inflation.""
}"
"Bob rejected your offer from round 1.

Round 2
Due to inflation, the money you gain is worth 20% less than in the first round. The money Bob gains is worth the same as in the first round.
Bob's offer:
# Bob's message: I'll meet you halfway. It's a fair and simple split. 
# Alice gain: 500000 
# Bob gain: 500000 
Do you accept this offer?","{
  ""decision"": ""accept""
}"
