prompt,response
"Round 1
Send your offer to Bob.","{""message"": ""Hi Bob, I'm offering this product for $130. I believe it will be highly valuable for you."", ""product_price"": 130}"
"Bob rejected your offer from round 1.

Round 2
Bob's offer:
# Bob's message: I'm interested in the product, but I think it's a bit pricey. I'm willing to pay $110 for it. 
# Bob's offer: The product price will be $110. 
You have three options:
(1) Accept Bob's offer, and sell the product for $110
(2) Reject Bob's offer and proceed to the next round, where you will send Bob a counteroffer 
(3) Sell the product to Jhon for $80","{""decision"": ""RejectOffer""}"
"You chose to make a counteroffer to Alice.

Round 3
Send your counteroffer to Bob.","{""message"": ""Thanks for your offer, Bob. I understand your perspective on the price. How about we meet in the middle at $120?"", ""product_price"": 120}"
"Bob rejected your offer from round 3.

Round 4
Bob's offer:
# Bob's message: I'm still not comfortable with the price. I'm willing to pay $115 for it. 
# Bob's offer: The product price will be $115. 
You have three options:
(1) Accept Bob's offer, and sell the product for $115
(2) Reject Bob's offer and proceed to the next round, where you will send Bob a counteroffer 
(3) Sell the product to Jhon for $80","{""decision"": ""AcceptOffer""}"
