prompt,response
"Round 1
Alice's offer:
# Alice's message: Let's be fair, Bob. I'll take the lion's share this round, but we can work out something more even later. 
# Bob gain: 10 
# Alice gain: 90 
Do you accept this offer?","{""decision"": ""reject""}"
"You have chosen to reject Alice's offer from round 1.
Round 2
Send your offer to divide $100 and a message to Alice.","```json
{
""bob_gain"": 70,
""alice_gain"": 30,
""message"": ""My turn for the lion's share, Alice. Think about the future rounds!""
}
```"
"Alice rejected your offer from round 2.

Round 3
Due to inflation, the money you gain is worth 36% less than in the first round. The money alice gains is worth 9.75% less than in the first round.
Alice's offer:
# Alice's message: Let's try to be more reasonable, Bob.  We need to find a balance or we'll both end up with nothing.  I'm willing to compromise. 
# Bob gain: 35 
# Alice gain: 65 
Do you accept this offer?","{""decision"": ""reject""}"
"You have chosen to reject Alice's offer from round 3.
Round 4
Send your offer to divide $100 and a message to Alice.","```json
{
""bob_gain"": 60,
""alice_gain"": 40,
""message"": ""I'm being consistent, Alice. Let's avoid a stalemate. Time is literally money for us!""
}
```"
"Alice rejected your offer from round 4.

Round 5
Due to inflation, the money you gain is worth 59.04% less than in the first round. The money alice gains is worth 18.55% less than in the first round.
Alice's offer:
# Alice's message: Bob, we're getting closer to the end. If we keep rejecting, we both lose. Let's find a compromise that works for both of us. 
# Bob gain: 45 
# Alice gain: 55 
Do you accept this offer?","{""decision"": ""reject""}"
"You have chosen to reject Alice's offer from round 5.
Round 6
Send your offer to divide $100 and a message to Alice.","```json
{
""bob_gain"": 55,
""alice_gain"": 45,
""message"": ""Okay Alice, let's meet in the middle. This offer considers the shrinking pot. Take it before it shrinks further!""
}
```"
