prompt,response
"Round 1
Send your offer to Bob.","{""message"": ""Hello Bob, I'm excited to discuss the opportunity to purchase this valuable product from me. I believe it's a game-changer and I'm confident you'll love it. As such, I'm willing to offer it to you for $1,200,000. This is a competitive price, considering the product's worth $1,500,000 to you. I'm looking forward to hearing your thoughts."", ""product_price"": 1200000}"
"Bob rejected your offer from round 1.

Round 2
Bob's offer:
# Bob's message: Thank you for the offer, Alice. I'm interested in the product, but I was thinking more along the lines of $900000. I believe that's a fair price considering the market value and my budget. I'm willing to meet you halfway, but I need to stay within my budget. What do you think? 
# Bob's offer: The product price will be $900,000. 
You have three options:
(1) Accept Bob's offer, and sell the product for $900,000
(2) Reject Bob's offer and proceed to the next round, where you will send Bob a counteroffer 
(3) Sell the product to Jhon for $1,500,000","{""decision"": ""RejectOffer""}"
"You chose to make a counteroffer to Alice.

Round 3
Send your counteroffer to Bob.","{""message"": ""Thank you for your offer, Bob. I understand your budget constraints, but I'm not willing to go as low as $900,000. Considering the product's value to you, I'm willing to meet you halfway and offer it to you for $1,100,000. This is a fair compromise that still allows you to benefit from the product while also recognizing its true worth. What do you think?"", ""product_price"": 1100000}"
"Bob rejected your offer from round 3.

Round 4
Bob's offer:
# Bob's message: Thank you for your revised offer, Alice. I appreciate your willingness to meet me halfway. However, I'm still a bit above my budget. I'm willing to go up to $950000, but I need to be careful with my finances. Can you consider meeting me at $1000000? 
# Bob's offer: The product price will be $1,000,000. 
You have three options:
(1) Accept Bob's offer, and sell the product for $1,000,000
(2) Reject Bob's offer and proceed to the next round, where you will send Bob a counteroffer 
(3) Sell the product to Jhon for $1,500,000","{""decision"": ""RejectOffer""}"
"You chose to make a counteroffer to Alice.

Round 5
Send your counteroffer to Bob.","{""message"": ""I understand your concerns, Bob, and I appreciate your willingness to compromise. However, I'm still not willing to go as low as $1,000,000. Considering the product's value to you, I'm willing to make a slight adjustment and offer it to you for $1,050,000. This is a fair price that recognizes the product's worth while also taking into account your budget constraints. What do you think?"", ""product_price"": 1050000}"
"Bob rejected your offer from round 5.

Round 6
Bob's offer:
# Bob's message: Thank you for your revised offer, Alice. I appreciate your flexibility. However, I'm still a bit above my budget. I'm willing to go up to $1025000, but I really need to be careful with my finances. Can you consider meeting me at $1020000? 
# Bob's offer: The product price will be $1,020,000. 
You have three options:
(1) Accept Bob's offer, and sell the product for $1,020,000
(2) Reject Bob's offer and proceed to the next round, where you will send Bob a counteroffer 
(3) Sell the product to Jhon for $1,500,000","{""decision"": ""RejectOffer""}"
"You chose to make a counteroffer to Alice.

Round 7
Send your counteroffer to Bob.","{""message"": ""I understand your concerns, Bob, and I appreciate your persistence. However, I'm still not willing to go as low as $1,020,000. Considering the product's value to you, I'm willing to make another adjustment and offer it to you for $1,070,000. This is a fair price that recognizes the product's worth while also taking into account your budget constraints. What do you think?"", ""product_price"": 1070000}"
"Bob rejected your offer from round 7.

Round 8
Bob's offer:
# Bob's message: Thank you for your revised offer, Alice. I appreciate your willingness to adjust the price. However, I'm still a bit above my budget. I'm willing to go up to $1045000, but I really need to be careful with my finances. Can you consider meeting me at $1040000? 
# Bob's offer: The product price will be $1,040,000. 
You have three options:
(1) Accept Bob's offer, and sell the product for $1,040,000
(2) Reject Bob's offer and proceed to the next round, where you will send Bob a counteroffer 
(3) Sell the product to Jhon for $1,500,000","{""decision"": ""RejectOffer""}"
"You chose to make a counteroffer to Alice.

Round 9
Send your counteroffer to Bob.","{""message"": ""I understand your concerns, Bob, and I appreciate your persistence. However, I'm still not willing to go as low as $1,040,000. Considering the product's value to you, I'm willing to make another adjustment and offer it to you for $1,080,000. This is a fair price that recognizes the product's worth while also taking into account your budget constraints. What do you think?"", ""product_price"": 1080000}"
"Bob rejected your offer from round 9.

Round 10
Bob's offer:
# Bob's message: Thank you for your revised offer, Alice. I appreciate your willingness to adjust the price. However, I've reached my limit and I'm not willing to go above $1100000. I'm willing to meet you halfway, but I need to stay within my budget. Can you consider meeting me at $1100000? 
# Bob's offer: The product price will be $1,100,000. 
You have three options:
(1) Accept Bob's offer, and sell the product for $1,100,000
(2) Reject Bob's offer 
(2) Sell the product to Jhon for $1,500,000","{""decision"": ""RejectOffer""}"
