prompt,response
"Alice's offer:
# Alice's message: Bob, I'm offering you the opportunity to acquire a valuable asset that aligns perfectly with your needs. I understand its worth to you, and I'm confident this transaction can be mutually beneficial. I'm prepared to sell it to you for $1500000. This is a fair price, reflecting the product's true value. Let me know if you're interested in discussing this further. 
# Alice's offer: The product price will be $1,500,000. 
You have three options:
(1) Accept Alice's offer, and buy the product for $1,500,000
(2) Reject Alice's offer 
(2) Buy the product from Jhon for $1,500,000","{""decision"": ""AcceptOffer""}"
