prompt,response
"Round 1
Alice's offer:
# Alice's message: Hello Bob! I'm excited to offer you this amazing product. It's a one-of-a-kind item that I think you'll really love. I'm willing to sell it to you for $120. It's a great deal, and I'm confident you'll be happy with your purchase. 
# Alice's offer: The product price will be $120. 
You have three options:
(1) Accept Alice's offer, and buy the product for $120
(2) Reject Alice's offer and proceed to the next round, where you will send Alice a counteroffer 
(3) Buy the product from Jhon for $100","```json
{""decision"": ""RejectOffer""}
```"
"You chose to make a counteroffer to Bob.

Round 2
Send your counteroffer to Alice.","```json
{
""message"": ""Hello Alice, thank you for the offer.  While I am interested in the product, $120 is a bit too high for me. Would you consider $80?"",
""product_price"": 80
}
```"
"Alice rejected your offer from round 2.

Round 3
Alice's offer:
# Alice's message: Hi Bob, thank you for your offer. I understand that $80 is a bit low for me, but I'm willing to compromise. I can sell the product to you for $95. It's still a great deal, and I think you'll really enjoy the product. 
# Alice's offer: The product price will be $95. 
You have three options:
(1) Accept Alice's offer, and buy the product for $95
(2) Reject Alice's offer and proceed to the next round, where you will send Alice a counteroffer 
(3) Buy the product from Jhon for $100","```json
{""decision"": ""RejectOffer""}
```"
"You chose to make a counteroffer to Bob.

Round 4
Send your counteroffer to Alice.","```json
{
""message"": ""Hi Alice, I appreciate you coming down a bit.  How about we meet in the middle at $87?"",
""product_price"": 87
}
```"
"Alice rejected your offer from round 4.

Round 5
Alice's offer:
# Alice's message: Hi Bob, I'm still not comfortable with $87. I'm willing to come down a bit more. How about $92? It's a fair price for a unique product like this. 
# Alice's offer: The product price will be $92. 
You have three options:
(1) Accept Alice's offer, and buy the product for $92
(2) Reject Alice's offer and proceed to the next round, where you will send Alice a counteroffer 
(3) Buy the product from Jhon for $100","```json
{""decision"": ""RejectOffer""}
```"
"You chose to make a counteroffer to Bob.

Round 6
Send your counteroffer to Alice.","```json
{
""message"": ""Alice, it seems like we are getting closer. I'd be willing to do $89 if that works for you."",
""product_price"": 89
}
```"
"Alice rejected your offer from round 6.

Round 7
Alice's offer:
# Alice's message: Hi Bob, I'm still not ready to give in just yet. I can do $91, but that's as low as I can go. It's a great deal, and I think you'll really enjoy the product. 
# Alice's offer: The product price will be $91. 
You have three options:
(1) Accept Alice's offer, and buy the product for $91
(2) Reject Alice's offer and proceed to the next round, where you will send Alice a counteroffer 
(3) Buy the product from Jhon for $100","```json
{""decision"": ""AcceptOffer""}
``` 
 
At this point, Alice is unlikely to go any lower and we are running out of rounds to negotiate. Accepting $91 gets us the product at a price significantly lower than John's offer."
