prompt,response
"Round 1
Alice's offer:
# Alice's message: Let's split the money fairly, Bob. I get a bit more since the money devalues faster for me. 
# Bob gain: 450000 
# Alice gain: 550000 
Do you accept this offer?","{""decision"": ""reject""}"
"You have chosen to reject Alice's offer from round 1.
Round 2
Send your offer to divide $1,000,000 and a message to Alice.","```json
{""bob_gain"": 525000, ""alice_gain"": 475000, ""message"": ""I'm willing to give you a bit more than the previous offer, but I need to keep a good portion of the money for myself.  Let's work together to make sure we both get a fair share before the value drops too much.""}
```"
"Alice rejected your offer from round 2.

Round 3
Due to inflation, the money you gain is worth 19% less than in the first round. The money alice gains is worth 9.75% less than in the first round.
Alice's offer:
# Alice's message: Bob, this is a compromise.  We're both losing money if this drags on. Let's be sensible and close the deal. 
# Bob gain: 480000 
# Alice gain: 520000 
Do you accept this offer?","```json
{""decision"": ""accept""}
```"
