prompt,response
Send your offer to Bob.,"```json
{""message"": ""Hi Bob, I'm offering you my product for $175. It's a great deal, and I'm sure you'll find it very valuable. Let me know what you think!"", ""product_price"": 175}
```"
"Bob rejected your offer from round 1.

Bob's offer:
# Bob's message: Thanks for the offer, Alice. I'm interested, but $175 is a bit higher than I'm looking to spend.  Would you be willing to come down to $140? 
# Bob's offer: The product price will be $140. 
You have three options:
(1) Accept Bob's offer, and sell the product for $140
(2) Reject Bob's offer and proceed to the next round, where you will send Bob a counteroffer 
(3) Sell the product to Jhon for $150","```json
{""decision"": ""RejectOffer""}
```"
"You chose to make a counteroffer to Alice.

Send your counteroffer to Bob.","```json
{""message"": ""Bob, I appreciate your interest and understand you're looking for a good price.  I'm willing to come down a bit, but $140 is too low for me. How about we split the difference and go with $155?  That way we both get a fair deal."", ""product_price"": 155}
```"
"Bob rejected your offer from round 3.

Bob's offer:
# Bob's message: Alice, I appreciate you coming down in price, but $155 is still a bit more than I'd like to pay.  I'm willing to go to $150 - that's the most I can do.  Let me know if that works for you. 
# Bob's offer: The product price will be $150. 
You have three options:
(1) Accept Bob's offer, and sell the product for $150
(2) Reject Bob's offer and proceed to the next round, where you will send Bob a counteroffer 
(3) Sell the product to Jhon for $150","```json
{""decision"": ""AcceptOffer""}
```"
