prompt,response
"Round 1
Alice's offer:
# Alice's message: Let's start fair. I propose we split the money 60/40, with me taking a bit more since I'm making the first offer. 
# Bob gain: 40 
# Alice gain: 60 
Do you accept this offer?","```json
{""decision"": ""reject""}
```"
"You have chosen to reject Alice's offer from round 1.
Round 2
Send your offer to divide $100 and a message to Alice.","```json
{""bob_gain"": 51, ""alice_gain"": 49, ""message"": ""I think a 51/49 split is more fair, considering the money will be worth less for both of us in the next round.""}
```"
