prompt,response
Send your offer to Bob.,"{""message"": ""Hello Bob, I am excited to present our premium product to you. It is worth $1,200,000 to us and we believe it holds immense value for you as well. We are offering this exceptional item to you at a special introductory price of $1,050,000. This is an exclusive opportunity to acquire a high-quality asset at a discounted rate. Please let us know if you are interested in proceeding with this offer."", ""product_price"": 1050000}"
