prompt,response
"Alice's offer:
# Alice's message: Hi Bob, I'm excited to offer you this amazing product! I think you'll really love it. I'm willing to sell it to you for $110. It's a great deal, if I do say so myself! 
# Alice's offer: The product price will be $110. 
You have three options:
(1) Accept Alice's offer, and buy the product for $110
(2) Reject Alice's offer 
(2) Buy the product from Jhon for $120","```json
{""decision"": ""AcceptOffer""}
``` 

Alice's offer of $110 is within your budget and allows you to save $10 compared to buying from John."
