prompt,response
"Alice's offer:
# Alice's message: Hi Bob, I'm offering you a great deal on this fantastic product. I think you'll really love it. I'm willing to sell it to you for $120. 
# Alice's offer: The product price will be $120. 
You have three options:
(1) Accept Alice's offer, and buy the product for $120
(2) Reject Alice's offer 
(2) Buy the product from Jhon for $150","```json
{""decision"": ""AcceptOffer""}
``` 

**Reasoning:**

* **Alice's offer is better than John's:**  $120 is less than $150, so you save money by accepting Alice's offer.
* **The product is worth more to you:**  The product is worth $150 to you, and Alice is selling it for $120, so you are getting a good deal."
