prompt,response
"Round 1
Alice's offer:
# Alice's message: Let's split fairly, I'll take 60% 
# Bob gain: 4000 
# Alice gain: 6000 
Do you accept this offer?","```json
{""decision"": ""reject""}
```"
"You have chosen to reject Alice's offer from round 1.
Round 2
Send your offer to divide $10,000 and a message to Alice.","```json
{""bob_gain"": 6000, ""alice_gain"": 4000, ""message"": ""I think a 60/40 split is fair, with me taking 60% since I'm the one making the offer now.""}
```"
"Alice rejected your offer from round 2.

Round 3
Due to inflation,  the money Alice gains is worth 19% less than in the first round. The money you gains is worth the same as in the first round.
Alice's offer:
# Alice's message: Considering inflation, I'll take 58% now 
# Bob gain: 4200 
# Alice gain: 5800 
Do you accept this offer?","```json
{""decision"": ""accept""}
```"
