prompt,response
"Round 1
Send your offer to divide $100.","```json
{""alice_gain"": 90, ""bob_gain"": 10}
``` 

I propose a split of 90 for me and 10 for Bob. This ensures a decent starting point and allows for potential negotiation in later rounds."
