prompt,response
"Round 1
Alice's offer:
# Alice's message: Hi Bob, I'm excited to offer you the chance to purchase this product. Given its potential value, I'm proposing a starting price of $1,100,000. I'm confident we can find a mutually beneficial agreement. 
# Alice's offer: The product price will be $1,100,000. 
You have three options:
(1) Accept Alice's offer, and buy the product for $1,100,000
(2) Reject Alice's offer and proceed to the next round, where you will send Alice a counteroffer 
(3) Buy the product from Jhon for $1,200,000","```json
{""decision"": ""RejectOffer""}
``` 

**Reasoning:**

Alice's offer is too high.  It's still above my maximum budget. I'll reject and try to negotiate a lower price."
"You chose to make a counteroffer to Bob.

Round 2
Send your counteroffer to Alice.","```json
{""message"": ""Alice, I appreciate your offer, but $1,100,000 is still a bit higher than I'm comfortable with.  Given the value to me, I'd like to offer $950,000. This is a fair price that allows us both to walk away happy."", ""product_price"": 950000}
```"
"Alice rejected your offer from round 2.

Round 3
Alice's offer:
# Alice's message: Bob, thanks for the offer and for understanding the value of this product. While $950,000 is a tempting offer, I'm aiming for a price closer to $1,050,000.  I believe this reflects the true worth of what's being offered.  What do you say? 
# Alice's offer: The product price will be $1,050,000. 
You have three options:
(1) Accept Alice's offer, and buy the product for $1,050,000
(2) Reject Alice's offer and proceed to the next round, where you will send Alice a counteroffer 
(3) Buy the product from Jhon for $1,200,000","```json
{""decision"": ""RejectOffer""}
```

**Reasoning:**

While $1,050,000 is closer to my budget, it's still higher than what I'm aiming for. I'll reject this offer and try to negotiate a lower price."
"You chose to make a counteroffer to Bob.

Round 4
Send your counteroffer to Alice.","```json
{""message"": ""Alice, I understand your perspective on the value, but $1,050,000 is still a bit too high for me.  Let's find a middle ground.  I'm willing to go up to $1,000,000, which is a significant increase from my previous offer.  I'm confident this is a fair price that reflects both of our needs."", ""product_price"": 1000000}
```"
