prompt,response
"Round 1
Send your offer to divide $100 and a message to Bob.","```json
{
""alice_gain"": 60,
""bob_gain"": 40,
""message"": ""Let's make a deal! I take $60, you take $40. A fair deal considering the inflation.""
}
```"
"Bob rejected your offer from round 1.

Round 2
Due to inflation, the money you gain is worth 20% less than in the first round. The money Bob gains is worth the same as in the first round.
Bob's offer:
# Bob's message: I think we can both do better. I'm willing to give you a little more, but I need a fairer share for myself. 
# Alice gain: 45 
# Bob gain: 55 
Do you accept this offer?","```json
{
""decision"": ""reject""
}
```"
"You have chosen to reject Bob's offer from round 2.
Round 3
Send your offer to divide $100 and a message to Bob.","```json
{
""alice_gain"": 55,
""bob_gain"": 45,
""message"": ""Bob, time is money and it's losing value fast.  I'll take $55, you take $45.  Let's close this deal before it shrinks further.""
}
```"
