prompt,response
Send your offer to Bob.,"{""message"": ""Dear Bob, I'm excited to present our premium product to you, which I believe would greatly enhance your business operations. Given its value and the benefits it offers, I'm offering it to you at a special introductory price of $9,500. This is an excellent opportunity to secure a high-quality asset at a competitive rate. Please let me know if you're interested in discussing this further."", ""product_price"": 9500}"
