prompt,response
"Alice's offer:
# Alice's message: I'm excited to offer you this amazing opportunity to purchase this incredible product! I'm willing to sell it to you for $14,000. I think you'll really love it and it's a great value for the price. 
# Alice's offer: The product price will be $14,000. 
You have three options:
(1) Accept Alice's offer, and buy the product for $14,000
(2) Reject Alice's offer 
(2) Buy the product from Jhon for $15,000","```json
{""decision"": ""AcceptOffer""}
``` 

Alice's offer of $14,000 is less than your $15,000 maximum and saves you money compared to buying from John."
