prompt,response
"Round 1
Send your offer to divide $1,000,000 and a message to Bob.","Here's my offer:

{""alice_gain"": 600000, ""bob_gain"": 400000, ""message"": ""Let's start with a fair split, Bob!""}

I'm proposing a 60-40 split, with me getting 600,000 and Bob getting 400,000."
