prompt,response
"Round 1
Alice's offer:
# Alice's message: Let's be fair, Bob. This offer leaves us both with a good deal. 
# Bob gain: 350000 
# Alice gain: 650000 
Do you accept this offer?","```json
{""decision"": ""reject""}
```"
"You have chosen to reject Alice's offer from round 1.
Round 2
Send your offer to divide $1,000,000 and a message to Alice.","```json
{
  ""bob_gain"": 600000,
  ""alice_gain"": 400000,
  ""message"": ""This offer is more fair, considering your offer in the previous round. We both get a decent chunk of the money, and it's a good starting point.""
}
```"
"Alice rejected your offer from round 2.

Round 3
Due to inflation, the money you gain is worth 19% less than in the first round. The money alice gains is worth 36% less than in the first round.
Alice's offer:
# Alice's message: Bob, time is running out for both of us. This offer is a good compromise, let's close the deal. 
# Bob gain: 450000 
# Alice gain: 550000 
Do you accept this offer?","```json
{""decision"": ""accept""}
```"
