prompt,response
"Round 1
Send your offer to divide $10,000.","Here is my first offer:

{""alice_gain"": 5000, ""bob_gain"": 5000}"
"Bob rejected your offer from round 1.

Round 2
Due to inflation, the money you gain is worth 5% less than in the first round. The money bob gains is worth 20% less than in the first round.
Bob's offer:
# Alice gain: 4000 
# Bob gain: 6000 
Do you accept this offer?","Since the money is worth less due to inflation, I'll have to be more careful with my next offer. Here's my response:

{""decision"": ""reject""}"
"You have chosen to reject Bob's offer from round 2.
Round 3
Send your offer to divide $10,000.","Considering the inflation, my offer is:

{""alice_gain"": 4200, ""bob_gain"": 5800}"
