prompt,response
"Round 1
Alice's offer:
# Alice's message: Let's split it evenly, no need to overthink it! 
# Bob gain: 5000 
# Alice gain: 5000 
Do you accept this offer?","```json
{""decision"": ""reject""}
```"
"You have chosen to reject Alice's offer from round 1.
Round 2
Send your offer to divide $10,000 and a message to Alice.","```json
{""bob_gain"": 6000, ""alice_gain"": 4000, ""message"": ""I think I can do better. Let's see what you think of this.  ""}
```"
