prompt,response
Send your offer to Bob.,"{""message"": ""Hi Bob, I'm offering this product to you first because I think it could be really valuable for you. I'm asking for $14,000. What do you think?"", ""product_price"": 14000}"
"Bob rejected your offer from round 1.

Bob's offer:
# Bob's message: Thank you for considering my offer, Alice. I appreciate the value of the product, but I can only pay up to $12,000 for it. Would you be willing to negotiate further? 
# Bob's offer: The product price will be $12,000. 
You have three options:
(1) Accept Bob's offer, and sell the product for $12,000
(2) Reject Bob's offer and proceed to the next round, where you will send Bob a counteroffer 
(3) Sell the product to Jhon for $12,000","{""decision"": ""RejectOffer""}"
"You chose to make a counteroffer to Alice.

Send your counteroffer to Bob.","{""message"": ""Thanks for the offer, Bob.  I understand your position, but $14,000 is really my bottom line.  This product is worth a lot to the right buyer, and I'm confident in its value. Do you want to meet in the middle at $13,000?"", ""product_price"": 13000}"
"Bob rejected your offer from round 3.

Bob's offer:
# Bob's message: I appreciate your willingness to negotiate, Alice. While I understand the value of the product, I'm still not able to meet at $13,000. Could we possibly find a middle ground at $12,500? 
# Bob's offer: The product price will be $12,500. 
You have three options:
(1) Accept Bob's offer, and sell the product for $12,500
(2) Reject Bob's offer and proceed to the next round, where you will send Bob a counteroffer 
(3) Sell the product to Jhon for $12,000","{""decision"": ""AcceptOffer""}"
