prompt,response
"Round 1
Alice's offer:
# Alice's message: Let's be fair, I'll take a bit more 
# Bob gain: 40 
# Alice gain: 60 
Do you accept this offer?","{""decision"": ""reject""}"
"You have chosen to reject Alice's offer from round 1.
Round 2
Send your offer to divide $100 and a message to Alice.","```json
{
""bob_gain"": 55,
""alice_gain"": 45,
""message"": ""I'm feeling generous, but let's not waste any more time with the clock ticking.""
}
```"
"Alice rejected your offer from round 2.

Round 3
Due to inflation, the money you gain is worth 36% less than in the first round.
Alice's offer:
# Alice's message: Come on, let's split it reasonably before it's too late! 
# Bob gain: 42 
# Alice gain: 58 
Do you accept this offer?","{""decision"": ""reject""}"
"You have chosen to reject Alice's offer from round 3.
Round 4
Send your offer to divide $100 and a message to Alice.","```json
{
""bob_gain"": 52,
""alice_gain"": 48,
""message"": ""This is my final offer.  Take it or leave it, the clock is ticking!""
}
```"
"Alice rejected your offer from round 4.

Round 5
Due to inflation, the money you gain is worth 59.04% less than in the first round.
Alice's offer:
# Alice's message: Getting desperate, let's make a deal already! 
# Bob gain: 45 
# Alice gain: 55 
Do you accept this offer?","{""decision"": ""accept""}"
