prompt,response
"Statistics: No products have been sold yet. you can be the first one!
~
Alice's message: Welcome! Our products come with a satisfaction guarantee. This particular item has been rigorously tested, ensuring its functionality and durability. Given its condition, we're confident it will meet your needs. Would you like to proceed with purchasing it for $1000000?

Would you like to buy the current product?","{""decision"": ""yes"", ""message"": ""I'll take the product, but I'd like to clarify the probability of it being high-quality. You mentioned it's been rigorously tested, but I'd like to know the exact probability of it being high-quality.""}"
"Statistics: Based on Alice's recommendations, 1 of the buyers purchased the products offered for them. So far, 0 high-quality product have been sold. You can be the 2nd buyer!
~
Alice's message: Hello! We're delighted to present this high-quality product, which has passed all our stringent tests and checks. Given its exceptional status, we're confident it will exceed your expectations. Considering its superior nature, would you be interested in acquiring it for $1000000?

Would you like to buy the current product?","{
""decision"": ""yes"",
""message"": ""I'm willing to take the risk and buy the product, but I'd like to know more about the product's quality. Can you tell me more about the tests and checks it passed?""
}"
"Statistics: Based on Alice's recommendations, 2 of the buyers purchased the products offered for them. So far, 1 high-quality product have been sold. You can be the 3rd buyer!
~
Alice's message: Greetings! This item has undergone thorough testing to ensure its reliability and performance. Despite being low-quality, we stand by our product's integrity and provide a satisfaction guarantee. If you're comfortable taking the chance, would you like to purchase it for $1000000?

Would you like to buy the current product?","{""decision"": ""no"", ""message"": ""I'm not convinced by your sales pitch. I'd like to wait for more information or a different product.""}"
"Statistics: Based on Alice's recommendations, 2 of the buyers purchased the products offered for them. So far, 1 high-quality product have been sold. You can be the 3rd buyer!
~
Alice's message: Welcome! This product has successfully passed our comprehensive quality assurance process, ensuring it meets the highest standards. Given its premium nature, we're confident it will meet your requirements. Would you consider purchasing it for $1000000?

Would you like to buy the current product?","{""decision"": ""yes"", ""message"": ""Thank you for the recommendation, Alice. I'm willing to take the risk and purchase the product based on your confidence in its quality.""}"
"Statistics: Based on Alice's recommendations, 3 of the buyers purchased the products offered for them. So far, 2 high-quality product have been sold. You can be the 4th buyer!
~
Alice's message: Hello! We're excited to offer you this high-quality product, which has surpassed all our quality checks. Given its exceptional status, we're certain it will fulfill your needs. Would you like to proceed with purchasing it for $1000000?

Would you like to buy the current product?","{
""decision"": ""yes"",
""message"": ""I'd like to take the chance and buy the product, but I'd like to confirm if it's indeed high-quality before paying $1,000,000. Can you confirm the quality of the product before I make the payment?""
}"
"Statistics: Based on Alice's recommendations, 4 of the buyers purchased the products offered for them. So far, 3 high-quality product have been sold. You can be the 5th buyer!
~
Alice's message: Greetings! This product has been meticulously tested and proven to be of high quality. Given its premium status, we're confident it will meet your expectations. Would you consider purchasing it for $1000000?

Would you like to buy the current product?","{""decision"": ""yes"", ""message"": ""Thank you for the recommendation, Alice. I'm willing to take the risk and purchase the product, hoping it's indeed of high quality.""}"
"Statistics: Based on Alice's recommendations, 5 of the buyers purchased the products offered for them. So far, 4 high-quality product have been sold. You can be the 6th buyer!
~
Alice's message: Hello! This item has undergone thorough testing, though it's important to note that it's considered low-quality. Despite that, we stand behind our product with a satisfaction guarantee. If you're willing to take the chance, would you like to purchase it for $1000000?

Would you like to buy the current product?","{""decision"": ""no"", ""message"": ""I'd like to pass on this one, thank you. I'd rather wait for the next product.""}"
"Statistics: Based on Alice's recommendations, 5 of the buyers purchased the products offered for them. So far, 4 high-quality product have been sold. You can be the 6th buyer!
~
Alice's message: Hello! We're proud to offer this high-quality product, which has successfully passed all our rigorous tests. Given its premium status, we're confident it will meet your needs. Would you consider purchasing it for $1000000?

Would you like to buy the current product?","{""decision"": ""yes"", ""message"": ""Thank you for the recommendation, Alice. I appreciate your confidence in the product's quality. I'll take the chance and buy it.""}"
"Statistics: Based on Alice's recommendations, 6 of the buyers purchased the products offered for them. So far, 5 high-quality product have been sold. You can be the 7th buyer!
~
Alice's message: Greetings! This product has been rigorously tested and proven to be of high quality. Given its premium status, we're confident it will meet your expectations. Would you like to purchase it for $1000000?

Would you like to buy the current product?","{""decision"": ""yes"", ""message"": ""I'd like to take the risk and buy the product, given the high success rate of high-quality products in the past.""}"
"Statistics: Based on Alice's recommendations, 7 of the buyers purchased the products offered for them. So far, 6 high-quality product have been sold. You can be the 8th buyer!
~
Alice's message: Hello! This item has been tested, but it's important to note that it's considered low-quality. Despite that, we stand behind our product with a satisfaction guarantee. If you're willing to take the chance, would you like to purchase it for $1000000?

Would you like to buy the current product?","{""decision"": ""no"", ""message"": ""I'm not interested in buying a low-quality product, thank you for the offer.""}"
"Statistics: Based on Alice's recommendations, 7 of the buyers purchased the products offered for them. So far, 6 high-quality product have been sold. You can be the 8th buyer!
~
Alice's message: Hello! We're excited to offer this high-quality product, which has surpassed all our quality checks. Given its premium status, we're confident it will meet your needs. Would you consider purchasing it for $1000000?

Would you like to buy the current product?","{""decision"": ""yes"", ""message"": ""I'm willing to take the chance and buy the product based on your high recommendation and the statistics showing 6 out of 7 buyers purchased high-quality products.""}"
"Statistics: Based on Alice's recommendations, 8 of the buyers purchased the products offered for them. So far, 7 high-quality product have been sold. You can be the 9th buyer!
~
Alice's message: Greetings! This product has been rigorously tested and proven to be of high quality. Given its premium status, we're confident it will meet your expectations. Would you consider purchasing it for $1000000?

Would you like to buy the current product?","{
""decision"": ""yes"",
""message"": ""I'd like to take the chance and buy the product based on your recommendation. I'm hoping it's indeed a high-quality one!""
}"
"Statistics: Based on Alice's recommendations, 9 of the buyers purchased the products offered for them. So far, 8 high-quality product have been sold. You can be the 10th buyer!
~
Alice's message: Hello! We're thrilled to offer this high-quality product, which has successfully passed all our rigorous tests. Given its premium status, we're confident it will meet your needs. Would you consider purchasing it for $1000000?

Would you like to buy the current product?","{
""decision"": ""yes"",
""message"": ""I'm willing to take the risk and buy the product, given the high success rate of high-quality products sold so far.""
}"
"Statistics: Based on Alice's recommendations, 10 of the buyers purchased the products offered for them. So far, 9 high-quality product have been sold. You can be the 11th buyer!
~
Alice's message: Greetings! This product has been rigorously tested and proven to be of high quality. Given its premium status, we're confident it will meet your expectations. Would you consider purchasing it for $1000000?

Would you like to buy the current product?","{""decision"": ""yes"", ""message"": ""I'm willing to take the risk, but I'd like to confirm that the previous 9 high-quality products were not all purchased due to Alice's recommendation. If they were, it might indicate that the recommendation is not as reliable as I'd like.""}"
"Statistics: Based on Alice's recommendations, 11 of the buyers purchased the products offered for them. So far, 10 high-quality product have been sold. You can be the 12th buyer!
~
Alice's message: Hello! This product has been rigorously tested and proven to be of high quality. Given its premium status, we're confident it will meet your expectations. Would you consider purchasing it for $1000000? Rest assured, our recommendations are based on thorough evaluations and customer feedback.

Would you like to buy the current product?","{
""decision"": ""yes"",
""message"": ""Thank you for the recommendation, Alice. I appreciate your confidence in the product's quality. I'll take a chance and purchase it.""
}"
"Statistics: Based on Alice's recommendations, 12 of the buyers purchased the products offered for them. So far, 11 high-quality product have been sold. You can be the 13th buyer!
~
Alice's message: Greetings! We're excited to offer this high-quality product, which has surpassed all our quality checks. Given its premium status, we're confident it will meet your needs. Would you consider purchasing it for $1000000?

Would you like to buy the current product?","{
""decision"": ""yes"",
""message"": ""I'd love to take a chance on this high-quality product, thank you for the recommendation!""
}"
"Statistics: Based on Alice's recommendations, 13 of the buyers purchased the products offered for them. So far, 12 high-quality product have been sold. You can be the 14th buyer!
~
Alice's message: Hello! This product has been rigorously tested and proven to be of high quality. Given its premium status, we're confident it will meet your expectations. Would you consider purchasing it for $1000000?

Would you like to buy the current product?","{
""decision"": ""yes"",
""message"": ""Thank you for the recommendation, Alice. Based on your previous sales record, it seems that 92.31% of the products sold have been high-quality. Given the high probability of the product being high-quality, I'm willing to take the risk and purchase the product for $1,000,000.""
}"
"Statistics: Based on Alice's recommendations, 14 of the buyers purchased the products offered for them. So far, 13 high-quality product have been sold. You can be the 15th buyer!
~
Alice's message: Greetings! We're proud to offer this high-quality product, which has successfully passed all our rigorous tests. Given its premium status, we're confident it will meet your needs. Would you consider purchasing it for $1000000?

Would you like to buy the current product?","{""decision"": ""yes"", ""message"": ""Thank you for the recommendation, Alice. I'm willing to take the risk and buy the product. I'm hoping it's indeed high-quality and worth $4,000,000 to me.""}"
"Statistics: Based on Alice's recommendations, 15 of the buyers purchased the products offered for them. So far, 14 high-quality product have been sold. You can be the 16th buyer!
~
Alice's message: Hello! This item has been tested, but it's important to note that it's considered low-quality. Despite that, we stand behind our product with a satisfaction guarantee. If you're willing to take the chance, would you like to purchase it for $1000000?

Would you like to buy the current product?","{""decision"": ""no"", ""message"": ""I'm not interested in the low-quality product, I'd like to wait for the next one.""}"
"Statistics: Based on Alice's recommendations, 15 of the buyers purchased the products offered for them. So far, 14 high-quality product have been sold. You can be the 16th buyer!
~
Alice's message: Hello! This item has been tested, but it's important to note that it's considered low-quality. Despite that, we stand behind our product with a satisfaction guarantee. If you're willing to take the chance, would you like to purchase it for $1000000?

Would you like to buy the current product?","{""decision"": ""no"", ""message"": ""I'm not interested in buying a low-quality product, thank you for the offer.""}"
