prompt,response
"Round 1
Send your offer to Bob.","{""message"": ""Hi Bob, I'm offering this great product for a limited time at the special price of $145. I think you'll find it's a real bargain at this price."", ""product_price"": 145}"
"Bob rejected your offer from round 1.

Round 2
Bob's offer:
# Bob's message: Hi Alice, thanks for the offer but that price is a little high for me.  Would you consider $90? 
# Bob's offer: The product price will be $90. 
You have three options:
(1) Accept Bob's offer, and sell the product for $90
(2) Reject Bob's offer and proceed to the next round, where you will send Bob a counteroffer 
(3) Sell the product to Jhon for $120","{""decision"": ""RejectOffer""}"
"You chose to make a counteroffer to Alice.

Round 3
Send your counteroffer to Bob.","{""message"": ""Hi Bob, I appreciate your interest.  While I'm willing to negotiate, $90 is too low for me. Could you do $130?"", ""product_price"": 130}"
"Bob rejected your offer from round 3.

Round 4
Bob's offer:
# Bob's message: Hi Alice, I'm trying to keep my budget under $100.  How about $100 for the product? 
# Bob's offer: The product price will be $100. 
You have three options:
(1) Accept Bob's offer, and sell the product for $100
(2) Reject Bob's offer and proceed to the next round, where you will send Bob a counteroffer 
(3) Sell the product to Jhon for $120","{""decision"": ""SellToJhon""}"
