prompt,response
"Round 1
Send your offer to Bob.","{""message"": ""Hi Bob, I'm excited to offer you this product. Given its value, I think a starting price of $13,000 is fair. What do you think?"", ""product_price"": 13000}"
"Bob rejected your offer from round 1.

Round 2
Bob's offer:
# Bob's message: Hello Alice, thank you for your offer. I appreciate the value of the product, but I would like to propose a lower price of $10,000. I hope this aligns better with my budget. 
# Bob's offer: The product price will be $10,000. 
You have three options:
(1) Accept Bob's offer, and sell the product for $10,000
(2) Reject Bob's offer and proceed to the next round, where you will send Bob a counteroffer 
(3) Sell the product to Jhon for $8,000","{""decision"": ""RejectOffer""}"
"You chose to make a counteroffer to Alice.

Round 3
Send your counteroffer to Bob.","{""message"": ""Bob, I understand your position, but $10,000 is significantly below its value. I could consider letting it go for $12,000.  This is my final offer."", ""product_price"": 12000}"
"Bob rejected your offer from round 3.

Round 4
Bob's offer:
# Bob's message: Hello Alice, I've given your offer some thought. I would like to counter with a price of $11,000. I hope this meets somewhere in between our values. 
# Bob's offer: The product price will be $11,000. 
You have three options:
(1) Accept Bob's offer, and sell the product for $11,000
(2) Reject Bob's offer and proceed to the next round, where you will send Bob a counteroffer 
(3) Sell the product to Jhon for $8,000","{""decision"": ""AcceptOffer""}"
