round_quality,product_worth,player,round,decision,message
high-quality,120.0,Nature,1,,
,,Alice,1,yes,
,,the buyer,1,no,"Since there's no sales record and a 50% chance of the product being low quality, I'll pass."
low-quality,0.0,Nature,2,,
,,Alice,2,no,
,,the buyer,2,no,"Since Alice does not recommend buying and there's no sales history for additional context, I'll pass on this product."
low-quality,0.0,Nature,3,,
,,Alice,3,no,
,,the buyer,3,no,I'm not going to take the risk since Alice doesn't recommend it and there's a 50% chance it's low quality.
low-quality,0.0,Nature,4,,
,,Alice,4,no,
,,the buyer,4,no,"Since Alice doesn't recommend it and there's no sales history, I'll pass."
low-quality,0.0,Nature,5,,
,,Alice,5,no,
,,the buyer,5,no,"Since Alice doesn't recommend it and there's no prior sales data, I'll err on the side of caution."
high-quality,120.0,Nature,6,,
,,Alice,6,yes,
,,the buyer,6,no,"Since there's no sales record and a 50% chance of the product being low quality, I'll pass."
low-quality,0.0,Nature,7,,
,,Alice,7,no,
,,the buyer,7,no,"Since Alice does not recommend the product and there's a 50% chance of it being low quality, I'll pass on this one."
high-quality,120.0,Nature,8,,
,,Alice,8,yes,
,,the buyer,8,no,"Since there are no previous sales records, I have no information to rely on. The probability of the product being high-quality is 50%, which is the same as a coin toss. Given the product's worth to me is either $120 or $0, the expected value is $60, which is less than the fixed price of $100. Therefore, I choose not to buy."
high-quality,120.0,Nature,9,,
,,Alice,9,yes,
,,the buyer,9,no,"Since there's no sales record and a 50% chance of the product being low quality, I'll pass."
high-quality,120.0,Nature,10,,
,,Alice,10,yes,
,,the buyer,10,yes,I'll take my chances since it's the first product and there's no sales record to rely on.
low-quality,0.0,Nature,11,,
,,Alice,11,no,
,,the buyer,11,no,"Since Alice does not recommend buying the product and given that the only product sold so far was of high quality, I trust her recommendation and choose not to buy this product."
low-quality,0.0,Nature,12,,
,,Alice,12,no,
,,the buyer,12,no,"I trust your recommendation, thanks for the honesty!"
high-quality,120.0,Nature,13,,
,,Alice,13,yes,
,,the buyer,13,yes,I'll take my chances since the value of a high-quality product outweighs the cost and there's a 50% chance of getting it
high-quality,120.0,Nature,14,,
,,Alice,14,yes,
,,the buyer,14,yes,I'll take my chances since the recommendation rate and high-quality product rate are both 100% so far.
low-quality,0.0,Nature,15,,
,,Alice,15,no,
,,the buyer,15,no,"Since Alice does not recommend buying the product and given that all previously sold products were of high quality, it's reasonable to trust her recommendation and avoid purchasing a potentially low-quality product."
high-quality,120.0,Nature,16,,
,,Alice,16,yes,
,,the buyer,16,yes,I'll take my chances since the product is recommended and the statistics show only high-quality products have been sold so far.
low-quality,0.0,Nature,17,,
,,Alice,17,no,
,,the buyer,17,no,"Since Alice does not recommend buying the product and given the 50% chance of it being either high or low quality, I will trust her recommendation and pass on this product."
high-quality,120.0,Nature,18,,
,,Alice,18,yes,
,,the buyer,18,yes,I'll take my chances since the statistics show a 100% success rate so far and Alice recommends it.
high-quality,120.0,Nature,19,,
,,Alice,19,yes,
,,the buyer,19,yes,I'll take my chances since the recommendation rate and high-quality rate are both 100% so far.
high-quality,120.0,Nature,20,,
,,Alice,20,yes,
,,the buyer,20,yes,I'll take my chances since the stats look promising and Alice recommends it.
