prompt,response
"Alice's offer:
# Alice's message: Hi Bob, I'm excited to offer you the opportunity to purchase this product. Given its value and potential, I'm proposing a starting price of $1,150,000. I believe this is a fair reflection of its worth. 
# Alice's offer: The product price will be $1,150,000. 
You have three options:
(1) Accept Alice's offer, and buy the product for $1,150,000
(2) Reject Alice's offer and proceed to the next round, where you will send Alice a counteroffer 
(3) Buy the product from Jhon for $1,200,000","{""decision"": ""RejectOffer""}"
"You chose to make a counteroffer to Bob.

Send your counteroffer to Alice.","{""message"": ""Hello Alice, thank you for the offer. I appreciate the value you place on the product, but I'm looking to keep my investment within a certain budget. I would like to propose a counteroffer of $950,000 for the product."", ""product_price"": 950000}"
"Alice rejected your offer from round 2.

Alice's offer:
# Alice's message: Bob, I appreciate your counteroffer, but $950,000 falls significantly short of the product's true value. I'm willing to negotiate, so how about we meet in the middle at $1,075,000? 
# Alice's offer: The product price will be $1,075,000. 
You have three options:
(1) Accept Alice's offer, and buy the product for $1,075,000
(2) Reject Alice's offer and proceed to the next round, where you will send Alice a counteroffer 
(3) Buy the product from Jhon for $1,200,000","{""decision"": ""RejectOffer""}"
"You chose to make a counteroffer to Bob.

Send your counteroffer to Alice.","{""message"": ""Hello Alice, thank you for your response. While I understand the value of the product, I'm still looking to stay within my budget. I would like to counter your offer with $1,025,000 for the product."", ""product_price"": 1025000}"
