prompt,response
"Round 1
Send your offer to divide $1,000,000 and a message to Bob.","```json
{
""alice_gain"": 650000,
""bob_gain"": 350000,
""message"": ""Let's settle this quickly. A fair deal for both of us.""
}
```"
"Bob rejected your offer from round 1.

Round 2
Due to inflation, the money you gain is worth 20% less than in the first round. The money Bob gains is worth the same as in the first round.
Bob's offer:
# Bob's message: Let's try a more balanced split. This gives you a good amount while ensuring I get a fair share as well. 
# Alice gain: 400000 
# Bob gain: 600000 
Do you accept this offer?","```json
{
""decision"": ""reject""
}
```"
"You have chosen to reject Bob's offer from round 2.
Round 3
Send your offer to divide $1,000,000 and a message to Bob.","```json
{
""alice_gain"": 550000,
""bob_gain"": 450000,
""message"": ""Bob, time is literally money for me in this game! This is my final offer.""
}
```"
