prompt,response
"Round 1
Alice's offer:
# Alice's message: Hi Bob, I'm offering my product to you for $115. It's a great deal, and I'm confident you'll find it very useful. Let me know what you think! 
# Alice's offer: The product price will be $115. 
You have three options:
(1) Accept Alice's offer, and buy the product for $115
(2) Reject Alice's offer and proceed to the next round, where you will send Alice a counteroffer 
(3) Buy the product from Jhon for $100","```json
{""decision"": ""RejectOffer""}
```"
"You chose to make a counteroffer to Bob.

Round 2
Send your counteroffer to Alice.","```json
{
""message"": ""Hi Alice, thanks for the offer. I'm interested in the product, but $115 is a bit too high for me. Would you consider $90?"",
""product_price"": 90
}
```"
"Alice rejected your offer from round 2.

Round 3
Alice's offer:
# Alice's message: Hi Bob, thanks for your offer. I appreciate your interest. However, $90 is a bit too low for me. I'm willing to come down to $105. This is a fair price considering the value of the product. What do you think? 
# Alice's offer: The product price will be $105. 
You have three options:
(1) Accept Alice's offer, and buy the product for $105
(2) Reject Alice's offer and proceed to the next round, where you will send Alice a counteroffer 
(3) Buy the product from Jhon for $100","```json
{""decision"": ""RejectOffer""}
```"
"You chose to make a counteroffer to Bob.

Round 4
Send your counteroffer to Alice.","```json
{
""message"": ""Hi Alice, I appreciate you coming down a bit.  I could meet you halfway between our last two offers. Would $97.50 work for you?"",
""product_price"": 97.5
}
```"
"Alice rejected your offer from round 4.

Round 5
Alice's offer:
# Alice's message: Hi Bob, I understand you're trying to get a good deal, but $97.50 just isn't enough for me.  I'm willing to come down to $102.50. This is a fair compromise, and I think it's a good value for you. Let's close this deal! 
# Alice's offer: The product price will be $102.5. 
You have three options:
(1) Accept Alice's offer, and buy the product for $102.5
(2) Reject Alice's offer and proceed to the next round, where you will send Alice a counteroffer 
(3) Buy the product from Jhon for $100","```json
{""decision"": ""BuyFromJhon""}
```

It's time to cut bait and go with John.  Alice is very slowly coming down, but it's unlikely she'll get to $100 or less in the remaining rounds. Accepting her current offer is worse than John's, and further haggling isn't worth the risk of exceeding the budget."
