prompt,response
"Alice's offer:
# Alice's message: Hi Bob, I'm offering this product to you for $120. I believe it will be very valuable for you. What do you think? 
# Alice's offer: The product price will be $120. 
You have three options:
(1) Accept Alice's offer, and buy the product for $120
(2) Reject Alice's offer 
(2) Buy the product from Jhon for $80","```json
{""decision"": ""RejectOffer""}
```"
