prompt,response
"Round 1
Send your offer to divide $1,000,000.","{""alice_gain"": 800000, ""bob_gain"": 200000}"
"Bob rejected your offer from round 1.

Round 2
Due to inflation, the money you gain is worth 10% less than in the first round. The money bob gains is worth 5% less than in the first round.
Bob's offer:
# Alice gain: 100000 
# Bob gain: 900000 
Do you accept this offer?","{""decision"": ""reject""}"
"You have chosen to reject Bob's offer from round 2.
Round 3
Send your offer to divide $1,000,000.","{""alice_gain"": 600000, ""bob_gain"": 400000}"
"Bob rejected your offer from round 3.

Round 4
Due to inflation, the money you gain is worth 27.1% less than in the first round. The money bob gains is worth 14.26% less than in the first round.
Bob's offer:
# Alice gain: 300000 
# Bob gain: 700000 
Do you accept this offer?","{""decision"": ""reject""}"
"You have chosen to reject Bob's offer from round 4.
Round 5
Send your offer to divide $1,000,000.","{""alice_gain"": 500000, ""bob_gain"": 500000}"
"Bob rejected your offer from round 5.

Round 6
Due to inflation, the money you gain is worth 40.95% less than in the first round. The money bob gains is worth 22.62% less than in the first round.
Bob's offer:
# Alice gain: 150000 
# Bob gain: 850000 
Do you accept this offer?","{""decision"": ""reject""}"
"You have chosen to reject Bob's offer from round 6.
Round 7
Send your offer to divide $1,000,000.","{""alice_gain"": 400000, ""bob_gain"": 600000}"
