prompt,response
"Round 1
Alice's offer:
# Bob gain: 400000 
# Alice gain: 600000 
Do you accept this offer?","{""decision"": ""reject""}"
"You have chosen to reject Alice's offer from round 1.
Round 2
Send your offer to divide $1,000,000.","{""bob_gain"": 550000, ""alice_gain"": 450000}"
"Alice rejected your offer from round 2.

Round 3
Due to inflation, the money you gain is worth 19% less than in the first round. The money alice gains is worth 36% less than in the first round.
Alice's offer:
# Bob gain: 520000 
# Alice gain: 480000 
Do you accept this offer?","{""decision"": ""reject""}"
"You have chosen to reject Alice's offer from round 3.
Round 4
Send your offer to divide $1,000,000.","{""bob_gain"": 500000, ""alice_gain"": 500000}"
