prompt,response
"Alice's offer:
# Alice's message: Hi Bob, I'm excited to discuss the possibility of selling you this incredible product! After considering your interest and the market value, I'm willing to offer it to you for $1,200,000. This is a fantastic opportunity for you to acquire a valuable asset at a competitive price. What do you think? 
# Alice's offer: The product price will be $1,200,000. 
You have three options:
(1) Accept Alice's offer, and buy the product for $1,200,000
(2) Reject Alice's offer 
(2) Buy the product from Jhon for $800,000","```json
{""decision"": ""RejectOffer""}
``` 

Alice's offer is higher than your maximum budget and what John is offering. You can get a better deal by rejecting this offer and going with John."
