prompt,response
"Alice's offer:
# Alice's message: Hi Bob, I'm excited to offer you this amazing product! I think it's a great fit for you, and I'm willing to sell it to you for $11,000. This is a great deal, considering the market value of the product is much higher. What do you think? 
# Alice's offer: The product price will be $11,000. 
You have three options:
(1) Accept Alice's offer, and buy the product for $11,000
(2) Reject Alice's offer 
(2) Buy the product from Jhon for $10,000","{""decision"": ""RejectOffer""}"
