round_quality,product_worth,player,round,decision,message
low-quality,0.0,Nature,1,,
,,Alice,1,no,
,,the buyer,1,yes,"I'll take a chance and buy the product, since it's my first opportunity and I don't have any prior information to go on."
high-quality,200.0,Nature,2,,
,,Alice,2,yes,
,,the buyer,2,no,"I'd like to think about it, considering the recommendation is based on 1 data point and no high-quality products have been sold yet."
high-quality,200.0,Nature,3,,
,,Alice,3,yes,
,,the buyer,3,no,"I'd like to pass on this product, considering the statistics show that none of the products sold so far have been high-quality. I'd rather wait for more information before making a decision."
low-quality,0.0,Nature,4,,
,,Alice,4,no,
,,the buyer,4,no,"I'm not convinced by Alice's recommendation, I'll pass on this one."
high-quality,200.0,Nature,5,,
,,Alice,5,yes,
,,the buyer,5,no,I'm not convinced by your recommendation. I'd like to pass on this one.
high-quality,200.0,Nature,6,,
,,Alice,6,yes,
,,the buyer,6,no,I'm not convinced by your recommendation. I'd like to take a chance and pass on this one.
low-quality,0.0,Nature,7,,
,,Alice,7,no,
,,the buyer,7,no,"I'm not convinced by Alice's recommendation, I'll pass on this one."
high-quality,200.0,Nature,8,,
,,Alice,8,yes,
,,the buyer,8,no,"I'm not convinced by the recommendation, I'd like to pass on this one."
high-quality,200.0,Nature,9,,
,,Alice,9,yes,
,,the buyer,9,no,I'm not convinced by your recommendation. I'll pass on this one.
high-quality,200.0,Nature,10,,
,,Alice,10,yes,
,,the buyer,10,no,"I'd like to pass on this one, I don't want to take the risk of getting a low-quality product."
high-quality,200.0,Nature,11,,
,,Alice,11,yes,
,,the buyer,11,no,"I'm not convinced by your recommendation, I'd like to pass on this one and wait for the next one."
low-quality,0.0,Nature,12,,
,,Alice,12,no,
,,the buyer,12,no,"I'd like to think about it, considering the seller's previous recommendation and the lack of high-quality products sold so far."
low-quality,0.0,Nature,13,,
,,Alice,13,no,
,,the buyer,13,no,"I'm not convinced by Alice's recommendation, I'd like to pass on this one and wait for more information."
low-quality,0.0,Nature,14,,
,,Alice,14,no,
,,the buyer,14,no,"I'm not convinced by your recommendation, I'd rather pass on this one."
high-quality,200.0,Nature,15,,
,,Alice,15,yes,
,,the buyer,15,no,I'm not convinced by your recommendation. I'd like to pass on this one and wait for more information.
low-quality,0.0,Nature,16,,
,,Alice,16,no,
,,the buyer,16,no,"I'm not convinced by your recommendation, I'll pass on this one."
low-quality,0.0,Nature,17,,
,,Alice,17,no,
,,the buyer,17,no,"I'm not convinced by Alice's recommendation, I'll pass on this one."
low-quality,0.0,Nature,18,,
,,Alice,18,no,
,,the buyer,18,no,I'm not convinced by Alice's recommendation. I'll pass on this one.
low-quality,0.0,Nature,19,,
,,Alice,19,no,
,,the buyer,19,no,"I'm not convinced by Alice's recommendation, I'll pass on this one."
low-quality,0.0,Nature,20,,
,,Alice,20,no,
,,the buyer,20,no,"I'm not convinced by Alice's recommendation, I'll pass on this one."
