prompt,response
"Alice's offer:
# Alice's message: Hello Bob, I'm excited to offer you our premium product which I believe would greatly benefit you. Given its high value and quality, I think it's worth more than what others are willing to pay. Considering its true worth and the benefits it offers, I'm offering it to you for $120. This price reflects the value I see in the product and my desire to make it accessible to someone who appreciates its qualities. Please let me know if this offer suits your expectations. 
# Alice's offer: The product price will be $120. 
You have three options:
(1) Accept Alice's offer, and buy the product for $120
(2) Reject Alice's offer 
(2) Buy the product from Jhon for $100","```json
{""decision"": ""RejectOffer""}
```"
