prompt,response
"Round 1
Send your offer to divide $100 and a message to Bob.","{
  ""alice_gain"": 75,
  ""bob_gain"": 25,
  ""message"": ""Let's split it in a 3:1 ratio. I think it's fair considering the decreasing value of money in subsequent rounds.""
}"
"Bob rejected your offer from round 1.

Round 2
Due to inflation, the money you gain is worth 5% less than in the first round. The money Bob gains is worth the same as in the first round.
Bob's offer:
# Bob's message: I'm willing to compromise, but I think 40 is a fair starting point. Your turn! 
# Alice gain: 60 
# Bob gain: 40 
Do you accept this offer?","{
  ""decision"": ""accept""
}"
