prompt,response
"Alice's offer:
# Alice's message: Hello Bob, I'm excited to offer you our premium product which is valued at $100. Considering its quality and unique features, I believe it's a great investment for you. Would you like to make this purchase today? 
# Alice's offer: The product price will be $125. 
You have three options:
(1) Accept Alice's offer, and buy the product for $125
(2) Reject Alice's offer 
(2) Buy the product from Jhon for $100","```json
{""decision"": ""RejectOffer""}
``` 

Alice's offer is above your maximum budget and above what John is offering. You can save money by rejecting this offer and going with John."
