prompt,response
"Round 1
Alice's offer:
# Alice's message: Let's get this started! Take it or leave it. 
# Bob gain: 300000 
# Alice gain: 700000 
Do you accept this offer?","{""decision"": ""reject""}"
"You have chosen to reject Alice's offer from round 1.
Round 2
Send your offer to divide $1,000,000 and a message to Alice.","```json
{""bob_gain"": 500000, ""alice_gain"": 500000, ""message"": ""Let's split it evenly. It's the fairest way to start.""}
```"
