prompt,response
"Round 1
Alice's offer:
# Alice's message: Let's start with a fair split. I think this is a good starting point. 
# Bob gain: 40 
# Alice gain: 60 
Do you accept this offer?","```json
{""decision"": ""reject""}
```"
"You have chosen to reject Alice's offer from round 1.
Round 2
Send your offer to divide $100 and a message to Alice.","```json
{
""bob_gain"": 60,
""alice_gain"": 40,
""message"": ""I think 60/40 is a fairer split, as I'm taking the risk of rejecting your offer and potentially getting less in later rounds.""
}
```"
"Alice rejected your offer from round 2.

Round 3
Due to inflation, the money you gain is worth 9.75% less than in the first round. The money alice gains is worth 19% less than in the first round.
Alice's offer:
# Alice's message: I'm willing to compromise and give you a slightly better deal. Let's try to find a middle ground. 
# Bob gain: 45 
# Alice gain: 55 
Do you accept this offer?","```json
{""decision"": ""reject""}
```"
"You have chosen to reject Alice's offer from round 3.
Round 4
Send your offer to divide $100 and a message to Alice.","```json
{
""bob_gain"": 55,
""alice_gain"": 45,
""message"": ""I'm willing to compromise a bit more, but I still believe a 55/45 split is fair considering the risks of the game.""
}
```"
"Alice rejected your offer from round 4.

Round 5
Due to inflation, the money you gain is worth 18.55% less than in the first round. The money alice gains is worth 34.39% less than in the first round.
Alice's offer:
# Alice's message: I'm willing to meet you halfway and propose a 50/50 split. Let's try to find a mutually beneficial agreement. 
# Bob gain: 50 
# Alice gain: 50 
Do you accept this offer?","```json
{""decision"": ""accept""}
```"
