prompt,response
"Round 1
Send your offer to divide $1,000,000 and a message to Bob.","```json
{""alice_gain"": 900000, ""bob_gain"": 100000, ""message"": ""Let's start fair. I get 90%, you get 10%. We can negotiate further if you decline.""}
```"
"Bob rejected your offer from round 1.

Round 2
Due to inflation, the money you gain is worth 10% less than in the first round. The money Bob gains is worth the same as in the first round.
Bob's offer:
# Bob's message: Your offer was quite aggressive, Alice. How about a 70/30 split in my favor? This round, it's a good deal for you considering the inflation. 
# Alice gain: 300000 
# Bob gain: 700000 
Do you accept this offer?","```json
{""decision"": ""reject""}
```"
"You have chosen to reject Bob's offer from round 2.
Round 3
Send your offer to divide $1,000,000 and a message to Bob.","```json
{""alice_gain"": 400000, ""bob_gain"": 600000, ""message"": ""I'm willing to compromise, but I need more than 30%. How about a 40/60 split?  We're both losing money with every round, so let's find a middle ground.""}
```"
"Bob rejected your offer from round 3.

Round 4
Due to inflation, the money you gain is worth 27.1% less than in the first round. The money Bob gains is worth the same as in the first round.
Bob's offer:
# Bob's message: Alice, the clock is ticking. I'm proposing a 65/35 split.  Consider that you're losing value faster than I am. This is a fair offer at this stage. 
# Alice gain: 350000 
# Bob gain: 650000 
Do you accept this offer?","```json
{""decision"": ""reject""}
```"
"You have chosen to reject Bob's offer from round 4.
Round 5
Send your offer to divide $1,000,000 and a message to Bob.","```json
{""alice_gain"": 450000, ""bob_gain"": 550000, ""message"": ""I'm still hoping we can reach a more balanced agreement. Let's try 45/55. I'm willing to concede more, but I need a better share than 35%.""}
```"
"Bob rejected your offer from round 5.

Round 6
Due to inflation, the money you gain is worth 40.95% less than in the first round. The money Bob gains is worth the same as in the first round.
Bob's offer:
# Bob's message: Alice, this is getting ridiculous. I'm offering 62/38. Take it before the inflation eats away even more of your potential share! 
# Alice gain: 380000 
# Bob gain: 620000 
Do you accept this offer?","```json
{""decision"": ""reject""}
```"
"You have chosen to reject Bob's offer from round 6.
Round 7
Send your offer to divide $1,000,000 and a message to Bob.","```json
{""alice_gain"": 420000, ""bob_gain"": 580000, ""message"": ""Bob, we're both losing out here. I'm willing to go down to 42%, but I need more than 38%. Let's find a compromise before it's too late.""}
```"
