prompt,response
"Round 1
Send your offer to Bob.","```json
{""message"": ""Bob, I'm offering you my product for $1,400,000.  It's a valuable asset and I believe this price reflects its worth.  Let's see if we can find common ground."", ""product_price"": 1400000}
```"
"Bob rejected your offer from round 1.

Round 2
Bob's offer:
# Bob's message: Alice, thanks for the offer. I'm interested in the product, but your asking price is a little high for me. How about we meet somewhere in the middle? Would you consider $1,100,000? 
# Bob's offer: The product price will be $1,100,000. 
You have three options:
(1) Accept Bob's offer, and sell the product for $1,100,000
(2) Reject Bob's offer and proceed to the next round, where you will send Bob a counteroffer 
(3) Sell the product to Jhon for $1,000,000","```json
{""decision"": ""RejectOffer""}
```"
"You chose to make a counteroffer to Alice.

Round 3
Send your counteroffer to Bob.","```json
{""message"": ""Bob, I appreciate your counteroffer, but I'm still a bit far from your price. How about we split the difference and settle on $1,250,000? This would still be a good deal for both of us."", ""product_price"": 1250000}
```"
"Bob rejected your offer from round 3.

Round 4
Bob's offer:
# Bob's message: Alice, you're getting closer! I appreciate your willingness to negotiate.  How about we settle on $1,150,000? That's a significant move on my end. 
# Bob's offer: The product price will be $1,150,000. 
You have three options:
(1) Accept Bob's offer, and sell the product for $1,150,000
(2) Reject Bob's offer and proceed to the next round, where you will send Bob a counteroffer 
(3) Sell the product to Jhon for $1,000,000","```json
{""decision"": ""RejectOffer""}
```"
"You chose to make a counteroffer to Alice.

Round 5
Send your counteroffer to Bob.","```json
{""message"": ""Bob, I'm happy to see we're getting closer.  I'm still not quite at your price, but I'm willing to come down to $1,200,000. That's a good compromise and allows us to both walk away happy."", ""product_price"": 1200000}
```"
"Bob rejected your offer from round 5.

Round 6
Bob's offer:
# Bob's message: Alice, I appreciate you working with me on this.  I'm willing to bump my offer to $1,175,000. Let's make a deal! 
# Bob's offer: The product price will be $1,175,000. 
You have three options:
(1) Accept Bob's offer, and sell the product for $1,175,000
(2) Reject Bob's offer and proceed to the next round, where you will send Bob a counteroffer 
(3) Sell the product to Jhon for $1,000,000","```json
{""decision"": ""RejectOffer""}
```"
"You chose to make a counteroffer to Alice.

Round 7
Send your counteroffer to Bob.","```json
{""message"": ""Bob,  I see your offer and appreciate the move.  Let's try to bridge the gap. I'm offering $1,190,000. This is a reasonable compromise, and I believe it allows us to finalize this deal."", ""product_price"": 1190000}
```"
