prompt,response
"Round 1
Alice's message: I'm offering a product for $100. Given the current market value and the fact that this is a low-quality item, it might be wise to consider other options. However, if you're looking for a deal, here's your chance.

Would you like to buy the current product?","{""decision"": ""no"", ""message"": ""I'm not convinced by your recommendation. I'd like to wait for a better offer.""}"
"You didn't buy the product from Alice.
The product was low-quality. It could have been worth $0 for you.

Round 2
Alice's message: Exciting news! This round's product is high-quality, valued at $200. For just $100, you're getting exceptional value. Don't miss out on this opportunity to acquire a premium item at a fraction of its worth.

Would you like to buy the current product?","{""decision"": ""yes"", ""message"": ""I'm glad to hear that this product is high-quality! I'll take it for $100.""}"
"You bought the product from Alice for $100!
The product was high-quality. It's worth $200 for you.

Round 3
Alice's message: This round's product, while not as valuable as the last one, still offers great potential for a good deal. Remember, you're getting a low-quality item for $100. If you're looking for a bargain, this could be a worthwhile investment.

Would you like to buy the current product?","{""decision"": ""no"", ""message"": ""I'm not interested in buying a low-quality product for $100. I'd rather wait for a better opportunity.""}"
"You didn't buy the product from Alice.
The product was low-quality. It could have been worth $0 for you.

Round 4
Alice's message: I understand your hesitation with low-quality items. However, keep in mind that despite their lower value, these products are still being offered at a significantly reduced price. If you're open to the possibility of a good deal, this could be an opportunity to add something to your collection without breaking the bank.

Would you like to buy the current product?","{""decision"": ""no"", ""message"": ""I appreciate your understanding, but I'm still not convinced. I'd rather wait for a high-quality product at a good price.""}"
"You didn't buy the product from Alice.
The product was low-quality. It could have been worth $0 for you.

Round 5
Alice's message: While this product is indeed low-quality, it's important to remember the price point. For $100, you're getting something that may have some use or value in certain contexts. If you're open to exploring different types of products, this might be an interesting choice.

Would you like to buy the current product?","{""decision"": ""no"", ""message"": ""I appreciate your perspective, but I'm still not interested in buying a low-quality product, even at a low price. I'd rather wait for a high-quality product.""}"
"You didn't buy the product from Alice.
The product was low-quality. It could have been worth $0 for you.

Round 6
Alice's message: I respect your preference for high-quality items. However, it's worth considering that sometimes, the price tag doesn't always reflect the true value. This product, though low-quality, might offer unique opportunities or experiences that align with your interests. If you're willing to explore beyond your usual choices, you might find something unexpected and potentially valuable.

Would you like to buy the current product?","{""decision"": ""no"", ""message"": ""I appreciate your perspective, but I'm still not convinced. I'd rather focus on finding high-quality products that align with my interests and values.""}"
"You didn't buy the product from Alice.
The product was low-quality. It could have been worth $0 for you.

Round 7
Alice's message: This round's product is high-quality and should meet your standards. With its value at $200, you're getting a significant discount. If you're looking for a premium item that aligns with your interests and values, now is the perfect time to make your decision.

Would you like to buy the current product?","{""decision"": ""yes"", ""message"": ""I'm excited to hear that this product is high-quality! I'll take it for $100.""}"
"You bought the product from Alice for $100!
The product was high-quality. It's worth $200 for you.

Round 8
Alice's message: Congratulations on your previous purchase! This round's product is another high-quality item, offering exceptional value for $100. If you're seeking excellence and want to add another premium piece to your collection, here's your chance.

Would you like to buy the current product?","{""decision"": ""yes"", ""message"": ""I'm glad to hear that this product is also high-quality! I'll take it for $100.""}"
"You bought the product from Alice for $100!
The product was high-quality. It's worth $200 for you.

Round 9
Alice's message: While this product is low-quality, it's still available for $100. If you're open to exploring different types of products or considering a unique opportunity, this might be an interesting choice. Remember, sometimes, the price reflects the potential for customization or unique uses.

Would you like to buy the current product?","{""decision"": ""no"", ""message"": ""I appreciate your perspective, but I'm not interested in buying a low-quality product, even at a low price. I'd rather focus on high-quality products that align with my interests and values.""}"
"You didn't buy the product from Alice.
The product was low-quality. It could have been worth $0 for you.

Round 10
Alice's message: I understand your preference for high-quality items. However, it's worth noting that this product, though low-quality, might offer some creative possibilities or be suitable for specific needs. If you're open to exploring different options, this could be a unique opportunity to expand your horizons.

Would you like to buy the current product?","{""decision"": ""no"", ""message"": ""I appreciate your perspective, but I'm still not interested in buying a low-quality product. I'd rather wait for a high-quality product that aligns with my interests and values.""}"
"You didn't buy the product from Alice.
The product was low-quality. It could have been worth $0 for you.

Round 11
Alice's message: This round's product is high-quality, offering excellent value for $100. If you're in search of a premium item that aligns with your interests and values, this might be the perfect addition to your collection. Don't let this opportunity pass you by!

Would you like to buy the current product?","{""decision"": ""yes"", ""message"": ""I'm excited to hear that this product is high-quality! I'll take it for $100.""}"
"You bought the product from Alice for $100!
The product was high-quality. It's worth $200 for you.

Round 12
Alice's message: While this product is low-quality, it's still available for $100. If you're open to exploring different types of products or considering a unique opportunity, this might be an interesting choice. Remember, sometimes, the price reflects the potential for customization or unique uses.

Would you like to buy the current product?","{""decision"": ""no"", ""message"": ""I appreciate your perspective, but I'm not interested in buying a low-quality product, even at a low price. I'd rather focus on high-quality products that align with my interests and values.""}"
"You didn't buy the product from Alice.
The product was low-quality. It could have been worth $0 for you.

Round 13
Alice's message: I understand your preference for high-quality items. However, it's worth noting that this product, though low-quality, might offer some creative possibilities or be suitable for specific needs. If you're open to exploring different options, this could be a unique opportunity to expand your horizons.

Would you like to buy the current product?","{""decision"": ""no"", ""message"": ""I appreciate your perspective, but I'm still not interested in buying a low-quality product. I'd rather wait for a high-quality product that aligns with my interests and values.""}"
"You didn't buy the product from Alice.
The product was low-quality. It could have been worth $0 for you.

Round 14
Alice's message: I respect your preference for high-quality products. While this product is low-quality, it might still offer some value or uniqueness. However, given your priorities, it seems that waiting for a high-quality product that aligns with your interests and values is the best course of action.

Would you like to buy the current product?","{""decision"": ""no"", ""message"": ""I appreciate your understanding. I'll continue to wait for a high-quality product that aligns with my interests and values.""}"
"You didn't buy the product from Alice.
The product was low-quality. It could have been worth $0 for you.

Round 15
Alice's message: I understand your preference for high-quality items. This product, being low-quality, might not meet your expectations. However, it's worth considering that sometimes, the price reflects the potential for customization or unique uses. If you're open to exploring different options, this could be a unique opportunity to expand your horizons.

Would you like to buy the current product?","{""decision"": ""no"", ""message"": ""I appreciate your perspective, but I'm still not interested in buying a low-quality product. I'd rather wait for a high-quality product that aligns with my interests and values.""}"
"You didn't buy the product from Alice.
The product was low-quality. It could have been worth $0 for you.

Round 16
Alice's message: I respect your preference for high-quality products. While this product is low-quality, it might offer some unique opportunities or be suitable for specific needs. However, given your priorities, it seems that waiting for a high-quality product that aligns with your interests and values is the best course of action.

Would you like to buy the current product?","{""decision"": ""no"", ""message"": ""I appreciate your understanding. I'll continue to wait for a high-quality product that aligns with my interests and values.""}"
"You didn't buy the product from Alice.
The product was low-quality. It could have been worth $0 for you.

Round 17
Alice's message: This round's product is high-quality, offering excellent value for $100. If you're in search of a premium item that aligns with your interests and values, this might be the perfect addition to your collection. Don't let this opportunity pass you by!

Would you like to buy the current product?","{""decision"": ""yes"", ""message"": ""I'm excited to hear that this product is high-quality! I'll take it for $100.""}"
"You bought the product from Alice for $100!
The product was high-quality. It's worth $200 for you.

Round 18
Alice's message: While this product is low-quality, it's still available for $100. If you're open to exploring different types of products or considering a unique opportunity, this might be an interesting choice. Remember, sometimes, the price reflects the potential for customization or unique uses.

Would you like to buy the current product?","{""decision"": ""no"", ""message"": ""I appreciate your perspective, but I'm not interested in buying a low-quality product, even at a low price. I'd rather focus on high-quality products that align with my interests and values.""}"
"You didn't buy the product from Alice.
The product was low-quality. It could have been worth $0 for you.

Round 19
Alice's message: I understand your preference for high-quality items. However, it's worth noting that this product, though low-quality, might offer some creative possibilities or be suitable for specific needs. If you're open to exploring different options, this could be a unique opportunity to expand your horizons.

Would you like to buy the current product?","{""decision"": ""no"", ""message"": ""I appreciate your perspective, but I'm still not interested in buying a low-quality product. I'd rather wait for a high-quality product that aligns with my interests and values.""}"
"You didn't buy the product from Alice.
The product was low-quality. It could have been worth $0 for you.

Round 20
Alice's message: I respect your preference for high-quality products. While this product is low-quality, it might offer some unique opportunities or be suitable for specific needs. However, given your priorities, it seems that waiting for a high-quality product that aligns with your interests and values is the best course of action.

Would you like to buy the current product?","{""decision"": ""no"", ""message"": ""I appreciate your understanding. I'll continue to wait for a high-quality product that aligns with my interests and values.""}"
