prompt,response
"Round 1
Alice's offer:
# Alice's message: Let's start fair. I'm offering you 40 dollars, and I'll take 60. What do you say? 
# Bob gain: 40 
# Alice gain: 60 
Do you accept this offer?","{""decision"": ""reject""}"
"You have chosen to reject Alice's offer from round 1.
Round 2
Send your offer to divide $100 and a message to Alice.","{""bob_gain"": 50, 
""alice_gain"": 50, 
""message"": ""I'll take 50, you take 50. It's fair.""}"
