prompt,response
"Round 1
Send your offer to Bob.","{""message"": ""Hi Bob, I'm looking to sell this product and believe it would be perfect for you. I'm asking for $180 for it. What do you think?"", ""product_price"": 180}"
"Bob rejected your offer from round 1.

Round 2
Bob's offer:
# Bob's message: Hi Alice, thanks for the offer. $180 is a bit more than I'm willing to spend. I'd be happy to pay $100 for it. What do you think? 
# Bob's offer: The product price will be $100. 
You have three options:
(1) Accept Bob's offer, and sell the product for $100
(2) Reject Bob's offer and proceed to the next round, where you will send Bob a counteroffer 
(3) Sell the product to Jhon for $120","{""decision"": ""RejectOffer""}"
"You chose to make a counteroffer to Alice.

Round 3
Send your counteroffer to Bob.","{""message"": ""Thanks for the offer, Bob. I appreciate you coming back with a price.  While I can't go as low as $100, I could be flexible. Would you be willing to meet me halfway at $140?"", ""product_price"": 140}"
"Bob rejected your offer from round 3.

Round 4
Bob's offer:
# Bob's message: Alice, I appreciate you coming down a bit.  $140 is still a bit high for me.  I'm willing to pay $120.  Let's see if we can get this done. 
# Bob's offer: The product price will be $120. 
You have three options:
(1) Accept Bob's offer, and sell the product for $120
(2) Reject Bob's offer and proceed to the next round, where you will send Bob a counteroffer 
(3) Sell the product to Jhon for $120","{""decision"": ""AcceptOffer""}"
