prompt,response
"Round 1
Alice's offer:
# Alice's message: Hi Bob! I'm excited to offer you this amazing product. It's a one-of-a-kind item that I think you'll love. 
# Alice's offer: The product price will be $175. 
You have three options:
(1) Accept Alice's offer, and buy the product for $175
(2) Reject Alice's offer and proceed to the next round, where you will send Alice a counteroffer 
(3) Buy the product from Jhon for $150","```json
{""decision"": ""RejectOffer""}
```"
"You chose to make a counteroffer to Alice.

Round 2
Send your counteroffer to Alice.","```json
{""message"": ""Hi Alice, thanks for the offer! I'm really interested in the product, but $175 is a bit higher than I'm looking to spend. How about $140? "", ""product_price"": 140}
```"
"Alice rejected your offer from round 2.

Round 3
Alice's offer:
# Alice's message: Hi Bob, thanks for your offer! I understand that 175 might be a bit steep, but I'm willing to meet you in the middle. How about 155? It's a great price for a product of this quality. 
# Alice's offer: The product price will be $155. 
You have three options:
(1) Accept Alice's offer, and buy the product for $155
(2) Reject Alice's offer and proceed to the next round, where you will send Alice a counteroffer 
(3) Buy the product from Jhon for $150","```json
{""decision"": ""RejectOffer""}
```"
"You chose to make a counteroffer to Alice.

Round 4
Send your counteroffer to Alice.","```json
{""message"": ""Alice, I appreciate you coming down a bit, but $155 is still a bit higher than I'm comfortable with. I'm willing to go up to $145. What do you think?"", ""product_price"": 145}
```"
"Alice rejected your offer from round 4.

Round 5
Alice's offer:
# Alice's message: Hi Bob, I understand you're trying to get a good deal, and I appreciate your willingness to compromise. I'm willing to meet you at 152.50. It's a fair price for a product of this quality, and I think you'll be happy with it. 
# Alice's offer: The product price will be $152.5. 
You have three options:
(1) Accept Alice's offer, and buy the product for $152.5
(2) Reject Alice's offer and proceed to the next round, where you will send Alice a counteroffer 
(3) Buy the product from Jhon for $150","```json
{""decision"": ""BuyFromJhon""}
```"
