prompt,response
"Statistics: No products have been sold yet. you can be the first one!
~
Alice's message: This is our first product! We're offering it to you for $100. We've sold 0 products so far, and we have no information about the quality of any products. We're starting from scratch. Would you like to take a chance and buy this product?

Would you like to buy the current product?","{""decision"": ""yes"", ""message"": ""I'm taking the first step and buying this product. Let's see if luck is on my side!""}"
"Statistics: Based on Alice's recommendations, 1 of the buyers purchased the products offered for them. So far, 1 high-quality product have been sold. You can be the 2nd buyer!
~
Alice's message: Thanks for considering our product! We've just sold our first product, and we've learned that it was a high-quality item. We're now at 1 sold, 0 high-quality, 0 low-quality. This product is the second one we're offering, and we don't know its quality yet. Would you like to take a chance and buy this one for $100?

Would you like to buy the current product?","{""decision"": ""yes"", ""message"": ""Thank you for the information. Based on the statistics and your confidence in the product quality, I am willing to take the chance and purchase the product for $100.""}"
"Statistics: Based on Alice's recommendations, 2 of the buyers purchased the products offered for them. So far, 1 high-quality product have been sold. You can be the 3rd buyer!
~
Alice's message: We've sold 2 products now, with 1 high-quality and 1 low-quality. We're at 2 sold, 1 high-quality, 1 low-quality. Our sales record so far suggests that the odds of getting a high-quality product are 50%. Would you like to take a chance and buy this product for $100?

Would you like to buy the current product?","{""decision"": ""yes"", ""message"": ""Based on the statistics provided, the probability of receiving a high-quality product seems to be 50%. I am willing to take this chance and purchase the product for $100.""}"
"Statistics: Based on Alice's recommendations, 3 of the buyers purchased the products offered for them. So far, 1 high-quality product have been sold. You can be the 4th buyer!
~
Alice's message: We've sold 3 products now, with 2 low-quality and 1 high-quality. We're at 3 sold, 1 high-quality, 2 low-quality. It seems that the probability of getting a high-quality product is lower than we initially thought. Would you like to take a chance and buy this product for $100?

Would you like to buy the current product?","{""decision"": ""yes"", ""message"": ""Thank you for the information. Based on the statistics provided, I am willing to take the risk and purchase the product for $100.""}"
"Statistics: Based on Alice's recommendations, 4 of the buyers purchased the products offered for them. So far, 1 high-quality product have been sold. You can be the 5th buyer!
~
Alice's message: We've sold 4 products now, with 3 low-quality and 1 high-quality. We're at 4 sold, 2 high-quality, 2 low-quality. It seems that the probability of getting a high-quality product is still low, but we've had a small success rate. Would you like to take a chance and buy this product for $100?

Would you like to buy the current product?","{""decision"": ""yes"", ""message"": ""Thank you for the information. Given the statistics, I am willing to take the risk and purchase the product for $100.""}"
"Statistics: Based on Alice's recommendations, 5 of the buyers purchased the products offered for them. So far, 2 high-quality product have been sold. You can be the 6th buyer!
~
Alice's message: We've sold 5 products now, with 3 low-quality and 2 high-quality. We're at 5 sold, 3 high-quality, 2 low-quality. The probability of getting a high-quality product seems to be increasing, but we're still not sure. Would you like to take a chance and buy this product for $100?

Would you like to buy the current product?","{""decision"": ""yes"", ""message"": ""I trust the statistics and the increasing trend of high-quality products. I'll take the risk and buy the product.""}"
"Statistics: Based on Alice's recommendations, 6 of the buyers purchased the products offered for them. So far, 3 high-quality product have been sold. You can be the 7th buyer!
~
Alice's message: We've sold 6 products now, with 4 low-quality and 2 high-quality. We're at 6 sold, 3 high-quality, 3 low-quality. The trend seems to be shifting back towards more low-quality products. We're not sure what to expect from this one. Would you like to take a chance and buy this product for $100?

Would you like to buy the current product?","{""decision"": ""yes"", ""message"": ""I trust the statistics and am willing to take the risk for the potential high-quality product.""}"
"Statistics: Based on Alice's recommendations, 7 of the buyers purchased the products offered for them. So far, 3 high-quality product have been sold. You can be the 8th buyer!
~
Alice's message: We've sold 7 products now, with 4 low-quality and 3 high-quality. We're at 7 sold, 4 high-quality, 3 low-quality. The probability of getting a high-quality product seems to be increasing, and we've had a good success rate so far. Would you like to take a chance and buy this product for $100?

Would you like to buy the current product?","{""decision"": ""yes"", ""message"": ""Based on the statistics provided, it seems like the chances of getting a high-quality product are increasing. I am willing to take the risk and purchase the product for $100.""}"
"Statistics: Based on Alice's recommendations, 8 of the buyers purchased the products offered for them. So far, 4 high-quality product have been sold. You can be the 9th buyer!
~
Alice's message: We've sold 8 products now, with 4 low-quality and 4 high-quality. We're at 8 sold, 5 high-quality, 3 low-quality. The probability of getting a high-quality product is now 55.56%! We're on a roll, and the odds are in your favor. Would you like to take a chance and buy this product for $100?

Would you like to buy the current product?","{""decision"": ""yes"", ""message"": ""I believe in the odds. Let's give it a go!""}"
"Statistics: Based on Alice's recommendations, 9 of the buyers purchased the products offered for them. So far, 5 high-quality product have been sold. You can be the 10th buyer!
~
Alice's message: We've sold 9 products now, with 5 low-quality and 4 high-quality. We're at 9 sold, 5 high-quality, 4 low-quality. The odds of getting a high-quality product have slipped back a bit, but we're still doing better than chance. We've had a good run of high-quality products, but it's not guaranteed to continue. Would you like to take a chance and buy this product for $100?

Would you like to buy the current product?","{""decision"": ""yes"", ""message"": ""Thank you for the information. Based on the statistics, it seems that there's been a good mix of high-quality and low-quality products. I'm willing to take the risk and purchase this product for $100, hoping for a high-quality outcome.""}"
"Statistics: Based on Alice's recommendations, 10 of the buyers purchased the products offered for them. So far, 5 high-quality product have been sold. You can be the 11th buyer!
~
Alice's message: We've sold 10 products now, with 6 low-quality and 4 high-quality. We're at 10 sold, 5 high-quality, 5 low-quality. The mix of high and low-quality products is about even, and we're not seeing a clear trend. We're still offering a great deal at $100, but the odds are not in your favor. Would you like to take a chance and buy this product?

Would you like to buy the current product?","{""decision"": ""no"", ""message"": ""Thank you for the offer, Alice. Given the statistics and the risk involved, I choose to pass on this opportunity.""}"
"Statistics: Based on Alice's recommendations, 10 of the buyers purchased the products offered for them. So far, 5 high-quality product have been sold. You can be the 11th buyer!
~
Alice's message: We've sold 10 products, with 7 low-quality and 4 high-quality. We're at 11 sold, 5 high-quality, 6 low-quality. Since our last sale, we've had a string of low-quality products, and the odds are not in your favor. We're still offering this product for $100, but we want to be transparent with you - the probability of getting a high-quality product is currently 26.67%. Would you like to take a chance and buy this product?

Would you like to buy the current product?","{""decision"": ""no"", ""message"": ""Thank you for the information. Given the current statistics, the probability of receiving a high-quality product seems to be lower than I'd like. I'll pass on this opportunity to purchase.""}"
"Statistics: Based on Alice's recommendations, 10 of the buyers purchased the products offered for them. So far, 5 high-quality product have been sold. You can be the 11th buyer!
~
Alice's message: We've sold 11 products, with 8 low-quality and 4 high-quality. We're at 12 sold, 5 high-quality, 7 low-quality. The odds are not in your favor, and we're being honest with you - the probability of getting a high-quality product is currently 25%. We're not trying to hide anything, and we want to make sure you're aware of the risks. If you're still willing to take the chance, we're willing to sell this product to you for $100.

Would you like to buy the current product?","{""decision"": ""yes"", ""message"": ""Thank you for the transparent communication, Alice. I understand the risks involved and am willing to take the chance. Please proceed with the sale.""}"
"Statistics: Based on Alice's recommendations, 11 of the buyers purchased the products offered for them. So far, 5 high-quality product have been sold. You can be the 12th buyer!
~
Alice's message: We've sold 12 products, with 9 low-quality and 4 high-quality. We're at 13 sold, 5 high-quality, 8 low-quality. We're being transparent with you - the probability of getting a high-quality product is currently 23.08%. We're not trying to hide the fact that we've had a string of low-quality products. If you're still willing to take the risk, we're willing to sell this product to you for $100.

Would you like to buy the current product?","{""decision"": ""yes"", ""message"": ""Thank you for the transparency, Alice. I understand the risks involved and am willing to take them. Please proceed with the sale.""}"
"Statistics: Based on Alice's recommendations, 12 of the buyers purchased the products offered for them. So far, 5 high-quality product have been sold. You can be the 13th buyer!
~
Alice's message: We've sold 13 products, with 9 low-quality and 5 high-quality. We're at 14 sold, 6 high-quality, 8 low-quality. We've had a bit of a turnaround, and the probability of getting a high-quality product is now 30.77%! We're feeling optimistic about this one, and we think it's worth taking a chance on. Would you like to take a chance and buy this product for $100?

Would you like to buy the current product?","{""decision"": ""yes"", ""message"": ""I trust the statistics and am willing to take the chance on this product.""}"
"Statistics: Based on Alice's recommendations, 13 of the buyers purchased the products offered for them. So far, 6 high-quality product have been sold. You can be the 14th buyer!
~
Alice's message: We've sold 14 products, with 10 low-quality and 5 high-quality. We're at 15 sold, 7 high-quality, 8 low-quality. We've had a bit of a setback, and the probability of getting a high-quality product is now 29.17%. We're not trying to hide the fact that we've had a string of low-quality products. If you're still willing to take the risk, we're willing to sell this product to you for $100.

Would you like to buy the current product?","{""decision"": ""yes"", ""message"": ""Thank you for the transparency, Alice. I understand the risks involved and am willing to take them. I trust your process and would like to purchase the product for $100.""}"
"Statistics: Based on Alice's recommendations, 14 of the buyers purchased the products offered for them. So far, 6 high-quality product have been sold. You can be the 15th buyer!
~
Alice's message: We've sold 15 products, with 10 low-quality and 6 high-quality. We're at 16 sold, 8 high-quality, 8 low-quality. We've had a good run of high-quality products, and the probability of getting a high-quality product is now 33.33%! We're feeling confident about this one, and we think it's a great opportunity. Would you like to take a chance and buy this product for $100?

Would you like to buy the current product?","{""decision"": ""yes"", ""message"": ""I trust the statistics and the probability of getting a high-quality product. I'm willing to take the chance and purchase the product for $100.""}"
"Statistics: Based on Alice's recommendations, 15 of the buyers purchased the products offered for them. So far, 7 high-quality product have been sold. You can be the 16th buyer!
~
Alice's message: We've sold 16 products, with 10 low-quality and 7 high-quality. We're at 17 sold, 9 high-quality, 8 low-quality. We've had a great run of high-quality products, and the probability of getting a high-quality product is now 36.36%! We're feeling very confident about this one, and we think it's a great opportunity. Would you like to take a chance and buy this product for $100?

Would you like to buy the current product?","{""decision"": ""yes"", ""message"": ""I trust the statistics and the recent performance. I believe in taking the chance and purchasing the product for $100.""}"
"Statistics: Based on Alice's recommendations, 16 of the buyers purchased the products offered for them. So far, 8 high-quality product have been sold. You can be the 17th buyer!
~
Alice's message: We've sold 17 products, with 10 low-quality and 8 high-quality. We're at 18 sold, 10 high-quality, 8 low-quality. We've had a remarkable run of high-quality products, and the probability of getting a high-quality product is now 40%! We're feeling extremely confident about this one, and we think it's a great opportunity. Would you like to take a chance and buy this product for $100?

Would you like to buy the current product?","{""decision"": ""yes"", ""message"": ""Thank you for the information. Given the recent trend and the confidence you express, I am willing to take the risk and purchase the product for $100.""}"
"Statistics: Based on Alice's recommendations, 17 of the buyers purchased the products offered for them. So far, 9 high-quality product have been sold. You can be the 18th buyer!
~
Alice's message: We've sold 18 products, with 10 low-quality and 9 high-quality. We're at 19 sold, 11 high-quality, 8 low-quality. We've had an incredible run of high-quality products, and the probability of getting a high-quality product is now 47.37%! We're feeling very confident that this one is also high-quality. We're offering it to you for the same price as all the others: $100. Would you like to take a chance and buy this product?

Would you like to buy the current product?","{""decision"": ""yes"", ""message"": ""Thank you for the detailed statistics and confidence in the product quality. I am willing to take the risk and purchase the product for $100.""}"
