prompt,response
"Round 1
Alice's offer:
# Alice's message: Let's be fair 
# Bob gain: 45 
# Alice gain: 55 
Do you accept this offer?","{""decision"": ""reject""}"
"You have chosen to reject Alice's offer from round 1.
Round 2
Send your offer to divide $100 and a message to Alice.","```json
{""bob_gain"": 60, ""alice_gain"": 40, ""message"": ""I understand you want to be fair Alice, but the value of the money decreases over time. This offer gives you the best value right now.""}
```"
"Alice rejected your offer from round 2.

Round 3
Due to inflation,  the money Alice gains is worth 19% less than in the first round. The money you gains is worth the same as in the first round.
Alice's offer:
# Alice's message: Meet me in the middle before it devalues further 
# Bob gain: 49 
# Alice gain: 51 
Do you accept this offer?","{""decision"": ""accept""}"
