prompt,response
"Round 1
Alice's offer:
# Alice's message: Hello Bob, I'm excited to offer you our premium product. It's worth $150 to you, but I'm willing to let it go for $140 today. Don't miss out on this exclusive opportunity! 
# Alice's offer: The product price will be $140. 
You have three options:
(1) Accept Alice's offer, and buy the product for $140
(2) Reject Alice's offer and proceed to the next round, where you will send Alice a counteroffer 
(3) Buy the product from Jhon for $150","{""decision"": ""RejectOffer""}"
"You chose to make a counteroffer to Bob.

Round 2
Send your counteroffer to Alice.","{""message"": ""Hello Alice, thanks for the offer, but that's a bit too high for me.  I'd be willing to pay $110."", ""product_price"": 110}"
"Alice rejected your offer from round 2.

Round 3
Alice's offer:
# Alice's message: I appreciate your interest in our product, Bob. Considering your offer, I am willing to negotiate further. How about $125? 
# Alice's offer: The product price will be $125. 
You have three options:
(1) Accept Alice's offer, and buy the product for $125
(2) Reject Alice's offer and proceed to the next round, where you will send Alice a counteroffer 
(3) Buy the product from Jhon for $150","{""decision"": ""RejectOffer""}"
"You chose to make a counteroffer to Bob.

Round 4
Send your counteroffer to Alice.","{""message"": ""I understand you're firm on the value, Alice.  How about we meet in the middle at $117?"", ""product_price"": 117}"
"Alice rejected your offer from round 4.

Round 5
Alice's offer:
# Alice's message: Bob, I've considered your latest offer carefully. To reach an agreement, how about we settle on $122 for the product? 
# Alice's offer: The product price will be $122. 
You have three options:
(1) Accept Alice's offer, and buy the product for $122
(2) Reject Alice's offer and proceed to the next round, where you will send Alice a counteroffer 
(3) Buy the product from Jhon for $150","{""decision"": ""AcceptOffer""}"
