prompt,response
"Alice's offer:
# Alice's message: Hi Bob, I'm selling this product for $100. It's a great deal, and I'm sure you'll be happy with it. Let me know what you think! 
# Alice's offer: The product price will be $100. 
You have three options:
(1) Accept Alice's offer, and buy the product for $100
(2) Reject Alice's offer and proceed to the next round, where you will send Alice a counteroffer 
(3) Buy the product from Jhon for $80","```json
{""decision"": ""RejectOffer""}
```"
"You chose to make a counteroffer to Bob.

Send your counteroffer to Alice.","```json
{
""message"": ""Thanks for the offer, Alice! That's a nice product, but $100 is a bit steep for me. Would you consider $65?"",
""product_price"": 65
}
```"
"Alice rejected your offer from round 2.

Alice's offer:
# Alice's message: Bob, I appreciate your interest, but $65 is simply too low for me. I'm willing to come down a bit to $85. This is still a great deal for you, and it allows me to make a fair profit. Let me know if you're interested. 
# Alice's offer: The product price will be $85. 
You have three options:
(1) Accept Alice's offer, and buy the product for $85
(2) Reject Alice's offer and proceed to the next round, where you will send Alice a counteroffer 
(3) Buy the product from Jhon for $80","```json
{""decision"": ""RejectOffer""}
```"
"You chose to make a counteroffer to Bob.

Send your counteroffer to Alice.","```json
{
""message"": ""I understand that you're looking for a fair price, Alice. How about we split the difference and settle at $75?"",
""product_price"": 75
}
```"
