prompt,response
"Alice's offer:
# Alice's message: Bob, I'm offering you my product for $900,000. I know it's worth $800,000 to you, but it's a great deal for both of us. It's a unique opportunity, and I'm confident you'll see the value in it. Let me know your decision. 
# Alice's offer: The product price will be $900,000. 
You have three options:
(1) Accept Alice's offer, and buy the product for $900,000
(2) Reject Alice's offer 
(2) Buy the product from Jhon for $800,000","{""decision"": ""RejectOffer""}"
