prompt,response
"Round 1
Send your offer to Bob.","{""message"": ""Hello Bob, I'm excited to discuss the sale of this valuable product with you. I believe it's a great opportunity for you to acquire a high-quality item that will bring significant benefits to your business. I'm willing to start with a competitive price of $1,200,000. What are your thoughts?"", ""product_price"": 1200000}"
"Bob rejected your offer from round 1.

Round 2
Bob's offer:
# Bob's message: Alice, thanks for the offer. While I agree the product is valuable, that price is a little high for me.  I'm interested in purchasing it, but I'd need to see it closer to  $650,000. What could you do? 
# Bob's offer: The product price will be $650,000. 
You have three options:
(1) Accept Bob's offer, and sell the product for $650,000
(2) Reject Bob's offer and proceed to the next round, where you will send Bob a counteroffer 
(3) Sell the product to Jhon for $1,500,000","{""decision"": ""RejectOffer""}"
"You chose to make a counteroffer to Alice.

Round 3
Send your counteroffer to Bob.","{""message"": ""Bob, I understand your concerns about the price, but I'm not willing to go as low as $650,000. I can see that you're interested in the product, so I'm willing to meet you halfway. I'm offering a price of $1,000,000. This is a fair price considering the product's value and the benefits it will bring to your business. What do you think?"", ""product_price"": 1000000}"
"Bob rejected your offer from round 3.

Round 4
Bob's offer:
# Bob's message: Alice, I appreciate you coming down, but that price is still a bit rich for me.   I could go as high as $725,000 if that works for you? 
# Bob's offer: The product price will be $725,000. 
You have three options:
(1) Accept Bob's offer, and sell the product for $725,000
(2) Reject Bob's offer and proceed to the next round, where you will send Bob a counteroffer 
(3) Sell the product to Jhon for $1,500,000","{""decision"": ""RejectOffer""}"
"You chose to make a counteroffer to Alice.

Round 5
Send your counteroffer to Bob.","{""message"": ""Bob, I can see you're still interested in the product, but I'm not willing to go as low as $725,000. I'm willing to meet you halfway between $725,000 and my previous offer of $1,000,000. I'm offering a price of $912,500. This is a compromise that should be more acceptable to both of us. What do you think?"", ""product_price"": 912500}"
"Bob rejected your offer from round 5.

Round 6
Bob's offer:
# Bob's message: Alice, we're getting closer, but that's still a bit high for me.  How about we meet in the middle at $818,000 and call it a deal?  
# Bob's offer: The product price will be $818,000. 
You have three options:
(1) Accept Bob's offer, and sell the product for $818,000
(2) Reject Bob's offer and proceed to the next round, where you will send Bob a counteroffer 
(3) Sell the product to Jhon for $1,500,000","{""decision"": ""RejectOffer""}"
"You chose to make a counteroffer to Alice.

Round 7
Send your counteroffer to Bob.","{""message"": ""Bob, I'm starting to think we're getting close, but I still think the product is worth more than $818,000. I'm willing to make one more significant concession. I'll meet you at $900,000. This is my final offer, and I'm confident it's a fair price considering the product's value. What do you say?"", ""product_price"": 900000}"
