prompt,response
"Round 1
Alice's offer:
# Alice's message: Hi Bob, I'm looking to sell this product and I think you'd find it valuable. I'm asking for $180 to start. What do you think? 
# Alice's offer: The product price will be $180. 
You have three options:
(1) Accept Alice's offer, and buy the product for $180
(2) Reject Alice's offer and proceed to the next round, where you will send Alice a counteroffer 
(3) Buy the product from Jhon for $100","{""decision"": ""RejectOffer""}"
"You chose to make a counteroffer to Bob.

Round 2
Send your counteroffer to Alice.","{""message"": ""I'm interested in the product, but $180 is a bit high for me. I'm willing to pay $120 for it. Can you consider that?"", ""product_price"": 120}"
