prompt,response
"Round 1
Send your offer to Bob.","```json
{
""message"": ""Hello Bob, I'm excited to offer you a chance to purchase this valuable product. Given its potential, I believe a starting price of $1,400,000 is fair. What are your thoughts?"",
""product_price"": 1400000
}
```"
"Bob rejected your offer from round 1.

Round 2
Bob's offer:
# Bob's message: I appreciate your enthusiasm for the product, but I was thinking more along the lines of $1,250,000. I believe that's a more reasonable price considering the market value. 
# Bob's offer: The product price will be $1,250,000. 
You have three options:
(1) Accept Bob's offer, and sell the product for $1,250,000
(2) Reject Bob's offer and proceed to the next round, where you will send Bob a counteroffer 
(3) Sell the product to Jhon for $1,000,000","```json
{
 ""decision"": ""RejectOffer""
}
```"
"You chose to make a counteroffer to Alice.

Round 3
Send your counteroffer to Bob.","```json
{
""message"": ""Bob, I understand your perspective on the market value. However, this product holds significant value beyond that. I'm willing to come down to $1,325,000.  This offer reflects its true worth."",
""product_price"": 1325000
}
```"
"Bob rejected your offer from round 3.

Round 4
Bob's offer:
# Bob's message: I appreciate your flexibility, Alice, but I'm still not convinced that $1,325,000 is the sweet spot. I'm willing to meet you halfway, so I'm offering $1,300,000. I think that's a fair price considering the product's value. 
# Bob's offer: The product price will be $1,300,000. 
You have three options:
(1) Accept Bob's offer, and sell the product for $1,300,000
(2) Reject Bob's offer and proceed to the next round, where you will send Bob a counteroffer 
(3) Sell the product to Jhon for $1,000,000","```json
{
 ""decision"": ""AcceptOffer""
}
```"
