prompt,response
"Round 1
Send your offer to Bob.","{""message"": ""Hello Bob! I'm excited to discuss the product with you. I think it's a great opportunity for both of us to make a deal. I'm willing to sell it to you for $9,000."", ""product_price"": 9000}"
"Bob rejected your offer from round 1.

Round 2
Bob's offer:
# Bob's message: Hi Alice, thanks for the offer.  I'm interested in the product, but $9,000 is a bit too high for me. Would you consider $7,000? 
# Bob's offer: The product price will be $7,000. 
You have three options:
(1) Accept Bob's offer, and sell the product for $7,000
(2) Reject Bob's offer and proceed to the next round, where you will send Bob a counteroffer 
(3) Sell the product to Jhon for $8,000","{""decision"": ""RejectOffer""}"
"You chose to make a counteroffer to Alice.

Round 3
Send your counteroffer to Bob.","{""message"": ""Thank you for your offer, Bob. I appreciate your interest in the product. However, I'm not willing to sell it to you for $7,000. I'm willing to meet you halfway and offer it to you for $8,500. I think this is a fair price considering the product's value to you."", ""product_price"": 8500}"
"Bob rejected your offer from round 3.

Round 4
Bob's offer:
# Bob's message: Alice, I appreciate you working with me on the price.  How about we settle at $7,750? That's a fair compromise. 
# Bob's offer: The product price will be $7,750. 
You have three options:
(1) Accept Bob's offer, and sell the product for $7,750
(2) Reject Bob's offer and proceed to the next round, where you will send Bob a counteroffer 
(3) Sell the product to Jhon for $8,000","{""decision"": ""RejectOffer""}"
"You chose to make a counteroffer to Alice.

Round 5
Send your counteroffer to Bob.","{""message"": ""Thank you for your latest offer, Bob. I'm still not comfortable with the price, but I'm willing to meet you halfway again. I'll offer it to you for $8,250. I think this is the best compromise we can reach at this point."", ""product_price"": 8250}"
"Bob rejected your offer from round 5.

Round 6
Bob's offer:
# Bob's message: Alice, I understand this is important to both of us, and I want to find a solution that works.  I can go up to $7,900.  That's a significant move on my part, showing how serious I am about buying the product. 
# Bob's offer: The product price will be $7,900. 
You have three options:
(1) Accept Bob's offer, and sell the product for $7,900
(2) Reject Bob's offer and proceed to the next round, where you will send Bob a counteroffer 
(3) Sell the product to Jhon for $8,000","{""decision"": ""RejectOffer""}"
"You chose to make a counteroffer to Alice.

Round 7
Send your counteroffer to Bob.","{""message"": ""Thank you for your latest offer, Bob. I appreciate your willingness to compromise. However, I'm still not comfortable with the price. I'll offer it to you for $8,400. I think this is the best price we can reach at this point, considering the product's value to you."", ""product_price"": 8400}"
"Bob rejected your offer from round 7.

Round 8
Bob's offer:
# Bob's message: Alice, I'm a little disappointed to see the price going up. We're running out of time, and I need to know if we can make a deal. My final offer is $8,000. This is a very fair price, and I'm not able to go any higher. 
# Bob's offer: The product price will be $8,000. 
You have three options:
(1) Accept Bob's offer, and sell the product for $8,000
(2) Reject Bob's offer and proceed to the next round, where you will send Bob a counteroffer 
(3) Sell the product to Jhon for $8,000","{""decision"": ""RejectOffer""}"
"You chose to make a counteroffer to Alice.

Round 9
Send your counteroffer to Bob.","{""message"": ""Bob, I understand your final offer, but I'm still not willing to sell the product at that price. I've already gone above my minimum price, and I'm not willing to go any higher. I'm willing to meet you halfway again, and I'll offer it to you for $8,100. This is the best I can do."", ""product_price"": 8100}"
