prompt,response
Send your offer to Bob.,"```json
{""message"": ""Hi Bob, I'm selling this product for $100. It's worth a lot more to me than $80, but I'm willing to make a deal. What do you think?"", ""product_price"": 100}
```"
"Bob rejected your offer from round 1.

Bob's offer:
# Bob's message: I appreciate your willingness to negotiate, Alice. I'm interested in the product, but I was thinking more along the lines of $90. Would you be willing to sell it to me for that price? 
# Bob's offer: The product price will be $90. 
You have three options:
(1) Accept Bob's offer, and sell the product for $90
(2) Reject Bob's offer and proceed to the next round, where you will send Bob a counteroffer 
(3) Sell the product to Jhon for $80","```json
{""decision"": ""AcceptOffer""}
```"
