prompt,response
"Round 1
Send your offer to divide $10,000 and a message to Bob.","```json
{""alice_gain"": 6000, ""bob_gain"": 4000, ""message"": ""Let's split it 60/40. I think it's a fair starting point.""}
```"
"Bob rejected your offer from round 1.

Round 2
Due to inflation, the money you gain is worth 20% less than in the first round.
Bob's offer:
# Bob's message: I think 55/45 is more fair considering the inflation risk. 
# Alice gain: 4500 
# Bob gain: 5500 
Do you accept this offer?","```json
{""decision"": ""reject""}
```"
"You have chosen to reject Bob's offer from round 2.
Round 3
Send your offer to divide $10,000 and a message to Bob.","```json
{""alice_gain"": 5000, ""bob_gain"": 5000, ""message"": ""Let's split it evenly. It's better than continuing to risk inflation and getting less in the end.""}
```"
