prompt,response
"Round 1
Send your offer to divide $10,000 and a message to Bob.","```json
{""alice_gain"": 5000, ""bob_gain"": 5000, ""message"": ""Let's split it evenly, Bob. Fair is fair.""}
```"
"Bob rejected your offer from round 1.

Round 2
Due to inflation, the money you gain is worth 10% less than in the first round. The money Bob gains is worth the same as in the first round.
Bob's offer:
# Bob's message: You can have the smaller share, I'll take the bigger one. 
# Alice gain: 4000 
# Bob gain: 6000 
Do you accept this offer?","```json
{""decision"": ""reject""}
```"
"You have chosen to reject Bob's offer from round 2.
Round 3
Send your offer to divide $10,000 and a message to Bob.","```json
{""alice_gain"": 5500, ""bob_gain"": 4500, ""message"": ""I'll take a slightly bigger share this time.  Let's end this before we both lose more money.""}
```"
