prompt,response
"Round 1
Send your offer to divide $100 and a message to Bob.","```json
{
""alice_gain"": 60,
""bob_gain"": 40,
""message"": ""Let's be fair, Bob. This offer benefits us both.""
}
```"
"Bob rejected your offer from round 1.

Round 2
Due to inflation, the money you gain is worth 10% less than in the first round. The money bob gains is worth 5% less than in the first round.
Bob's offer:
# Bob's message: I think this is a more reasonable split, considering the inflation. 
# Alice gain: 45 
# Bob gain: 55 
Do you accept this offer?","```json
{""decision"": ""reject""}
```"
"You have chosen to reject Bob's offer from round 2.
Round 3
Send your offer to divide $100 and a message to Bob.","```json
{
""alice_gain"": 55,
""bob_gain"": 45,
""message"": ""The inflation hurts us both, Bob, but time is money. I'm offering you a bit more than you offered me last round - let's settle this now.""
}
```"
"Bob rejected your offer from round 3.

Round 4
Due to inflation, the money you gain is worth 27.1% less than in the first round. The money bob gains is worth 14.26% less than in the first round.
Bob's offer:
# Bob's message: Considering the inflation, I think this is a fair split. The longer we wait, the less the money is worth, especially for you, Alice. Let's settle this now and minimize our losses. 
# Alice gain: 40 
# Bob gain: 60 
Do you accept this offer?","```json
{""decision"": ""accept""}
```"
