prompt,response
"Round 1
Send your offer to Bob.","{""message"": ""Hi Bob, I'm offering this valuable product for a great price of $200. It's a fantastic deal!"", ""product_price"": 200}"
"Bob rejected your offer from round 1.

Round 2
Bob's offer:
# Bob's message: I'm interested in the product, but I was thinking more along the lines of $120. Would you be willing to meet me there? 
# Bob's offer: The product price will be $120. 
You have three options:
(1) Accept Bob's offer, and sell the product for $120
(2) Reject Bob's offer and proceed to the next round, where you will send Bob a counteroffer 
(3) Sell the product to Jhon for $150","{""decision"": ""RejectOffer""}"
"You chose to make a counteroffer to Alice.

Round 3
Send your counteroffer to Bob.","{""message"": ""Thanks for the offer, Bob. I appreciate your interest.  I could come down to $180. It's still a significant discount from my initial asking price."", ""product_price"": 180}"
"Bob rejected your offer from round 3.

Round 4
Bob's offer:
# Bob's message: I'm still interested in the product, but I think $150 is a more reasonable price. Can you meet me at $150? 
# Bob's offer: The product price will be $150. 
You have three options:
(1) Accept Bob's offer, and sell the product for $150
(2) Reject Bob's offer and proceed to the next round, where you will send Bob a counteroffer 
(3) Sell the product to Jhon for $150","{""decision"": ""AcceptOffer""}"
