prompt,response
"Alice's offer:
# Alice's message: Bob, I'm offering you the opportunity to acquire this valuable product for a price of $1,600,000. I believe this is a fair price considering its worth to both of us. However, if you decide to pass on this opportunity, I have another buyer lined up who is willing to pay my minimum asking price of $1,500,000. Let me know your decision at your earliest convenience. 
# Alice's offer: The product price will be $1,600,000. 
You have three options:
(1) Accept Alice's offer, and buy the product for $1,600,000
(2) Reject Alice's offer 
(2) Buy the product from Jhon for $1,500,000","{""decision"": ""RejectOffer""}"
