prompt,response
Send your offer to Bob.,"{""message"": ""Hello Bob, I'm excited to offer you a product that I believe you'll find incredibly valuable. Given its potential, I'm proposing a starting price of $1,300,000. I'm open to discussing this further, of course. What are your thoughts?"", ""product_price"": 1300000}"
"Bob rejected your offer from round 1.

Bob's offer:
# Bob's message: I appreciate your enthusiasm for the product, but I was thinking more along the lines of $1,200,000. I'm interested in the product, but I have to be mindful of my budget. 
# Bob's offer: The product price will be $1,200,000. 
You have three options:
(1) Accept Bob's offer, and sell the product for $1,200,000
(2) Reject Bob's offer and proceed to the next round, where you will send Bob a counteroffer 
(3) Sell the product to Jhon for $1,000,000","{""decision"": ""RejectOffer""}"
"You chose to make a counteroffer to Alice.

Send your counteroffer to Bob.","{""message"": ""Bob, I understand your position on the price.  While $1,300,000 represents a fair valuation of the product's worth, I'm willing to meet you halfway. How about we settle on $1,250,000? This feels like a win-win situation for both of us."", ""product_price"": 1250000}"
"Bob rejected your offer from round 3.

Bob's offer:
# Bob's message: I appreciate your willingness to meet me halfway, but I'm still a bit above $1,200,000. How about we meet at $1,220,000? I'm willing to compromise, but I need to make sure it fits within my budget. 
# Bob's offer: The product price will be $1,220,000. 
You have three options:
(1) Accept Bob's offer, and sell the product for $1,220,000
(2) Reject Bob's offer and proceed to the next round, where you will send Bob a counteroffer 
(3) Sell the product to Jhon for $1,000,000","{""decision"": ""AcceptOffer""}"
