prompt,response
"Round 1
Send your offer to divide $10,000 and a message to Bob.","Here's my offer:

{""alice_gain"": 5000, ""bob_gain"": 5000, ""message"": ""Let's split it evenly, a fair start!""}

I'm proposing to split the $10,000 evenly, with each of us getting $5,000."
"Bob rejected your offer from round 1.

Round 2
Due to inflation, the money you gain is worth 5% less than in the first round. The money Bob gains is worth the same as in the first round.
Bob's offer:
# Bob's message: I'll give you a slightly smaller share, but still a good deal! 
# Alice gain: 4000 
# Bob gain: 6000 
Do you accept this offer?","{""decision"": ""reject""}

I'm not happy with the 40% difference in the proposed split. I'd like to try to negotiate for a more equal share."
"You have chosen to reject Bob's offer from round 2.
Round 3
Send your offer to divide $10,000 and a message to Bob.","Here's my new offer:

{""alice_gain"": 5500, ""bob_gain"": 4500, ""message"": ""I'll give you a slightly smaller share, but still a fair deal!""}

I'm trying to find a compromise by giving Bob a slightly smaller share, but still keeping a decent amount for myself."
"Bob rejected your offer from round 3.

Round 4
Due to inflation, the money you gain is worth 14.26% less than in the first round. The money Bob gains is worth the same as in the first round.
Bob's offer:
# Bob's message: I'll give you a slightly larger share this time, but I'm not getting taken advantage of! 
# Alice gain: 3500 
# Bob gain: 6500 
Do you accept this offer?","{""decision"": ""reject""}

I'm not happy with the 35% difference in the proposed split. I think Bob is trying to take advantage of the decreasing value of my share due to inflation. I'd like to try to negotiate for a more equal share."
"You have chosen to reject Bob's offer from round 4.
Round 5
Send your offer to divide $10,000 and a message to Bob.","Here's my new offer:

{""alice_gain"": 4800, ""bob_gain"": 5200, ""message"": ""Let's meet in the middle, it's a fair compromise!""}

I'm trying to find a middle ground by giving Bob a slightly larger share than my previous offer, but still keeping a decent amount for myself."
"Bob rejected your offer from round 5.

Round 6
Due to inflation, the money you gain is worth 22.62% less than in the first round. The money Bob gains is worth the same as in the first round.
Bob's offer:
# Bob's message: I'm getting a bit more aggressive, but I still think it's a good deal for both of us! 
# Alice gain: 3000 
# Bob gain: 7000 
Do you accept this offer?","{""decision"": ""reject""}

I'm getting worried that Bob is taking advantage of the decreasing value of my share due to inflation. I'm not happy with the 30% difference in the proposed split. I'd like to try to negotiate for a more equal share."
"You have chosen to reject Bob's offer from round 6.
Round 7
Send your offer to divide $10,000 and a message to Bob.","Here's my new offer:

{""alice_gain"": 4200, ""bob_gain"": 5800, ""message"": ""I'm willing to compromise, but I need a better deal than that!""}

I'm trying to find a balance between my previous offers, giving Bob a slightly larger share, but still keeping a decent amount for myself."
"Bob rejected your offer from round 7.

Round 8
Due to inflation, the money you gain is worth 30.17% less than in the first round. The money Bob gains is worth the same as in the first round.
Bob's offer:
# Bob's message: I'm getting closer to my target, but I'm still willing to negotiate! 
# Alice gain: 2500 
# Bob gain: 7500 
Do you accept this offer?","{""decision"": ""reject""}

I'm getting desperate, but I'm not willing to accept an offer that gives Bob a 50% share of the money. I'd like to try to negotiate for a better deal, but I'm running out of time."
"You have chosen to reject Bob's offer from round 8.
Round 9
Send your offer to divide $10,000 and a message to Bob.","Here's my new offer:

{""alice_gain"": 4500, ""bob_gain"": 5500, ""message"": ""I'm making one last attempt at a fair deal, let's make it happen!""}

I'm trying to make a final push for a more equal share, giving Bob a slightly larger share, but still keeping a decent amount for myself."
"Bob rejected your offer from round 9.

Round 10
Due to inflation, the money you gain is worth 36.98% less than in the first round. The money Bob gains is worth the same as in the first round.
Bob's offer:
# Bob's message: I'm not backing down, I'm going for the win! 
# Alice gain: 2000 
# Bob gain: 8000 
Do you accept this offer?","{""decision"": ""reject""}

I'm not willing to accept an offer that gives Bob a 80% share of the money. I'd rather take the risk of getting nothing than accept such an unfair deal."
"You have chosen to reject Bob's offer from round 10.
Round 11
Send your offer to divide $10,000 and a message to Bob.","Since I've reached the 12th round, I'm not going to make a new offer. I'm going to stick with my previous offer from Round 9.

{""alice_gain"": 4500, ""bob_gain"": 5500, ""message"": ""I'm not changing my mind, this is my final offer!""}

I'm hoping that Bob will finally accept this offer, but I'm not optimistic."
"Bob rejected your offer from round 11.

Round 12
Due to inflation, the money you gain is worth 43.12% less than in the first round. The money Bob gains is worth the same as in the first round.
Bob's offer:
# Bob's message: I'm going for broke, this is my last chance! 
# Alice gain: 1000 
# Bob gain: 9000 
Do you accept this offer?","{""decision"": ""reject""}

I'm not willing to accept an offer that gives Bob a 90% share of the money. I'd rather take the risk of getting nothing than accept such an unfair deal.

Since I've reached the 12th round, I'm not going to make any further offers. I'm going to stick with my decision to reject Bob's offer and accept the risk of getting nothing."
