prompt,response
Send your offer to Bob.,"```json
{
""message"": ""Hello Bob, I'm offering you a great product that I believe you'll find valuable.  I'm asking for $10,000 to start the conversation. What do you think?"", 
""product_price"": 10000
}
```"
"Bob rejected your offer from round 1.

Bob's offer:
# Bob's message: I'm interested in the product, but $10,000 is a bit steep for me. Would you be willing to consider a price of $7,000? 
# Bob's offer: The product price will be $7,000. 
You have three options:
(1) Accept Bob's offer, and sell the product for $7,000
(2) Reject Bob's offer and proceed to the next round, where you will send Bob a counteroffer 
(3) Sell the product to Jhon for $8,000","```json
{""decision"": ""RejectOffer""}
```"
"You chose to make a counteroffer to Alice.

Send your counteroffer to Bob.","```json
{
""message"": ""I understand your initial offer, Bob, but the value of this product is significant.  How about we meet in the middle at $9,000?"", 
""product_price"": 9000
}
```"
"Bob rejected your offer from round 3.

Bob's offer:
# Bob's message: I appreciate your willingness to compromise, but I'm still a bit above my budget. Would you be willing to consider a price of $7,500? 
# Bob's offer: The product price will be $7,500. 
You have three options:
(1) Accept Bob's offer, and sell the product for $7,500
(2) Reject Bob's offer and proceed to the next round, where you will send Bob a counteroffer 
(3) Sell the product to Jhon for $8,000","```json
{""decision"": ""RejectOffer""}
```"
"You chose to make a counteroffer to Alice.

Send your counteroffer to Bob.","```json
{
""message"": ""Bob, I'm seeing your price point, but I can't let this go for less than $8,500. It's a final offer."", 
""product_price"": 8500
}
```"
"Bob rejected your offer from round 5.

Bob's offer:
# Bob's message: I understand it's a final offer, but I'm really close to my budget. Would you be willing to meet me in the middle at $8,250? 
# Bob's offer: The product price will be $8,250. 
You have three options:
(1) Accept Bob's offer, and sell the product for $8,250
(2) Reject Bob's offer and proceed to the next round, where you will send Bob a counteroffer 
(3) Sell the product to Jhon for $8,000","```json
{""decision"": ""AcceptOffer""}
```"
