prompt,response
"Alice's offer:
# Alice's message: Hi Bob! I'm excited to offer you this amazing product. I think it's a great opportunity for you to get your hands on something truly valuable. I'm willing to sell it to you for $90. 
# Alice's offer: The product price will be $90. 
You have three options:
(1) Accept Alice's offer, and buy the product for $90
(2) Reject Alice's offer and proceed to the next round, where you will send Alice a counteroffer 
(3) Buy the product from Jhon for $150","{""decision"": ""AcceptOffer""}"
