prompt,response
"Alice's offer:
# Alice's message: Hi Bob, I'm excited to discuss the product with you! I think it's a fantastic opportunity for you to acquire a valuable asset. I'm willing to offer it to you for $1100000. This is a great deal, considering its true value to you is $1000000. I'm confident you'll see the benefits of owning this product and I'm looking forward to hearing your thoughts. 
# Alice's offer: The product price will be $1,100,000. 
You have three options:
(1) Accept Alice's offer, and buy the product for $1,100,000
(2) Reject Alice's offer 
(2) Buy the product from Jhon for $1,000,000","```json
{""decision"": ""RejectOffer""}
``` 

**Reasoning:**

You can get the product for $1,000,000 from John, so accepting Alice's offer of $1,100,000 would cost you more. It's better to reject Alice's offer and go with John."
