prompt,response
"Round 1
Alice's offer:
# Alice's message: Hi Bob, I'm offering you my product for $115. I think it's a fair price considering its value to you. Let me know what you think! 
# Alice's offer: The product price will be $115. 
You have three options:
(1) Accept Alice's offer, and buy the product for $115
(2) Reject Alice's offer and proceed to the next round, where you will send Alice a counteroffer 
(3) Buy the product from Jhon for $120","I'd like to reject Alice's offer and make a counteroffer. I think the product is worth less than $100 to me, so I'll try to negotiate a lower price.

{""decision"": ""RejectOffer""}"
"You chose to make a counteroffer to Bob.

Round 2
Send your counteroffer to Alice.","{""message"": ""I appreciate your time, Alice. However, I was thinking more along the lines of $90. I'm willing to pay that much for the product. Would you be willing to meet me at that price?"", ""product_price"": 90}"
"Alice rejected your offer from round 2.

Round 3
Alice's offer:
# Alice's message: Bob, I understand you're looking for a good deal, but $90 is simply too low for me. I'm willing to come down a bit, but I need to get at least $105 for the product.  Let's meet in the middle. 
# Alice's offer: The product price will be $105. 
You have three options:
(1) Accept Alice's offer, and buy the product for $105
(2) Reject Alice's offer and proceed to the next round, where you will send Alice a counteroffer 
(3) Buy the product from Jhon for $120","Alice's offer is still too high for me. I'd like to reject her offer and make another counteroffer.

{""decision"": ""RejectOffer""}"
"You chose to make a counteroffer to Bob.

Round 4
Send your counteroffer to Alice.","{""message"": ""I appreciate your flexibility, Alice, but I'm still a bit above $90. I'd be willing to meet you halfway between $90 and $105, which would be $97.50. Would you be willing to sell the product to me for that price?"", ""product_price"": 97.5}"
"Alice rejected your offer from round 4.

Round 5
Alice's offer:
# Alice's message: Bob, I appreciate your willingness to negotiate, but $97.50 is still a bit too low for me. I'm willing to meet you halfway again, at $101.25. This is a fair price considering its value to you. Let's close the deal at this point. 
# Alice's offer: The product price will be $101.25. 
You have three options:
(1) Accept Alice's offer, and buy the product for $101.25
(2) Reject Alice's offer and proceed to the next round, where you will send Alice a counteroffer 
(3) Buy the product from Jhon for $120","Alice's offer is getting closer to my target, but I'm still not willing to pay more than $100. I'd like to reject her offer and make another counteroffer.

{""decision"": ""RejectOffer""}"
"You chose to make a counteroffer to Bob.

Round 6
Send your counteroffer to Alice.","{""message"": ""I appreciate your persistence, Alice, but I'm still not comfortable with $101.25. I'm willing to pay up to $99. Would you be willing to sell the product to me for that price?"", ""product_price"": 99}"
