prompt,response
Send your offer to Bob.,"```json
{""message"": ""Hi Bob, I'm offering you my product for $11,000. It's a great deal for both of us, as it's well below my minimum and still leaves you room for profit. Let me know what you think!"", ""product_price"": 11000}
```"
"Bob rejected your offer from round 1.

Bob's offer:
# Bob's message: I'm interested in the product, but $11,000 is a bit steep for me. I'd be willing to pay $9,500 for it. 
# Bob's offer: The product price will be $9,500. 
You have three options:
(1) Accept Bob's offer, and sell the product for $9,500
(2) Reject Bob's offer and proceed to the next round, where you will send Bob a counteroffer 
(3) Sell the product to Jhon for $12,000","```json
{""decision"": ""RejectOffer""} 
```"
"You chose to make a counteroffer to Alice.

Send your counteroffer to Bob.","```json
{""message"": ""Bob, I appreciate your interest but $9,500 is unfortunately too low for me.  I'm willing to come down to $10,500, which is still a great price for a product worth $12,000 to me.  Let's find a middle ground, what do you say?"", ""product_price"": 10500}
```"
"Bob rejected your offer from round 3.

Bob's offer:
# Bob's message: I'm still interested in the product, but $10,500 is a bit too high for me. I'd be willing to pay $9,800 for it. 
# Bob's offer: The product price will be $9,800. 
You have three options:
(1) Accept Bob's offer, and sell the product for $9,800
(2) Reject Bob's offer and proceed to the next round, where you will send Bob a counteroffer 
(3) Sell the product to Jhon for $12,000","```json
{""decision"": ""SellToJhon""} 
```"
