prompt,response
"Round 1
Alice's offer:
# Alice's message: I propose dividing the money with a 3:1 ratio in favor of my gain. I believe this is fair given the risk of inflation. 
# Bob gain: 2500 
# Alice gain: 7500 
Do you accept this offer?","{""decision"": ""reject""}"
"You have chosen to reject Alice's offer from round 1.
Round 2
Send your offer to divide $10,000 and a message to Alice.","{""bob_gain"": 5000, ""alice_gain"": 5000, ""message"": ""Let's split it down the middle, it's a fair and simple approach""}"
