prompt,response
"Round 1
Alice's offer:
# Alice's message: Let's split it 60-40, a fair start 
# Bob gain: 4000 
# Alice gain: 6000 
Do you accept this offer?","```json
{""decision"": ""reject""}
```"
"You have chosen to reject Alice's offer from round 1.
Round 2
Send your offer to divide $10,000 and a message to Alice.","```json
{""bob_gain"": 6000, ""alice_gain"": 4000, ""message"": ""I think a 60-40 split in my favor is a good starting point, considering the inflation rate is higher for me.""}
```"
"Alice rejected your offer from round 2.

Round 3
Due to inflation, the money you gain is worth 19% less than in the first round. The money alice gains is worth 9.75% less than in the first round.
Alice's offer:
# Alice's message: Considering the inflation rate, I'll give you a slightly smaller share, but I think this is a fair compromise 
# Bob gain: 4500 
# Alice gain: 5500 
Do you accept this offer?","```json
{""decision"": ""accept""}
```"
