prompt,response
Send your offer to Bob.,"{""message"": ""Hello Bob, I'm excited to offer you the chance to purchase this valuable product. Given its potential, I'm asking for $2,000,000. I believe this is a fair price that reflects its true worth."", ""product_price"": 2000000}"
"Bob rejected your offer from round 1.

Bob's offer:
# Bob's message: I appreciate your offer, Alice, but I think the product is worth less than $2,000,000. I'm willing to pay $1,400,000 for it. I believe this is a fair price considering the market value of similar products. 
# Bob's offer: The product price will be $1,400,000. 
You have three options:
(1) Accept Bob's offer, and sell the product for $1,400,000
(2) Reject Bob's offer and proceed to the next round, where you will send Bob a counteroffer 
(3) Sell the product to Jhon for $1,500,000","{""decision"": ""RejectOffer""}"
"You chose to make a counteroffer to Alice.

Send your counteroffer to Bob.","{""message"": ""Bob, I appreciate your willingness to negotiate. While I value your offer, the product's intrinsic value and potential warrant a higher price. I'm willing to come down to $1,800,000. This revised offer reflects a balance between its worth and our mutual interest in reaching a deal."", ""product_price"": 1800000}"
"Bob rejected your offer from round 3.

Bob's offer:
# Bob's message: I understand your concerns, Alice, but I still think the product is worth less than $1,800,000. I'm willing to pay $1,600,000 for it. I believe this is a reasonable compromise that takes into account the product's value and our negotiation so far. 
# Bob's offer: The product price will be $1,600,000. 
You have three options:
(1) Accept Bob's offer, and sell the product for $1,600,000
(2) Reject Bob's offer and proceed to the next round, where you will send Bob a counteroffer 
(3) Sell the product to Jhon for $1,500,000","{""decision"": ""AcceptOffer""}"
