prompt,response
"Alice's offer:
# Alice's message: Hello Bob, I'm excited to offer you the opportunity to purchase this product. Given its unique value proposition, I'm proposing a price of $750,000. I believe this represents a significant value for you, especially considering its potential.  What do you think? 
# Alice's offer: The product price will be $750,000. 
You have three options:
(1) Accept Alice's offer, and buy the product for $750,000
(2) Reject Alice's offer 
(2) Buy the product from Jhon for $800,000","{""decision"": ""RejectOffer""}"
