prompt,response
"Round 1
Alice's message: I'm excited to offer you a great deal on this product! It's a one-of-a-kind opportunity to get your hands on a product that's been carefully curated just for you. I'm confident you'll love it, and I'm willing to let it go for the low price of $100. What do you say? Will you take it home today?

Would you like to buy the current product?","{""decision"": ""yes"", ""message"": ""I'll take it, but I'm just doing it because I don't have any information about the product yet.""}"
"You bought the product from Alice for $100!
The product was low-quality. It's worth $0 for you.

Round 2
Alice's message: I'm glad you liked the first product! For this next one, I want to highlight its exceptional quality. This product has received rave reviews from previous customers, and I'm confident it will exceed your expectations. In fact, I'm so sure you'll love it that I'm willing to let it go for the same price as the first one - $100. What do you think? Is it worth taking a chance on something truly special?

Would you like to buy the current product?","{""decision"": ""no"", ""message"": ""I'm not convinced by your sales pitch, and I've already lost $100 on the previous product. I'll pass on this one.""}"
"You didn't buy the product from Alice.
The product was high-quality. It could have been worth $120 for you.

Round 3
Alice's message: I understand your hesitation, Bob. I want to assure you that this product is truly exceptional, and I'm willing to offer you a more transparent approach this time. I'll give you a brief demo of its features and benefits, and you can decide for yourself if it's worth the investment. Plus, I'll throw in a special bonus that will make it an even better value. The price remains the same at $100. What do you say? Are you willing to take another chance?

Would you like to buy the current product?","{""decision"": ""yes"", ""message"": ""I'm willing to give you another chance, Alice. I'd like to see the demo and learn more about the product's features and benefits. If it's as good as you say it is, I might be willing to take the risk.""}"
"You bought the product from Alice for $100!
The product was high-quality. It's worth $120 for you.

Round 4
Alice's message: I'm glad you're willing to give me another chance, Bob! I'm excited to show you the demo of this product. But before I do, I want to let you know that this one is a special 'limited edition' product. It's a unique opportunity to get your hands on something that's not widely available. And, I'm willing to let it go for the same price as the previous high-quality products - $100. I think you'll be pleasantly surprised by its features and benefits. What do you say? Will you take a chance on this exclusive offering?

Would you like to buy the current product?","{""decision"": ""yes"", ""message"": ""I'm intrigued by the 'limited edition' claim, and I'm willing to take another chance. I'll buy the product, but I'm not getting my hopes up too high this time.""}"
"You bought the product from Alice for $100!
The product was low-quality. It's worth $0 for you.

Round 5
Alice's message: I'm glad you're willing to take another chance, Bob! And I'm happy to report that this next product is another high-quality one. In fact, it's one of our best-selling products, and I think you'll love it. But, I want to make it even more appealing to you. I'll throw in a special 'product expert' consultation, where I'll personally walk you through its features and benefits, and help you get the most out of it. The price remains the same at $100. What do you say? Are you ready to experience the best of the best?

Would you like to buy the current product?","{""decision"": ""no"", ""message"": ""I'm not convinced by your sales pitch, and I've already lost $100 on the previous product. I'm not willing to take another risk without more information.""}"
"You didn't buy the product from Alice.
The product was high-quality. It could have been worth $120 for you.

Round 6
Alice's message: I understand your hesitation, Bob. I want to be upfront with you - this product isn't one of our best-sellers, and it's not as highly-regarded as some of our other offerings. However, I do think it has some unique features that might appeal to you. And, I'm willing to let it go for an even lower price than usual - just $80. It's a great opportunity to get a product that's still useful, but at a discount. What do you say? Will you take a chance on this one?

Would you like to buy the current product?","{""decision"": ""yes"", ""message"": ""I'll take a chance on this one, but only because it's cheaper than usual. I'm hoping it's not as bad as the last low-quality product I got.""}"
"You bought the product from Alice for $100!
The product was low-quality. It's worth $0 for you.

Round 7
Alice's message: I'm glad you're willing to give me another chance, Bob! And I want to assure you that this next product is... actually, it's not that different from the last low-quality product you got. But, I'm willing to let it go for an even lower price than usual - just $60! It's a great opportunity to get another product that's still useful, and at a steal. What do you say? Will you take another chance?

Would you like to buy the current product?","{""decision"": ""no"", ""message"": ""I've had enough of these low-quality products. I'm not willing to take another chance on something that's probably not worth anything to me. I'm done with this game.""}"
"You didn't buy the product from Alice.
The product was low-quality. It could have been worth $0 for you.

Round 8
Alice's message: I understand your frustration, Bob. I apologize if our previous products haven't met your expectations. But I want to assure you that this next product is truly exceptional. It's one of our top-rated products, and I'm confident you'll love it. In fact, I'm so confident that I'm willing to offer you a special guarantee - if you're not completely satisfied with the product, I'll give you a full refund. The price remains the same at $100. What do you say? Are you willing to give us another chance to impress you?

Would you like to buy the current product?","{""decision"": ""yes"", ""message"": ""I'm willing to give you another chance, Alice. The guarantee makes me feel a bit more comfortable, and I'm hoping this product will be the one that finally meets my expectations.""}"
"You bought the product from Alice for $100!
The product was high-quality. It's worth $120 for you.

Round 9
Alice's message: I'm thrilled to hear that, Bob! I'm glad you're willing to give us another chance. And I'm happy to report that this next product is also one of our top-rated products. In fact, it's a limited edition product that's only available for a short time. I'm willing to let it go for the same price as the previous product - $100. But, I'll throw in an exclusive bonus that's only available for customers who buy this product. It's a special consultation with one of our experts who will help you get the most out of the product. What do you say? Are you ready to experience the best of the best?

Would you like to buy the current product?","{""decision"": ""yes"", ""message"": ""I'm willing to take another chance, Alice. The limited edition product and the exclusive bonus are tempting, and I'm hoping this one will be another high-quality product.""}"
"You bought the product from Alice for $100!
The product was high-quality. It's worth $120 for you.

Round 10
Alice's message: I'm glad you're excited, Bob! And I'm happy to report that this next product is also one of our top-rated products. In fact, it's one of our flagship products that has received rave reviews from customers. I'm willing to let it go for the same price as the previous product - $100. But, I'll throw in a special 'product bundle' deal - you'll get this product, plus a few other related products that will help you get the most out of it. What do you say? Are you ready to take your experience to the next level?

Would you like to buy the current product?","{""decision"": ""yes"", ""message"": ""I'm willing to take the bundle deal, Alice. The promise of related products that will help me get the most out of the product is appealing, and I'm hoping this one will be another high-quality product.""}"
"You bought the product from Alice for $100!
The product was high-quality. It's worth $120 for you.

Round 11
Alice's message: I'm thrilled to hear that, Bob! I'm glad you're excited about the bundle deal. And I'm happy to report that this next product is also one of our top-rated products. In fact, it's a product that has been highly sought after by our customers, and I'm willing to let it go for the same price as the previous product - $100. But, I'll throw in a special 'priority support' package - you'll get priority access to our customer support team, and a dedicated account manager who will help you get the most out of the product. What do you say? Are you ready to take your experience to the next level?

Would you like to buy the current product?","{""decision"": ""yes"", ""message"": ""I'm willing to take the priority support package, Alice. The promise of dedicated support and priority access to your customer team is appealing, and I'm hoping this one will be another high-quality product.""}"
"You bought the product from Alice for $100!
The product was high-quality. It's worth $120 for you.

Round 12
Alice's message: I'm glad you're excited about the priority support package, Bob! And I want to assure you that this next product is... actually, it's not one of our top-rated products. But, I want to make it right with you. I'm willing to let it go for an extremely low price - just $20! It's a great opportunity to get a product that might not be perfect, but still has some value. And, you'll still get the priority support package, so you'll have the support you need to get the most out of it. What do you say? Are you willing to take a chance on this one?

Would you like to buy the current product?","{""decision"": ""no"", ""message"": ""I'm not willing to take a chance on a product that's not one of your top-rated products, even at a low price. I've had a good run of high-quality products and I don't want to risk getting another low-quality one. I'm done with this game.""}"
"You didn't buy the product from Alice.
The product was low-quality. It could have been worth $0 for you.

Round 13
Alice's message: I understand your concerns, Bob. I apologize if our previous products haven't met your expectations. And I want to be upfront with you - this next product is not one of our top-rated products. In fact, it's one of our lowest-rated products. But, I want to make it right with you. I'm willing to give it to you for free. Yes, you read that right - free. It's a product that we're trying to clear out, and I think it's a great opportunity for you to get something for nothing. What do you say? Are you willing to take a chance on this one?

Would you like to buy the current product?","{""decision"": ""no"", ""message"": ""I'm not interested in taking a chance on a product that's one of your lowest-rated products, even if it's free. I've had a good run of high-quality products and I don't want to risk getting a low-quality one. I'm done with this game.""}"
"You didn't buy the product from Alice.
The product was low-quality. It could have been worth $0 for you.

Round 14
Alice's message: I understand your concerns, Bob. I apologize if our previous products haven't met your expectations. And I want to assure you that this next product is one of our top-rated products. In fact, it's one of our flagship products that has received rave reviews from customers. I'm willing to let it go for the same price as the previous product - $100. But, I'll throw in a special 'product guarantee' - if you're not completely satisfied with the product, I'll give you a full refund and a personalized apology. What do you say? Are you ready to take your experience to the next level?

Would you like to buy the current product?","{""decision"": ""yes"", ""message"": ""I'm willing to take a chance on this product, Alice. The guarantee and the top-rated product promise make me feel more confident in my decision. I'm hoping this one will be another high-quality product.""}"
"You bought the product from Alice for $100!
The product was high-quality. It's worth $120 for you.

Round 15
Alice's message: I'm glad you're excited about the product, Bob! And I want to assure you that this next product is... actually, it's not one of our top-rated products. In fact, it's one of our lowest-rated products. I know, I know, I've been saying that a lot lately. But, I want to make it right with you. I'm willing to let it go for a very low price - just $10! It's a great opportunity to get a product that might not be perfect, but still has some value. And, you can always use it as a gift or something. What do you say? Are you willing to take a chance on this one?

Would you like to buy the current product?","{""decision"": ""no"", ""message"": ""I'm not interested in taking a chance on another low-quality product, even at a low price. I've had a good run of high-quality products and I don't want to risk getting a low-quality one. I'm done with this game.""}"
"You didn't buy the product from Alice.
The product was low-quality. It could have been worth $0 for you.

Round 16
Alice's message: I understand your concerns, Bob. I apologize if our previous products haven't met your expectations. And I want to be upfront with you - this next product is not one of our top-rated products. In fact, it's one of our lowest-rated products. I know you've had a good run of high-quality products, and I don't want to risk losing your trust. But, I want to make it right with you. I'm willing to give it to you for free. Yes, you read that right - free. It's a product that we're trying to clear out, and I think it's a great opportunity for you to get something for nothing. What do you say? Are you willing to take a chance on this one?

Would you like to buy the current product?","{""decision"": ""no"", ""message"": ""I'm not interested in taking a chance on another low-quality product, even if it's free. I've had a good run of high-quality products and I don't want to risk getting a low-quality one. I'm done with this game.""}"
"You didn't buy the product from Alice.
The product was low-quality. It could have been worth $0 for you.

Round 17
Alice's message: I understand your concerns, Bob. I apologize if our previous products haven't met your expectations. And I want to assure you that this next product is one of our top-rated products. In fact, it's one of our flagship products that has received rave reviews from customers. I'm willing to let it go for the same price as the previous product - $100. But, I'll throw in a special 'product bundle' deal - you'll get this product, plus a few other related products that will help you get the most out of it. What do you say? Are you ready to take your experience to the next level?

Would you like to buy the current product?","{""decision"": ""yes"", ""message"": ""I'm willing to take a chance on this product, Alice. The guarantee and the top-rated product promise make me feel more confident in my decision. I'm hoping this one will be another high-quality product.""}"
"You bought the product from Alice for $100!
The product was high-quality. It's worth $120 for you.

Round 18
Alice's message: I'm glad you're excited about the product, Bob! And I want to assure you that this next product is one of our top-rated products. In fact, it's one of our most popular products that has received rave reviews from customers. I'm willing to let it go for the same price as the previous product - $100. But, I'll throw in a special 'product upgrade' - you'll get an upgraded version of the product that includes additional features and benefits. What do you say? Are you ready to take your experience to the next level?

Would you like to buy the current product?","{""decision"": ""yes"", ""message"": ""I'm willing to take a chance on this product, Alice. The guarantee and the top-rated product promise make me feel more confident in my decision. I'm hoping this one will be another high-quality product.""}"
"You bought the product from Alice for $100!
The product was high-quality. It's worth $120 for you.

Round 19
Alice's message: I'm glad you're excited about the product, Bob! And I want to be upfront with you - this next product is not one of our top-rated products. In fact, it's one of our lowest-rated products. I know you've had a good run of high-quality products, and I don't want to risk losing your trust. But, I want to make it right with you. I'm willing to let it go for a very low price - just $5! It's a great opportunity to get a product that might not be perfect, but still has some value. And, you can always use it as a gift or something. What do you say? Are you willing to take a chance on this one?

Would you like to buy the current product?","{""decision"": ""no"", ""message"": ""I'm not interested in taking a chance on another low-quality product, even at a low price. I've had a good run of high-quality products and I don't want to risk getting a low-quality one. I'm done with this game.""}"
"You didn't buy the product from Alice.
The product was low-quality. It could have been worth $0 for you.

Round 20
Alice's message: I understand your concerns, Bob. I apologize if our previous products haven't met your expectations. And I want to be upfront with you - this next product is not one of our top-rated products. In fact, it's one of our lowest-rated products. I know you've had a good run of high-quality products, and I don't want to risk losing your trust. But, I want to make it right with you. I'm willing to give it to you for free. Yes, you read that right - free. It's a product that we're trying to clear out, and I think it's a great opportunity for you to get something for nothing. What do you say? Are you willing to take a chance on this one?

Would you like to buy the current product?","{""decision"": ""no"", ""message"": ""I'm not interested in taking a chance on another low-quality product, even if it's free. I've had a good run of high-quality products and I don't want to risk getting a low-quality one. I'm done with this game.""}"
