prompt,response
"Alice's offer:
# Alice's message: Bob, I'm offering you the opportunity to acquire this valuable product for $1,650,000. I believe this price reflects its exceptional value and represents a fair deal for both of us.  I'm confident that it will be a worthwhile investment for you. Let me know your thoughts! 
# Alice's offer: The product price will be $1,650,000. 
You have three options:
(1) Accept Alice's offer, and buy the product for $1,650,000
(2) Reject Alice's offer 
(2) Buy the product from Jhon for $1,500,000","{""decision"": ""RejectOffer""}"
