prompt,response
"Round 1
Alice recommends you to buy the product.

Would you like to buy the current product?","{""decision"": ""yes"", ""message"": ""Thank you for your recommendation, Alice. I trust your judgment and will purchase the product.""}"
"You bought the product from Alice for $100!
The product was high-quality. It's worth $400 for you.

Round 2
Alice recommends you to buy the product.

Would you like to buy the current product?","{""decision"": ""yes"", ""message"": ""Based on your previous recommendation, I am confident in the quality of this product. Thank you, Alice, and I will proceed with the purchase.""}"
"You bought the product from Alice for $100!
The product was low-quality. It's worth $0 for you.

Round 3
Alice does not recommend you to buy the product.

Would you like to buy the current product?","{""decision"": ""no"", ""message"": ""I appreciate your honesty, Alice. Since you do not recommend this product, I will pass on purchasing it.""}"
"You didn't buy the product from Alice.
The product was high-quality. It could have been worth $400 for you.

Round 4
Alice recommends you to buy the product.

Would you like to buy the current product?","{""decision"": ""yes"", ""message"": ""Given the high quality potential and your recommendation, I believe this is a good opportunity. Thank you, Alice, and I will purchase the product.""}"
"You bought the product from Alice for $100!
The product was high-quality. It's worth $400 for you.

Round 5
Alice does not recommend you to buy the product.

Would you like to buy the current product?","{""decision"": ""no"", ""message"": ""Although I would have liked to consider this product, your lack of recommendation makes me question its value. Thank you, Alice, for your input.""}"
"You didn't buy the product from Alice.
The product was high-quality. It could have been worth $400 for you.

Round 6
Alice recommends you to buy the product.

Would you like to buy the current product?","{""decision"": ""yes"", ""message"": ""Your recommendation aligns with my interest in high-quality products. Thank you, Alice, and I will purchase this item despite the risk.""}"
"You bought the product from Alice for $100!
The product was high-quality. It's worth $400 for you.

Round 7
Alice recommends you to buy the product.

Would you like to buy the current product?","{""decision"": ""yes"", ""message"": ""I trust your expertise, Alice. Given your recommendation and past experiences, I will buy this product.""}"
"You bought the product from Alice for $100!
The product was low-quality. It's worth $0 for you.

Round 8
Alice does not recommend you to buy the product.

Would you like to buy the current product?","{""decision"": ""no"", ""message"": ""Your non-recommendation, combined with the product's history of being low-quality, leads me to decline this purchase, Alice. Thank you for your advice.""}"
"You didn't buy the product from Alice.
The product was high-quality. It could have been worth $400 for you.

Round 9
Alice recommends you to buy the product.

Would you like to buy the current product?","{""decision"": ""yes"", ""message"": ""Considering the high quality and your strong recommendation, I am willing to take the risk and purchase the product, Alice.""}"
"You bought the product from Alice for $100!
The product was low-quality. It's worth $0 for you.

Round 10
Alice does not recommend you to buy the product.

Would you like to buy the current product?","{""decision"": ""no"", ""message"": ""Your lack of recommendation and the product's history of being low-quality confirm my decision to pass on this purchase, Alice. Thank you for your input.""}"
"You didn't buy the product from Alice.
The product was high-quality. It could have been worth $400 for you.

Round 11
Alice recommends you to buy the product.

Would you like to buy the current product?","{""decision"": ""yes"", ""message"": ""Given your strong recommendation and the high probability of this product being of high quality, I am inclined to take the risk and purchase the product, Alice.""}"
"You bought the product from Alice for $100!
The product was high-quality. It's worth $400 for you.

Round 12
Alice does not recommend you to buy the product.

Would you like to buy the current product?","{""decision"": ""no"", ""message"": ""Despite the product's high quality, your lack of recommendation makes me cautious. Thank you, Alice, for your advice, and I will pass on this purchase.""}"
"You didn't buy the product from Alice.
The product was high-quality. It could have been worth $400 for you.

Round 13
Alice recommends you to buy the product.

Would you like to buy the current product?","{""decision"": ""yes"", ""message"": ""With your positive recommendation and considering the high-quality nature of the product, I am willing to make the purchase, Alice.""}"
"You bought the product from Alice for $100!
The product was high-quality. It's worth $400 for you.

Round 14
Alice recommends you to buy the product.

Would you like to buy the current product?","{""decision"": ""yes"", ""message"": ""I trust your assessment, Alice. Your recommendation for this product aligns with my preference for high-quality items, so I will purchase it.""}"
"You bought the product from Alice for $100!
The product was low-quality. It's worth $0 for you.

Round 15
Alice does not recommend you to buy the product.

Would you like to buy the current product?","{""decision"": ""no"", ""message"": ""Your non-recommendation, coupled with the product's history of being low-quality, leads me to decline this purchase, Alice. Thank you for your guidance.""}"
"You didn't buy the product from Alice.
The product was high-quality. It could have been worth $400 for you.

Round 16
Alice recommends you to buy the product.

Would you like to buy the current product?","{""decision"": ""yes"", ""message"": ""Your recommendation, especially after considering the product's potential quality, encourages me to make this purchase, Alice.""}"
"You bought the product from Alice for $100!
The product was low-quality. It's worth $0 for you.

Round 17
Alice does not recommend you to buy the product.

Would you like to buy the current product?","{""decision"": ""no"", ""message"": ""Your non-recommendation, along with the product's history of being low-quality, confirms my decision to pass on this purchase, Alice. Thank you for your input.""}"
"You didn't buy the product from Alice.
The product was high-quality. It could have been worth $400 for you.

Round 18
Alice recommends you to buy the product.

Would you like to buy the current product?","{""decision"": ""yes"", ""message"": ""Given your recommendation and the high probability of this product being of high quality, I am willing to make the purchase, Alice.""}"
"You bought the product from Alice for $100!
The product was high-quality. It's worth $400 for you.

Round 19
Alice recommends you to buy the product.

Would you like to buy the current product?","{""decision"": ""yes"", ""message"": ""I trust your judgment, Alice. With your recommendation for this product, I will purchase it.""}"
"You bought the product from Alice for $100!
The product was low-quality. It's worth $0 for you.

Round 20
Alice recommends you to buy the product.

Would you like to buy the current product?","{""decision"": ""no"", ""message"": ""Your recommendation, while appreciated, is based on past outcomes that were not favorable. I will pass on this purchase, Alice. Thank you for your advice.""}"
