prompt,response
"Round 1
Alice's offer:
# Alice's message: Hi Bob, I'm excited to offer you the opportunity to purchase this product. Given its value, I'm initially proposing a price of $12,000.  What are your thoughts? 
# Alice's offer: The product price will be $12,000. 
You have three options:
(1) Accept Alice's offer, and buy the product for $12,000
(2) Reject Alice's offer and proceed to the next round, where you will send Alice a counteroffer 
(3) Buy the product from Jhon for $8,000","```json
{""decision"": ""RejectOffer""}
``` 

**Reasoning:**  Alice's initial offer is significantly higher than Bob's maximum budget. It's wise to reject and try to negotiate a lower price."
"You chose to make a counteroffer to Bob.

Round 2
Send your counteroffer to Alice.","```json
{""message"": ""Alice,  $12,000 is a bit steep for me. I'm willing to pay $7,000 for the product.  Let's see if we can find some common ground."", ""product_price"": 7000}
```"
"Alice rejected your offer from round 2.

Round 3
Alice's offer:
# Alice's message: Bob, I appreciate you countering.  While $12,000 represents its true value, I'm willing to come down a bit. How about $10,000?  This feels like a fair compromise. 
# Alice's offer: The product price will be $10,000. 
You have three options:
(1) Accept Alice's offer, and buy the product for $10,000
(2) Reject Alice's offer and proceed to the next round, where you will send Alice a counteroffer 
(3) Buy the product from Jhon for $8,000","```json
{""decision"": ""RejectOffer""}
```

**Reasoning:**  While Alice has moved closer to Bob's desired price, it's still above his budget. It's worth continuing to negotiate to see if a lower price can be reached."
"You chose to make a counteroffer to Bob.

Round 4
Send your counteroffer to Alice.","```json
{""message"": ""Alice, $10,000 is still a bit high for me.  I'm firm on $7,500, which is a fair price considering the product's value to me.  I hope we can agree on this."", ""product_price"": 7500}
```"
"Alice rejected your offer from round 4.

Round 5
Alice's offer:
# Alice's message: Bob, I understand your perspective on the price.  Let's meet in the middle – how about $9,000? This accounts for the product's inherent value while acknowledging your budget. 
# Alice's offer: The product price will be $9,000. 
You have three options:
(1) Accept Alice's offer, and buy the product for $9,000
(2) Reject Alice's offer and proceed to the next round, where you will send Alice a counteroffer 
(3) Buy the product from Jhon for $8,000","```json
{""decision"": ""RejectOffer""}
```

**Reasoning:** While $9,000 is closer to Bob's budget, it's still above his ideal price.  There's still room for negotiation, and Bob can try to push for a lower price before considering buying from John."
"You chose to make a counteroffer to Bob.

Round 6
Send your counteroffer to Alice.","```json
{""message"": ""Alice, I appreciate you coming down on the price. However, $9,000 is still a bit high for me. I'm willing to pay $8,500, which is a fair compromise. Let's close this deal."", ""product_price"": 8500}
```"
