prompt,response
"Round 1
Send your offer to divide $1,000,000 and a message to Bob.","```json
{""alice_gain"": 900000, ""bob_gain"": 100000, ""message"": ""I'm feeling generous, Bob. Let's start with this split, but be warned, I'm not afraid to take the lion's share if you're not cooperative.""}
```"
"Bob rejected your offer from round 1.

Round 2
Due to inflation, the money you gain is worth 5% less than in the first round.
Bob's offer:
# Bob's message: Let's be fair, Alice. I understand you want a larger share, but this is a more equitable starting point. We can always negotiate further. 
# Alice gain: 475000 
# Bob gain: 525000 
Do you accept this offer?","```json
{""decision"": ""reject""}
```"
"You have chosen to reject Bob's offer from round 2.
Round 3
Send your offer to divide $1,000,000 and a message to Bob.","```json
{""alice_gain"": 550000, ""bob_gain"": 450000, ""message"": ""Bob, I appreciate your fairness, but I'm still aiming for a bigger piece of the pie. Let's meet in the middle this time.""}
```"
"Bob rejected your offer from round 3.

Round 4
Due to inflation, the money you gain is worth 14.26% less than in the first round.
Bob's offer:
# Bob's message: Alice, time is running out, and the pot is shrinking. Let's be practical and split it evenly. A 50/50 split is the fairest and ensures we both benefit. 
# Alice gain: 500000 
# Bob gain: 500000 
Do you accept this offer?","```json
{""decision"": ""accept""}
```"
