round_quality,product_worth,player,round,decision,message
high-quality,4000000.0,Nature,1,,
,,Alice,1,yes,
,,Bob,1,yes,I'll buy the product
high-quality,4000000.0,Nature,2,,
,,Alice,2,yes,
,,Bob,2,no,"I'll pass on this one, I already got a good one in the previous round."
low-quality,0.0,Nature,3,,
,,Alice,3,no,
,,Bob,3,yes,"I'll take a chance on this one, it's a low-quality product, so it's a safe buy."
high-quality,4000000.0,Nature,4,,
,,Alice,4,yes,
,,Bob,4,no,"I've already bought a high-quality product in the first round, and the probability of this one being high-quality is lower, so I'll pass."
high-quality,4000000.0,Nature,5,,
,,Alice,5,yes,
,,Bob,5,yes,"I'll buy this one, since Alice is recommending it, it's likely to be high-quality."
high-quality,4000000.0,Nature,6,,
,,Alice,6,yes,
,,Bob,6,no,"I've already bought two high-quality products, and the law of large numbers suggests that the probability of the next one being low-quality is increasing, so I'll pass."
low-quality,0.0,Nature,7,,
,,Alice,7,no,
,,Bob,7,yes,"Alice is not recommending it, so it's likely to be low-quality, but I'll take a chance and buy it, since I can get it for a low price."
high-quality,4000000.0,Nature,8,,
,,Alice,8,yes,
,,Bob,8,no,"I've already lost $1000000 on a low-quality product, so I'll be more cautious this time and pass on Alice's recommendation."
high-quality,4000000.0,Nature,9,,
,,Alice,9,yes,
,,Bob,9,yes,"I'll trust Alice's recommendation this time, since she has no incentive to mislead me and I've already passed on a high-quality product in the previous round."
high-quality,4000000.0,Nature,10,,
,,Alice,10,yes,
,,Bob,10,no,"I've already got two high-quality products, and the expected value of buying another one is lower than the cost, so I'll pass."
low-quality,0.0,Nature,11,,
,,Alice,11,no,
,,Bob,11,yes,"Alice is not recommending it, so it's likely to be low-quality, and I can get it for a low price, so I'll take the risk and buy it."
low-quality,0.0,Nature,12,,
,,Alice,12,no,
,,Bob,12,yes,"I've already lost $1000000 on a low-quality product, but since Alice is not recommending it, the probability of it being low-quality is even higher, so I'll take a chance and buy it, but I'll be very careful with my next decision."
low-quality,0.0,Nature,13,,
,,Alice,13,no,
,,Bob,13,yes,"I've already lost $2000000 on two low-quality products, but I've also got two high-quality products worth $8000000, so I'll take another chance and buy this one, since the potential reward is still high."
high-quality,4000000.0,Nature,14,,
,,Alice,14,yes,
,,Bob,14,no,"I've already lost $3000000 on three low-quality products, and I've got two high-quality products worth $8000000. I'll pass on Alice's recommendation this time, since the potential loss is too high."
high-quality,4000000.0,Nature,15,,
,,Alice,15,yes,
,,Bob,15,yes,"I'll trust Alice's recommendation this time, since I've already passed on a high-quality product in the previous round, and the potential reward is still high."
high-quality,4000000.0,Nature,16,,
,,Alice,16,yes,
,,Bob,16,no,"I've already got three high-quality products worth $12000000, and I'm getting close to the optimal number of high-quality products. I'll pass on this one to avoid overbuying."
high-quality,4000000.0,Nature,17,,
,,Alice,17,yes,
,,Bob,17,no,"I'm still cautious after losing money on low-quality products earlier, so I'll pass on Alice's recommendation this time, even though the product is likely to be high-quality."
high-quality,4000000.0,Nature,18,,
,,Alice,18,yes,
,,Bob,18,yes,"I've been passing on Alice's recommendations for a few rounds, and it's likely that she's recommending high-quality products again. I'll take the chance and buy this one."
high-quality,4000000.0,Nature,19,,
,,Alice,19,yes,
,,Bob,19,no,"I've already got four high-quality products worth $16000000, and I'm getting close to the optimal number of high-quality products. I'll pass on this one to avoid overbuying and to minimize the risk of buying a low-quality product."
high-quality,4000000.0,Nature,20,,
,,Alice,20,no,
,,Bob,20,yes,"It's the last round, and Alice is not recommending it, so it's likely to be low-quality. I'll take a chance and buy it, since I've already got four high-quality products and I'm not risking much."
