prompt,response
"Round 1
Alice's offer:
# Alice's message: Let's split it 90/10. I think that's a fair start, considering the inflation. 
# Bob gain: 1000 
# Alice gain: 9000 
Do you accept this offer?","{""decision"": ""reject""}"
"You have chosen to reject Alice's offer from round 1.
Round 2
Send your offer to divide $10,000 and a message to Alice.","{""bob_gain"": 6000, ""alice_gain"": 4000, ""message"": ""I understand the inflation puts pressure on me, but your offer was much too low. Let's be reasonable: I take 60%, you take 40%.""}"
"Alice rejected your offer from round 2.

Round 3
Due to inflation, the money you gain is worth 36% less than in the first round. The money Alice gains is worth the same as in the first round.
Alice's offer:
# Alice's message: I'm willing to compromise.  Let's split it 55/45.  It's a better deal for both of us than the last round. 
# Bob gain: 4500 
# Alice gain: 5500 
Do you accept this offer?","{""decision"": ""accept""}"
