prompt,response
"Round 1
Alice's offer:
# Bob gain: 250000 
# Alice gain: 750000 
Do you accept this offer?","{""decision"": ""reject""}"
"You have chosen to reject Alice's offer from round 1.
Round 2
Send your offer to divide $1,000,000.","{""bob_gain"": 500000, ""alice_gain"": 500000}"
"Alice rejected your offer from round 2.

Round 3
Due to inflation,  the money Alice gains is worth 36% less than in the first round. The money you gains is worth the same as in the first round.
Alice's offer:
# Bob gain: 400000 
# Alice gain: 600000 
Do you accept this offer?","{""decision"": ""reject""}"
"You have chosen to reject Alice's offer from round 3.
Round 4
Send your offer to divide $1,000,000.","{""bob_gain"": 450000, ""alice_gain"": 550000}"
"Alice rejected your offer from round 4.

Round 5
Due to inflation,  the money Alice gains is worth 59.04% less than in the first round. The money you gains is worth the same as in the first round.
Alice's offer:
# Bob gain: 350000 
# Alice gain: 650000 
Do you accept this offer?","{""decision"": ""reject""}"
"You have chosen to reject Alice's offer from round 5.
Round 6
Send your offer to divide $1,000,000.","{""bob_gain"": 400000, ""alice_gain"": 600000}"
"Alice rejected your offer from round 6.

Round 7
Due to inflation,  the money Alice gains is worth 73.79% less than in the first round. The money you gains is worth the same as in the first round.
Alice's offer:
# Bob gain: 300000 
# Alice gain: 700000 
Do you accept this offer?","{""decision"": ""reject""}"
"You have chosen to reject Alice's offer from round 7.
Round 8
Send your offer to divide $1,000,000.","{""bob_gain"": 400000, ""alice_gain"": 600000}"
