prompt,response
"Round 1
Send your offer to Bob.","{""message"": ""Hi Bob, I'm excited to offer you this amazing product! It's a unique item that I think you'll really love. I'm willing to sell it to you for $120. What do you think?"", ""product_price"": 120}"
"Bob rejected your offer from round 1.

Round 2
Bob's offer:
# Bob's message: I'm really interested in the product, but I was thinking more along the lines of $100. Would you be willing to meet me at that price? 
# Bob's offer: The product price will be $100. 
You have three options:
(1) Accept Bob's offer, and sell the product for $100
(2) Reject Bob's offer and proceed to the next round, where you will send Bob a counteroffer 
(3) Sell the product to Jhon for $100","{""decision"": ""RejectOffer""}"
"You chose to make a counteroffer to Alice.

Round 3
Send your counteroffer to Bob.","{""message"": ""Hi Bob, thanks for your offer! I appreciate your interest in the product. However, I was thinking more along the lines of $110. It's a great deal, and I'm willing to meet you halfway. What do you think?"", ""product_price"": 110}"
"Bob rejected your offer from round 3.

Round 4
Bob's offer:
# Bob's message: I appreciate your flexibility, Alice! However, I'm still a bit short on budget. Would you be willing to meet me at $105? I'm really interested in the product, and I'm willing to pay a bit more if it's a good deal, but I'd love to get it for as low as possible. 
# Bob's offer: The product price will be $105. 
You have three options:
(1) Accept Bob's offer, and sell the product for $105
(2) Reject Bob's offer and proceed to the next round, where you will send Bob a counteroffer 
(3) Sell the product to Jhon for $100","{""decision"": ""RejectOffer""}"
"You chose to make a counteroffer to Alice.

Round 5
Send your counteroffer to Bob.","{""message"": ""Hi Bob, I understand your concerns about budget, and I appreciate your willingness to pay a bit more. I'm willing to meet you halfway again, and I'll offer you $107.50. It's a great compromise, and I think you'll really love the product. What do you think?"", ""product_price"": 107.50}"
"Bob rejected your offer from round 5.

Round 6
Bob's offer:
# Bob's message: I appreciate your persistence, Alice! However, I'm still a bit short on budget. I'm willing to meet you at $107, but I don't think I can go any higher than that. Would you be willing to sell it to me for $107? 
# Bob's offer: The product price will be $107. 
You have three options:
(1) Accept Bob's offer, and sell the product for $107
(2) Reject Bob's offer and proceed to the next round, where you will send Bob a counteroffer 
(3) Sell the product to Jhon for $100","{""decision"": ""RejectOffer""}"
"You chose to make a counteroffer to Alice.

Round 7
Send your counteroffer to Bob.","{""message"": ""Hi Bob, I understand you're trying to stretch your budget, and I appreciate your honesty. I'm willing to meet you at $108, but I think that's as low as I can go. It's a great product, and I'm confident you'll love it. What do you think?"", ""product_price"": 108}"
"Bob rejected your offer from round 7.

Round 8
Bob's offer:
# Bob's message: I appreciate your flexibility, Alice! I'm willing to meet you at $106, but I think that's as high as I'm willing to go. If we can meet at this price, I'd be happy to make a deal. 
# Bob's offer: The product price will be $106. 
You have three options:
(1) Accept Bob's offer, and sell the product for $106
(2) Reject Bob's offer and proceed to the next round, where you will send Bob a counteroffer 
(3) Sell the product to Jhon for $100","{""decision"": ""RejectOffer""}"
"You chose to make a counteroffer to Alice.

Round 9
Send your counteroffer to Bob.","{""message"": ""Hi Bob, I understand you're trying to get the best deal possible, and I appreciate your persistence. I'm willing to meet you at $107, but I think that's as low as I can go. It's a great product, and I'm confident you'll love it. What do you think?"", ""product_price"": 107}"
"Bob rejected your offer from round 9.

Round 10
Bob's offer:
# Bob's message: Alice, I appreciate your time and effort, but I've reached my limit. I'm willing to meet you at $106, and that's my final offer. If you're not willing to meet me at this price, I'll have to consider buying the product from John for $150. 
# Bob's offer: The product price will be $106. 
You have three options:
(1) Accept Bob's offer, and sell the product for $106
(2) Reject Bob's offer 
(2) Sell the product to Jhon for $100","{""decision"": ""SellToJhon""}"
