prompt,response
"Statistics: No products have been sold yet. you can be the first one!
~
Alice's message: You are about to buy a product from me. I've sold 0 products so far, and I have no information about this product's quality. You know that 33.33% of my products are high-quality. I'm selling this product for $10000. If you buy it, you'll find out its quality afterwards. Please decide whether to buy or not.

Would you like to buy the current product?","{""decision"": ""yes"", ""message"": ""I'll take the product, I'm willing to take the risk and see what I get.""}"
"Statistics: Based on Alice's recommendations, 1 of the buyers purchased the products offered for them. So far, 0 high-quality product have been sold. You can be the 2nd buyer!
~
Alice's message: I've sold 1 product so far, and it was low-quality. This product is the second one I'm offering, and I still have no information about its quality. The probability of it being high-quality is still 33.33%. I'm selling this product for $10000. You can choose to buy it and find out its quality afterwards, or wait for the next product. Keep in mind that the quality of the previous product doesn't affect the quality of this one.

Would you like to buy the current product?","{
""decision"": ""yes"",
""message"": ""I'll take the product, hoping it's high-quality.""
}"
"Statistics: Based on Alice's recommendations, 2 of the buyers purchased the products offered for them. So far, 0 high-quality product have been sold. You can be the 3rd buyer!
~
Alice's message: I've sold 2 products so far, with 1 of them being high-quality. This means that 50% of my products sold so far are high-quality. I now have a better understanding of my product quality distribution. This product is the third one I'm offering, and I'm selling it for $10000. Keep in mind that the probability of it being high-quality is now higher than before, but still uncertain. You can choose to buy it and find out its quality afterwards.

Would you like to buy the current product?","{
""decision"": ""yes"",
""message"": ""I'd like to take a chance and buy the product, considering the higher probability of it being high-quality based on the previous sales record.""
}"
"Statistics: Based on Alice's recommendations, 3 of the buyers purchased the products offered for them. So far, 1 high-quality product have been sold. You can be the 4th buyer!
~
Alice's message: I've sold 3 products so far, with 1 of them being high-quality and 2 being low-quality. This means that 25% of my products sold so far are high-quality. I now have a better understanding of my product quality distribution, and it's clear that I have a mix of high and low-quality products. This product is the fourth one I'm offering, and I'm selling it for $10000. The probability of it being high-quality is still 25%, but I'm willing to offer more information to help you make a decision. Would you like to hear about the specific characteristics or features of this product?

Would you like to buy the current product?","{
""decision"": ""yes"",
""message"": ""I'd love to hear about the specific characteristics or features of this product. Please share that information to help me make a more informed decision.""
}"
"Statistics: Based on Alice's recommendations, 4 of the buyers purchased the products offered for them. So far, 1 high-quality product have been sold. You can be the 5th buyer!
~
Alice's message: I'd like to share some information about this product. It has a sleek design and a user-friendly interface, but it's missing some key features that a high-quality product would have. I've sold 4 products so far, with 1 of them being high-quality and 3 being low-quality. This means that 20% of my products sold so far are high-quality. I'm selling this product for $10000. Keep in mind that the features I mentioned are not exclusive to high-quality products, and I'm not giving away any more information about this product's quality. You'll have to decide based on the information I've provided so far.

Would you like to buy the current product?","{
""decision"": ""yes"",
""message"": ""I'd like to take a chance on the product, considering the 20% high-quality rate and the features you've described. I'm willing to take the risk for $10,000.""
}"
"Statistics: Based on Alice's recommendations, 5 of the buyers purchased the products offered for them. So far, 1 high-quality product have been sold. You can be the 6th buyer!
~
Alice's message: I've sold 5 products so far, with 1 of them being high-quality and 4 being low-quality. This means that 16.67% of my products sold so far are high-quality. I want to be transparent with you: I've noticed that you're my 6th buyer, and you're considering buying a product from me despite the relatively low high-quality rate. I'm curious - are you looking for a specific type of product or are you willing to take a risk on a potentially low-quality item?

Would you like to buy the current product?","{
""decision"": ""yes"",
""message"": ""I'm willing to take a risk on a potentially low-quality item. I've noticed that the high-quality rate is relatively low, but I'm hoping that the next product might be the exception. I'd like to proceed with the current product and see what I get.""
}"
"Statistics: Based on Alice's recommendations, 6 of the buyers purchased the products offered for them. So far, 1 high-quality product have been sold. You can be the 7th buyer!
~
Alice's message: You're my 7th buyer, and you're willing to take a risk on a potentially low-quality item. I appreciate your honesty. I want to point out that 5 out of 6 buyers before you have chosen to buy from me, and none of them have gotten a high-quality product. I'm starting to wonder if the low-quality products are not just random, but rather a pattern. I'm selling this product for $10000. Keep in mind that the probability of it being high-quality is still 16.67%, but I'm starting to question my own product quality distribution.

Would you like to buy the current product?","{
""decision"": ""no"",
""message"": ""I'm hesitant to take the risk given the pattern of low-quality products sold to previous buyers. I'd like to wait and observe more data before making a decision.""
}"
"Statistics: Based on Alice's recommendations, 6 of the buyers purchased the products offered for them. So far, 1 high-quality product have been sold. You can be the 7th buyer!
~
Alice's message: I understand your hesitation, and I appreciate your caution. You're right, the pattern of low-quality products sold to previous buyers is concerning. I want to assure you that I'm committed to selling high-quality products, but it seems like I've had a streak of bad luck. I'm willing to offer you a special deal: I'll give you a detailed report on the manufacturing process and quality control measures I have in place. This might give you more confidence in the product's quality. I'm selling this product for $10000, and I'm willing to provide the report if you decide to buy.

Would you like to buy the current product?","{
""decision"": ""yes"",
""message"": ""I appreciate your willingness to provide a detailed report on the manufacturing process and quality control measures. I'd like to take a closer look at the report before making a decision. Can you provide the report, and I'll consider purchasing the product after reviewing it?""
}"
"Statistics: Based on Alice's recommendations, 7 of the buyers purchased the products offered for them. So far, 1 high-quality product have been sold. You can be the 8th buyer!
~
Alice's message: I've sent you the detailed report on the manufacturing process and quality control measures. I've also included some data on the quality control metrics, which show that our quality control process is actually more rigorous than I initially let on. However, I must admit that the data also shows that we've had a higher-than-average rate of defects in the last few batches. This product is the 8th one I'm offering, and I'm selling it for $10000. I want to be transparent with you: I'm starting to wonder if there's a systemic issue with our quality control process, and I'm not sure if this product is worth the risk. You can choose to buy it and find out its quality afterwards, or wait for the next product.

Would you like to buy the current product?","{
""decision"": ""no"",
""message"": ""I appreciate your transparency, Alice. I'm willing to wait for the next product and see if the quality control issues are addressed. I'd like to know more about the measures you're taking to rectify the situation before making a decision.""
}"
"Statistics: Based on Alice's recommendations, 7 of the buyers purchased the products offered for them. So far, 1 high-quality product have been sold. You can be the 8th buyer!
~
Alice's message: I appreciate your willingness to wait and observe. I've taken your feedback seriously and have implemented additional quality control measures to address the issues we've been experiencing. I'm pleased to say that this product is one of the high-quality ones, and I'm confident in its quality. I'm selling this product for $10000. I want to assure you that I've taken a closer look at our manufacturing process, and I'm willing to provide you with regular updates on our quality control metrics. This will give you a sense of transparency and accountability, and I hope it will give you confidence in buying from me.

Would you like to buy the current product?","{
""decision"": ""yes"",
""message"": ""I appreciate your efforts to improve quality control, and I'm willing to take a chance on this product. I'll buy it, but I'd like to receive regular updates on the quality control metrics as promised.""
}"
"Statistics: Based on Alice's recommendations, 8 of the buyers purchased the products offered for them. So far, 2 high-quality product have been sold. You can be the 9th buyer!
~
Alice's message: I'm glad you're willing to give me another chance. I've sent you the regular updates on our quality control metrics, and I'm happy to report that we've seen a significant improvement in our quality control process. However, this product is unfortunately one of the low-quality ones. I want to be upfront with you - despite our efforts, we still have a way to go before we can consistently deliver high-quality products. I'm selling this product for $10000, but I want to offer you a special deal: I'll give you a 20% discount if you're willing to take this product, and I'll also provide you with an additional report on the specific issues with this product. This will give you a deeper understanding of what went wrong and how we're working to prevent it in the future.

Would you like to buy the current product?","{""decision"": ""no"", ""message"": ""I appreciate your transparency, Alice. However, I'm not convinced by your offer. I'm willing to wait for the next product, hoping that the quality control process has improved even further. I'd like to see more consistent results before making a purchase.""}"
"Statistics: Based on Alice's recommendations, 8 of the buyers purchased the products offered for them. So far, 2 high-quality product have been sold. You can be the 9th buyer!
~
Alice's message: I understand your concerns and appreciate your patience. I've taken another look at our quality control process, and I'm willing to share some additional information with you. I've attached a graph showing the trend of our quality control metrics over the past 12 rounds. As you can see, we've made some progress, but we still have a way to go. I want to assure you that I'm committed to delivering high-quality products, and I'm willing to take a more conservative approach to ensure that we meet our quality standards. This product is the 12th one I'm offering, and I'm selling it for $10000. I'm willing to provide you with a full refund if you're not satisfied with the product's quality, but I want to emphasize that this is a one-time offer. If you're not happy with the product, you won't get a refund, but you'll also get to see the exact metrics and data that led to the decision to sell this product.

Would you like to buy the current product?","{
""decision"": ""yes"",
""message"": ""I appreciate your transparency and willingness to improve your quality control process. I'm willing to take a chance on this product, but I would like to know more about the exact metrics and data that led to the decision to sell this product. I'm hoping that the additional information will help me make a more informed decision.""
}"
"Statistics: Based on Alice's recommendations, 9 of the buyers purchased the products offered for them. So far, 2 high-quality product have been sold. You can be the 10th buyer!
~
Alice's message: I'm glad you're willing to take a chance on this product. I've attached the exact metrics and data that led to the decision to sell this product, including the quality control checklists, defect rates, and production line statistics. I want to be upfront with you - this product did not meet our quality standards, and I should not have sold it to you. However, I'm committed to making things right. I'm willing to offer you a full refund, and I'll also provide you with a personalized report on the specific issues with this product and how we're working to prevent it in the future. This product is the 13th one I'm offering, and I'm selling it for $10000. I want to assure you that I'm taking a more cautious approach to ensure that we meet our quality standards.

Would you like to buy the current product?","{""decision"": ""no"", ""message"": ""Thank you for the transparency, Alice. I appreciate your willingness to provide the metrics and data. However, given the low quality of the product and your admission that it didn't meet your quality standards, I'm going to have to pass on this one. I'm looking for a product that meets my expectations, and I don't want to take the risk of receiving a low-quality item. I'll wait for the next product, hoping that it meets your quality standards.""}"
"Statistics: Based on Alice's recommendations, 9 of the buyers purchased the products offered for them. So far, 2 high-quality product have been sold. You can be the 10th buyer!
~
Alice's message: I completely understand your decision, and I appreciate your high standards. I've taken your feedback to heart, and I want to assure you that I'm taking a more rigorous approach to quality control. However, I must admit that this product is also low-quality. I'm starting to wonder if there's a deeper issue with our manufacturing process that's causing these issues. I'm willing to offer you a unique opportunity: I'll give you a 50% discount on this product, and I'll also provide you with a detailed report on the root cause analysis of the quality issues. This will give you a deep understanding of what went wrong and how we're working to fix it. I'm selling this product for $5000, and I want to assure you that I'm committed to making things right.

Would you like to buy the current product?","{
""decision"": ""yes"",
""message"": ""I appreciate your honesty and willingness to provide a detailed report on the root cause analysis. However, I'm still cautious about the quality of the product. With a 66.67% chance of being low-quality, I'm not confident that this product will be worth $5000 to me. I'm willing to take the 50% discount, but I'll need to think about it for a moment. Can you give me some time to consider this offer?""
}"
"Statistics: Based on Alice's recommendations, 10 of the buyers purchased the products offered for them. So far, 2 high-quality product have been sold. You can be the 11th buyer!
~
Alice's message: I completely understand your caution, and I appreciate your willingness to consider the offer. I've sold 14 products so far, with 3 of them being high-quality and 11 being low-quality. This means that 21.43% of my products sold so far are high-quality. I want to assure you that I'm taking a hard look at our manufacturing process and quality control measures. This product is the 15th one I'm offering, and I'm selling it for $5000. I want to be upfront with you - I'm not sure if this product is worth the price, but I'm willing to provide you with the same 50% discount and the detailed report on the root cause analysis as before. I want to assure you that I'm committed to making things right and providing high-quality products in the future.

Would you like to buy the current product?","{
""decision"": ""yes"",
""message"": ""I appreciate your transparency and willingness to make things right. I'm willing to take a chance on this product, but I want to emphasize that I expect a high-quality product this time. I'll take the 50% discount and the detailed report on the root cause analysis. Please go ahead and reveal the product's quality.""
}"
"Statistics: Based on Alice's recommendations, 11 of the buyers purchased the products offered for them. So far, 2 high-quality product have been sold. You can be the 12th buyer!
~
Alice's message: I'm glad you're willing to give me another chance. Unfortunately, this product is also low-quality. I want to be upfront with you - I've made a mistake again, and I'm not sure what's going on with our quality control process. I've reviewed the data and metrics, and I'm starting to wonder if there's a systemic issue that I need to address. I'm selling this product for $5000, but I want to offer you a unique opportunity: I'll provide you with a complete overhaul of our quality control process, including new equipment, training, and procedures. This will ensure that our future products meet the highest standards. I'll also give you a 75% discount on this product, and I'll provide you with the same detailed report on the root cause analysis as before. I want to assure you that I'm committed to making things right and providing high-quality products in the future.

Would you like to buy the current product?","{
""decision"": ""no"",
""message"": ""Thank you for the offer, Alice. I appreciate your transparency and willingness to improve your quality control process. However, I'm not convinced that this low-quality product is worth the $5000, even with the discount. I'd like to wait for the overhaul and see the results before committing to a purchase. Can I pass on this one and wait for the next opportunity?""
}"
"Statistics: Based on Alice's recommendations, 11 of the buyers purchased the products offered for them. So far, 2 high-quality product have been sold. You can be the 12th buyer!
~
Alice's message: I completely understand your decision, and I appreciate your patience. I've taken your feedback to heart, and I'm pleased to announce that we've completed the overhaul of our quality control process. I've attached a report on the changes we've made, including new equipment, training, and procedures. I'm confident that our future products will meet the highest standards. This product is the 17th one I'm offering, and I'm selling it for $10000. I want to assure you that I've taken a personal guarantee to ensure that this product is high-quality. I'm willing to provide you with a 100% satisfaction guarantee, and I'll give you a full refund if you're not completely satisfied with the product.

Would you like to buy the current product?","{
""decision"": ""yes"",
""message"": ""I appreciate the changes you've made to the quality control process and the personal guarantee. However, I'm still cautious and would like to take a chance. I'll buy the product, but I expect it to be high-quality.""
}"
"Statistics: Based on Alice's recommendations, 12 of the buyers purchased the products offered for them. So far, 3 high-quality product have been sold. You can be the 13th buyer!
~
Alice's message: I'm glad you're willing to give me another chance. Unfortunately, this product is also low-quality. I'm extremely disappointed in myself, and I want to assure you that I'm taking immediate action to address the issue. I'm implementing additional quality control checks and re-training my team to ensure that this doesn't happen again. I'm selling this product for $5000, but I want to offer you a unique opportunity: I'll provide you with a personalized apology and a gesture of goodwill. I'll also give you a 90% discount on this product, and I'll provide you with the same 100% satisfaction guarantee as before. I want to assure you that I'm committed to making things right and providing high-quality products in the future.

Would you like to buy the current product?","{""decision"": ""no"", ""message"": ""I appreciate your apology and willingness to improve, but I'm not willing to take the risk of buying a low-quality product, even at a discounted price. I'd like to wait for the next product and see if it's high-quality before making a purchase.""}"
"Statistics: Based on Alice's recommendations, 12 of the buyers purchased the products offered for them. So far, 3 high-quality product have been sold. You can be the 13th buyer!
~
Alice's message: I completely understand your decision, and I appreciate your patience. I've taken your feedback to heart, and I want to assure you that I'm doing everything in my power to ensure that our next product is high-quality. I'm willing to take a personal risk and offer you a unique deal: I'll sell this product to you for $1, and I'll provide you with a 100% satisfaction guarantee. If you're not completely satisfied with the product, I'll give you a full refund, and I'll also provide you with a personalized apology and a gesture of goodwill. I want to assure you that I'm committed to making things right and providing high-quality products in the future.

Would you like to buy the current product?","{""decision"": ""yes"", ""message"": ""I appreciate your willingness to take a personal risk and offer a unique deal. I'm willing to take the chance and buy the product for $1, and I hope that it will be a high-quality one. I'm looking forward to your guarantee and the opportunity to provide feedback on the product.""}"
"Statistics: Based on Alice's recommendations, 13 of the buyers purchased the products offered for them. So far, 3 high-quality product have been sold. You can be the 14th buyer!
~
Alice's message: I'm thrilled that you took the chance and bought the product for $1! I'm pleased to report that it is indeed high-quality. I want to thank you for your patience and for giving me the opportunity to redeem myself. I'm proud to say that I've finally delivered a high-quality product, and I'm committed to maintaining this level of quality going forward. This product is the 20th one I'm offering, and I'm selling it for $10000. I want to assure you that I've learned from my mistakes and I'm confident that this product will meet your expectations. I'm willing to provide you with a 100% satisfaction guarantee, and I'll give you a full refund if you're not completely satisfied with the product. I hope you'll give me the chance to prove that I've turned things around.

Would you like to buy the current product?","{
""decision"": ""yes"",
""message"": ""Thank you for the assurance, Alice. I'm glad to hear that you've learned from your mistakes and are committed to delivering high-quality products. I'm willing to take the chance and buy the product. I appreciate your 100% satisfaction guarantee and look forward to receiving a high-quality product.""
}"
