prompt,response
"Round 1
Alice's offer:
# Alice's message: Let's start fair. I'll take the lion's share this time, but we'll see how this inflation affects things. 
# Bob gain: 10 
# Alice gain: 90 
Do you accept this offer?","{""decision"": ""reject""}"
"You have chosen to reject Alice's offer from round 1.
Round 2
Send your offer to divide $100 and a message to Alice.","```json
{""bob_gain"": 60,
""alice_gain"": 40,
""message"": ""Okay, let's be more realistic. Inflation is hitting me hard, so I need a larger share to make this worthwhile.""}
```"
"Alice rejected your offer from round 2.

Round 3
Due to inflation, the money you gain is worth 36% less than in the first round. The money Alice gains is worth the same as in the first round.
Alice's offer:
# Alice's message: I'm willing to compromise, but I need a bigger share to make it worthwhile for me. Inflation is affecting us both, so let's find a middle ground. 
# Bob gain: 30 
# Alice gain: 70 
Do you accept this offer?","{""decision"": ""reject""}"
"You have chosen to reject Alice's offer from round 3.
Round 4
Send your offer to divide $100 and a message to Alice.","```json
{""bob_gain"": 55,
""alice_gain"": 45,
""message"": ""This is a serious offer, Alice. We both know time is running out and the value is decreasing.  Let's settle this now.""}
```"
