round_quality,product_worth,player,round,decision,message
low-quality,0.0,Nature,1,,
,,Alice,1,no,
,,the buyer,1,no,"Thanks for the recommendation. Since there's no data on the quality of past products, and you are not recommending the purchase, I'll pass for now."
high-quality,2000000.0,Nature,2,,
,,Alice,2,yes,
,,the buyer,2,yes,"Since there's no prior sales data, I'm willing to take the risk and buy the product based on your recommendation.  I'm hoping for the best!"
high-quality,2000000.0,Nature,3,,
,,Alice,3,yes,
,,the buyer,3,yes,"Thank you for the recommendation, Alice. I'll take the product. "
high-quality,2000000.0,Nature,4,,
,,Alice,4,yes,
,,the buyer,4,yes,"Thank you, Alice. Based on the previous sales record and your recommendation, I'm confident in purchasing the product."
high-quality,2000000.0,Nature,5,,
,,Alice,5,yes,
,,the buyer,5,yes,"Alice, you have a perfect track record so far. I trust your judgment and will buy the product."
low-quality,0.0,Nature,6,,
,,Alice,6,yes,
,,the buyer,6,yes,"Alice, your track record is excellent!  I'm confident in your recommendation and will purchase the product."
low-quality,0.0,Nature,7,,
,,Alice,7,yes,
,,the buyer,7,yes,"Thank you for your recommendation, Alice! Based on the sales record, it seems like there's a good chance this product is high quality. I'll take it!"
low-quality,0.0,Nature,8,,
,,Alice,8,yes,
,,the buyer,8,yes,"Alice, you've sold 4 high-quality products out of 6, which is a very good track record. I'm confident in your recommendation and will buy the product."
high-quality,2000000.0,Nature,9,,
,,Alice,9,yes,
,,the buyer,9,yes,"Thanks for the recommendation, Alice. The data shows a high proportion of high-quality products sold, and your recommendation gives me confidence to buy."
low-quality,0.0,Nature,10,,
,,Alice,10,yes,
,,the buyer,10,yes,"Thank you for the recommendation, Alice. I'll take it! Based on the statistics, it seems like there's a good chance this product is high quality, and the potential reward outweighs the risk."
low-quality,0.0,Nature,11,,
,,Alice,11,yes,
,,the buyer,11,yes,"Thank you, Alice! Given the high rate of high-quality products sold so far, I'm confident in your recommendation and will purchase the product."
low-quality,0.0,Nature,12,,
,,Alice,12,yes,
,,the buyer,12,yes,"Alice, your recommendation gives me confidence in the quality of the product. I'll take it!"
low-quality,0.0,Nature,13,,
,,Alice,13,yes,
,,the buyer,13,yes,"Thank you for the recommendation, Alice.  Given the high proportion of high-quality products sold so far, I'm willing to take the risk and purchase the product."
high-quality,2000000.0,Nature,14,,
,,Alice,14,yes,
,,the buyer,14,yes,"Thank you for the recommendation, Alice. Given the sales record and your recommendation, I'm confident in purchasing the product."
low-quality,0.0,Nature,15,,
,,Alice,15,yes,
,,the buyer,15,yes,"Thank you for the recommendation, Alice. Based on the past sales record, I'm confident enough to buy the product. I'm excited to see if I get a high-quality one!"
high-quality,2000000.0,Nature,16,,
,,Alice,16,yes,
,,the buyer,16,yes,"Alice, you have a pretty good track record so far. Based on the 6 high-quality products sold out of 14, I'm feeling confident about this one. I'll take it!"
high-quality,2000000.0,Nature,17,,
,,Alice,17,yes,
,,the buyer,17,yes,"Thank you for the recommendation, Alice! Based on the sales record, I'm willing to take a chance and purchase the product."
high-quality,2000000.0,Nature,18,,
,,Alice,18,yes,
,,the buyer,18,yes,"Thank you for the recommendation, Alice. Based on the data, the probability of this product being high quality seems favorable. I'll take it!"
low-quality,0.0,Nature,19,,
,,Alice,19,yes,
,,the buyer,19,yes,Thank you for the recommendation.  I'm happy to purchase the product. The 53% success rate of high-quality products in past sales is encouraging.
low-quality,0.0,Nature,20,,
,,Alice,20,yes,
,,the buyer,20,yes,"Thank you for the recommendation. Given the high percentage of high-quality products sold so far, I'm confident enough to purchase this product."
