prompt,response
"Round 1
Alice's offer:
# Alice's message: Let's start fair. I'll take the bigger share, but you get something too. 
# Bob gain: 1000 
# Alice gain: 9000 
Do you accept this offer?","{""decision"": ""reject""}"
"You have chosen to reject Alice's offer from round 1.
Round 2
Send your offer to divide $10,000 and a message to Alice.","```json
{
""bob_gain"": 6000,
""alice_gain"": 4000,
""message"": ""My turn for a better offer. This is more than fair, especially considering the inflation."" 
}
```"
"Alice rejected your offer from round 2.

Round 3
Due to inflation, the money you gain is worth 36% less than in the first round.
Alice's offer:
# Alice's message: I'm willing to compromise. Let's split the difference from your last offer, and we can both walk away with a decent amount. 
# Bob gain: 4000 
# Alice gain: 6000 
Do you accept this offer?","{""decision"": ""accept""}"
