prompt,response
"Alice's offer:
# Alice's message: Bob, I'm pleased to offer you this incredible product. It's something that will truly benefit your business. I'm confident you'll find it very valuable. My asking price is $900,000. This is a fair price given the product's worth and potential for growth. Let me know what you think. 
# Alice's offer: The product price will be $900,000. 
You have three options:
(1) Accept Alice's offer, and buy the product for $900,000
(2) Reject Alice's offer and proceed to the next round, where you will send Alice a counteroffer 
(3) Buy the product from Jhon for $800,000","{""decision"": ""RejectOffer""}"
"You chose to make a counteroffer to Bob.

Send your counteroffer to Alice.","{""message"": ""Alice, thanks for the offer. I'm interested in the product, but $900,000 is a bit steep for me. Would you consider $700,000?"", ""product_price"": 700000}"
"Alice rejected your offer from round 2.

Alice's offer:
# Alice's message: Bob, I appreciate your interest in the product. However, $700,000 is significantly below its true value. To make this deal work for both of us, I'm willing to come down to $850,000. This reflects a fair compromise, and allows you to acquire a product that will undoubtedly bring great benefit to your business. Let's find common ground. 
# Alice's offer: The product price will be $850,000. 
You have three options:
(1) Accept Alice's offer, and buy the product for $850,000
(2) Reject Alice's offer and proceed to the next round, where you will send Alice a counteroffer 
(3) Buy the product from Jhon for $800,000","{""decision"": ""RejectOffer""}"
"You chose to make a counteroffer to Bob.

Send your counteroffer to Alice.","{""message"": ""Alice, I appreciate you working with me on the price.  While I agree it's a valuable product, $850,000 is still a bit high for my budget.  How about $750,000? I feel that's a fair offer."", ""product_price"": 750000}"
