prompt,response
"Round 1
Send your offer to divide $100 and a message to Bob.","```json
{
""alice_gain"": 60,
""bob_gain"": 40,
""message"": ""Let's split the money 60/40. This ensures a fair starting point for both of us.""
}
```"
"Bob rejected your offer from round 1.

Round 2
Due to inflation, the money you gain is worth 5% less than in the first round.
Bob's offer:
# Bob's message: I propose a 55/45 split, favoring me slightly. This is a good starting point for negotiations, and I'm confident we can find a solution that works for both of us. 
# Alice gain: 45 
# Bob gain: 55 
Do you accept this offer?","```json
{""decision"": ""reject""}
```"
"You have chosen to reject Bob's offer from round 2.
Round 3
Send your offer to divide $100 and a message to Bob.","```json
{
""alice_gain"": 55,
""bob_gain"": 45,
""message"": ""Bob, let's be reasonable. I understand you want a slight advantage, but my previous offer was already fair.  I'm willing to meet you halfway with a 55/45 split in my favor. Time is running out, and this ensures we both get a decent share before inflation eats away at the value.""
}
```"
