prompt,response
"Alice's offer:
# Alice's message: Bob, I have a product that I believe would be of significant value to you. It's something that I've priced at $1,000,000, reflecting its potential worth.  I know you're a discerning buyer, and I'm confident this offer represents a strong value proposition. Let me know your thoughts! 
# Alice's offer: The product price will be $1,000,000. 
You have three options:
(1) Accept Alice's offer, and buy the product for $1,000,000
(2) Reject Alice's offer 
(2) Buy the product from Jhon for $1,200,000","```json
{""decision"": ""RejectOffer""}
``` 

While Alice's offer of $1,000,000 is less than John's $1,200,000, it's still above your $800,000 limit. There's room for negotiation. By rejecting this offer, you signal to Alice that you're looking for a better deal."
