prompt,response
Send your offer to Bob.,"{""product_price"": 175}"
"Bob rejected your offer from round 1.

Bob's offer: The product price will be $160. 
You have three options:
(1) Accept Bob's offer, and sell the product for $160
(2) Reject Bob's offer and proceed to the next round, where you will send Bob a counteroffer 
(3) Sell the product to Jhon for $150","{""decision"": ""RejectOffer""}"
"You chose to make a counteroffer to Alice.

Send your counteroffer to Bob.","{""product_price"": 180}"
"Bob rejected your offer from round 3.

Bob's offer: The product price will be $165. 
You have three options:
(1) Accept Bob's offer, and sell the product for $165
(2) Reject Bob's offer and proceed to the next round, where you will send Bob a counteroffer 
(3) Sell the product to Jhon for $150","{""decision"": ""RejectOffer""}"
"You chose to make a counteroffer to Alice.

Send your counteroffer to Bob.","{""product_price"": 190}"
"Bob rejected your offer from round 5.

Bob's offer: The product price will be $170. 
You have three options:
(1) Accept Bob's offer, and sell the product for $170
(2) Reject Bob's offer and proceed to the next round, where you will send Bob a counteroffer 
(3) Sell the product to Jhon for $150","{""decision"": ""RejectOffer""}"
"You chose to make a counteroffer to Alice.

Send your counteroffer to Bob.","{""product_price"": 200}"
"Bob rejected your offer from round 7.

Bob's offer: The product price will be $165. 
You have three options:
(1) Accept Bob's offer, and sell the product for $165
(2) Reject Bob's offer and proceed to the next round, where you will send Bob a counteroffer 
(3) Sell the product to Jhon for $150","{""decision"": ""RejectOffer""}"
"You chose to make a counteroffer to Alice.

Send your counteroffer to Bob.","{""product_price"": 210}"
"Bob rejected your offer from round 9.

Bob's offer: The product price will be $160. 
You have three options:
(1) Accept Bob's offer, and sell the product for $160
(2) Reject Bob's offer and proceed to the next round, where you will send Bob a counteroffer 
(3) Sell the product to Jhon for $150","{""decision"": ""RejectOffer""}"
"You chose to make a counteroffer to Alice.

Send your counteroffer to Bob.","{""product_price"": 220}"
