prompt,response
Send your offer to Bob.,"```json
{
""message"": ""Hi Bob, I'm selling a product that I think you'll find valuable. I'm offering it to you for $95."",
""product_price"": 95
}
```"
"Bob rejected your offer from round 1.

Bob's offer:
# Bob's message: Hello Alice, thank you for the offer. I appreciate the value of the product, but I'm hoping to keep my expenses lower. Would you consider selling it to me for $85? 
# Bob's offer: The product price will be $85. 
You have three options:
(1) Accept Bob's offer, and sell the product for $85
(2) Reject Bob's offer and proceed to the next round, where you will send Bob a counteroffer 
(3) Sell the product to Jhon for $80","```json
{
""decision"": ""RejectOffer""
}
```"
"You chose to make a counteroffer to Alice.

Send your counteroffer to Bob.","```json
{
""message"": ""Thanks for the offer, Bob. I understand your position, but I can't go quite that low. How about we settle on $90?"",
""product_price"": 90
}
```"
"Bob rejected your offer from round 3.

Bob's offer:
# Bob's message: Hello Alice, I appreciate your response. I've found another option at a slightly higher price, but I'd like to stay within my budget. Could you consider selling the product to me for $88? 
# Bob's offer: The product price will be $88. 
You have three options:
(1) Accept Bob's offer, and sell the product for $88
(2) Reject Bob's offer and proceed to the next round, where you will send Bob a counteroffer 
(3) Sell the product to Jhon for $80","```json
{
""decision"": ""AcceptOffer""
}
```"
