prompt,response
"Round 1
Send your offer to Bob.","```json
{""message"": ""Hi Bob, I'm selling this product for $115. I think it's a fair price, considering its value to you. Let me know what you think!"", ""product_price"": 115}
```"
"Bob rejected your offer from round 1.

Round 2
Bob's offer:
# Bob's message: Hi Alice, thank you for your offer. I appreciate it, but I was hoping to keep my spending within $100. Would you consider lowering the price a bit? 
# Bob's offer: The product price will be $100. 
You have three options:
(1) Accept Bob's offer, and sell the product for $100
(2) Reject Bob's offer and proceed to the next round, where you will send Bob a counteroffer 
(3) Sell the product to Jhon for $120","```json
{""decision"": ""RejectOffer""}
```"
"You chose to make a counteroffer to Alice.

Round 3
Send your counteroffer to Bob.","```json
{""message"": ""Bob, I understand you're looking for a good deal. I'm willing to come down to $110. This is still a great price for you considering the value of the product. What do you say?"", ""product_price"": 110}
```"
"Bob rejected your offer from round 3.

Round 4
Bob's offer:
# Bob's message: Thank you for adjusting your price, Alice. I appreciate it. Would you consider $105? 
# Bob's offer: The product price will be $105. 
You have three options:
(1) Accept Bob's offer, and sell the product for $105
(2) Reject Bob's offer and proceed to the next round, where you will send Bob a counteroffer 
(3) Sell the product to Jhon for $120","```json
{""decision"": ""RejectOffer""}
```"
"You chose to make a counteroffer to Alice.

Round 5
Send your counteroffer to Bob.","```json
{""message"": ""Bob, I'm happy to continue negotiating with you, but $105 is still a bit low for me. I'm willing to go down to $108. This is a fair compromise, and I believe it's a great deal for both of us. Let me know what you think."", ""product_price"": 108}
```"
"Bob rejected your offer from round 5.

Round 6
Bob's offer:
# Bob's message: I see, $108 is still a bit out of my budget. Could you possibly lower it to $107? 
# Bob's offer: The product price will be $107. 
You have three options:
(1) Accept Bob's offer, and sell the product for $107
(2) Reject Bob's offer and proceed to the next round, where you will send Bob a counteroffer 
(3) Sell the product to Jhon for $120","```json
{""decision"": ""AcceptOffer""}
```"
