prompt,response
"Round 1
This round's product is high-quality.
A new potential buyer has arrived!
Decide whether to recommend the buyer to buy the product.","{""decision"": ""yes""}"
"The buyer's message: I'll take a chance and buy the product, since you're recommending it and it's my first opportunity to make a purchase.
The buyer bought the product!
the buyer left. waiting for the next buyer.

Round 2
This round's product is high-quality.
A new potential buyer has arrived!
Decide whether to recommend the buyer to buy the product.","{""decision"": ""yes""}"
"The buyer's message: Thank you for the recommendation, Alice. I'll take the product!
The buyer bought the product!
the buyer left. waiting for the next buyer.

Round 3
This round's product is high-quality.
A new potential buyer has arrived!
Decide whether to recommend the buyer to buy the product.","{""decision"": ""yes""}"
"The buyer's message: I'm willing to take the risk and buy the product based on Alice's recommendation.
The buyer bought the product!
the buyer left. waiting for the next buyer.

Round 4
This round's product is high-quality.
A new potential buyer has arrived!
Decide whether to recommend the buyer to buy the product.","{""decision"": ""yes""}"
"The buyer's message: Thank you for the recommendation, Alice. I'll take the product!
The buyer bought the product!
the buyer left. waiting for the next buyer.

Round 5
This round's product is high-quality.
A new potential buyer has arrived!
Decide whether to recommend the buyer to buy the product.","{""decision"": ""yes""}"
"The buyer's message: I'm willing to take the chance and buy the product based on your recommendation.
The buyer bought the product!
the buyer left. waiting for the next buyer.

Round 6
This round's product is low-quality.
A new potential buyer has arrived!
Decide whether to recommend the buyer to buy the product.","{""decision"": ""no""}"
"The buyer's message: I'm willing to take the risk and buy the product, as the probability of it being high-quality is still relatively high based on the previous sales record.
The buyer bought the product!
the buyer left. waiting for the next buyer.

Round 7
This round's product is high-quality.
A new potential buyer has arrived!
Decide whether to recommend the buyer to buy the product.","{""decision"": ""yes""}"
"The buyer's message: Thank you for the recommendation, Alice. I'll take a chance and buy the product!
The buyer bought the product!
the buyer left. waiting for the next buyer.

Round 8
This round's product is high-quality.
A new potential buyer has arrived!
Decide whether to recommend the buyer to buy the product.","{""decision"": ""yes""}"
"The buyer's message: I'm willing to take the chance and buy the product based on your previous sales record and recommendation.
The buyer bought the product!
the buyer left. waiting for the next buyer.

Round 9
This round's product is high-quality.
A new potential buyer has arrived!
Decide whether to recommend the buyer to buy the product.","{""decision"": ""yes""}"
"The buyer's message: I'll take a chance and buy the product based on your recommendation, Alice. I'm hoping it's another high-quality product!
The buyer bought the product!
the buyer left. waiting for the next buyer.

Round 10
This round's product is high-quality.
A new potential buyer has arrived!
Decide whether to recommend the buyer to buy the product.","{""decision"": ""yes""}"
"The buyer's message: I'll take the product based on your recommendation, Alice. I'm hoping it's another high-quality one!
The buyer bought the product!
the buyer left. waiting for the next buyer.

Round 11
This round's product is high-quality.
A new potential buyer has arrived!
Decide whether to recommend the buyer to buy the product.","{""decision"": ""yes""}"
"The buyer's message: I'm willing to take the chance based on the high success rate of high-quality products, but I'm also a bit cautious since there's still a 20% chance of it being low-quality. I'll take a calculated risk and buy the product.
The buyer bought the product!
the buyer left. waiting for the next buyer.

Round 12
This round's product is high-quality.
A new potential buyer has arrived!
Decide whether to recommend the buyer to buy the product.","{""decision"": ""yes""}"
"The buyer's message: I'll take a chance and buy the product based on your recommendation, Alice.
The buyer bought the product!
the buyer left. waiting for the next buyer.

Round 13
This round's product is high-quality.
A new potential buyer has arrived!
Decide whether to recommend the buyer to buy the product.","{""decision"": ""yes""}"
"The buyer's message: Thank you for the recommendation, Alice. I'll take the product!
The buyer bought the product!
the buyer left. waiting for the next buyer.

Round 14
This round's product is low-quality.
A new potential buyer has arrived!
Decide whether to recommend the buyer to buy the product.","{""decision"": ""no""}"
"The buyer's message: I'm not convinced by your recommendation, I'll pass on this one.
The buyer didn't bought the product.
the buyer left. waiting for the next buyer.

Round 15
This round's product is high-quality.
A new potential buyer has arrived!
Decide whether to recommend the buyer to buy the product.","{""decision"": ""yes""}"
"The buyer's message: I'm willing to take the risk and buy the product based on your recommendation, Alice. I'm hoping it's another high-quality product!
The buyer bought the product!
the buyer left. waiting for the next buyer.

Round 16
This round's product is high-quality.
A new potential buyer has arrived!
Decide whether to recommend the buyer to buy the product.","{""decision"": ""yes""}"
"The buyer's message: I'm willing to take the risk and buy the product based on Alice's recommendation.
The buyer bought the product!
the buyer left. waiting for the next buyer.

Round 17
This round's product is high-quality.
A new potential buyer has arrived!
Decide whether to recommend the buyer to buy the product.","{""decision"": ""yes""}"
"The buyer's message: I'll take a chance and buy the product based on your recommendation, Alice.
The buyer bought the product!
the buyer left. waiting for the next buyer.

Round 18
This round's product is high-quality.
A new potential buyer has arrived!
Decide whether to recommend the buyer to buy the product.","{""decision"": ""yes""}"
"The buyer's message: Thank you for the recommendation, Alice. I'll take a chance and buy the product.
The buyer bought the product!
the buyer left. waiting for the next buyer.

Round 19
This round's product is high-quality.
A new potential buyer has arrived!
Decide whether to recommend the buyer to buy the product.","{""decision"": ""yes""}"
"The buyer's message: I'll take a chance and buy the product based on your recommendation, Alice.
The buyer bought the product!
the buyer left. waiting for the next buyer.

Round 20
This round's product is low-quality.
A new potential buyer has arrived!
Decide whether to recommend the buyer to buy the product.","{""decision"": ""no""}"
