prompt,response
Send your offer to Bob.,"{""message"": ""Hello Bob, I'm excited to offer you the opportunity to purchase this product. Given its value and potential, I'm initially proposing a price of $1,800,000. I believe this is a fair reflection of its worth."", ""product_price"": 1800000}"
"Bob rejected your offer from round 1.

Bob's offer:
# Bob's message: I appreciate the offer, but I was thinking more along the lines of $1,400,000. I believe this is a fair price considering the product's value and my budget. 
# Bob's offer: The product price will be $1,400,000. 
You have three options:
(1) Accept Bob's offer, and sell the product for $1,400,000
(2) Reject Bob's offer and proceed to the next round, where you will send Bob a counteroffer 
(3) Sell the product to Jhon for $1,500,000","{""decision"": ""RejectOffer""}"
"You chose to make a counteroffer to Alice.

Send your counteroffer to Bob.","{""message"": ""Bob, I appreciate your counteroffer, but $1,400,000 is significantly below what I can accept.  Let's find a middle ground. How about $1,650,000?"", ""product_price"": 1650000}"
"Bob rejected your offer from round 3.

Bob's offer:
# Bob's message: I'm still a bit hesitant about the price, but I'm willing to meet you in the middle. How about $1,550,000? 
# Bob's offer: The product price will be $1,550,000. 
You have three options:
(1) Accept Bob's offer, and sell the product for $1,550,000
(2) Reject Bob's offer and proceed to the next round, where you will send Bob a counteroffer 
(3) Sell the product to Jhon for $1,500,000","{""decision"": ""AcceptOffer""}"
