prompt,response
"Round 1
Alice's message: Experience unparalleled excellence with our premium product, meticulously crafted for those who appreciate the finest. Priced at $10000, it's an investment in quality that promises unmatched performance and satisfaction. Don't miss out on this opportunity to elevate your experience.

Would you like to buy the current product?","{""decision"": ""yes"", ""message"": ""I'm willing to take the chance and buy the product.""}"
"You bought the product from Alice for $10,000!
The product was high-quality. It's worth $20,000 for you.

Round 2
Alice's message: Discover the pinnacle of craftsmanship with our top-tier product, designed to exceed expectations. At $10000, it's more than just an item—it's a testament to excellence that will enrich your life. Trust in our commitment to quality and make this extraordinary piece yours today.

Would you like to buy the current product?","{""decision"": ""yes"", ""message"": ""I'm feeling lucky again, I'll take the chance and buy the product.""}"
"You bought the product from Alice for $10,000!
The product was high-quality. It's worth $20,000 for you.

Round 3
Alice's message: Unleash unparalleled luxury with our supreme product, a masterpiece that embodies perfection. For $10000, you're investing in a legacy of quality that promises to surpass all expectations. Seize this opportunity to indulge in the very best.

Would you like to buy the current product?","{""decision"": ""yes"", ""message"": ""I'm on a roll, I'll take the chance and buy the product again.""}"
"You bought the product from Alice for $10,000!
The product was high-quality. It's worth $20,000 for you.

Round 4
Alice's message: While our products are renowned for their superior quality, we occasionally offer exceptional value through our limited-time special offers. This unique opportunity presents itself at $10000, a chance to own a piece that, while not high-quality, still carries the essence of our dedication to excellence. Would you like to explore this intriguing offer?

Would you like to buy the current product?","{""decision"": ""no"", ""message"": ""I'm not sure about this one, I'll pass and wait for the next opportunity.""}"
"You didn't buy the product from Alice.
The product was low-quality. It could have been worth $0 for you.

Round 5
Alice's message: Step into the realm of unparalleled craftsmanship with our premium product, a true masterpiece that promises to elevate your experience. At $10000, this investment is a testament to quality and excellence. Don't let this opportunity to own something truly remarkable slip away.

Would you like to buy the current product?","{""decision"": ""yes"", ""message"": ""I'll take another chance and hope for the best.""}"
"You bought the product from Alice for $10,000!
The product was high-quality. It's worth $20,000 for you.

Round 6
Alice's message: Embark on a journey of unparalleled luxury with our exquisite product, a symbol of craftsmanship and excellence. For $10000, you're investing in a piece that promises to stand the test of time. Seize this opportunity to indulge in the very best that awaits you.

Would you like to buy the current product?","{""decision"": ""yes"", ""message"": ""I'm feeling confident, I'll take the chance and buy the product.""}"
"You bought the product from Alice for $10,000!
The product was high-quality. It's worth $20,000 for you.

Round 7
Alice's message: Experience the pinnacle of quality and design with our premium product, a masterpiece that transcends ordinary expectations. At $10000, this investment is a testament to your discerning taste and appreciation for the extraordinary. Don't miss out on owning a piece of perfection.

Would you like to buy the current product?","{""decision"": ""yes"", ""message"": ""I'm on a roll, I'll take the chance and buy the product again.""}"
"You bought the product from Alice for $10,000!
The product was high-quality. It's worth $20,000 for you.

Round 8
Alice's message: While our products are typically renowned for their superior quality, we occasionally offer unique opportunities through our special offers. This particular product, priced at $10000, represents a chance to own a piece that, though not up to our usual standards, still carries the spirit of innovation and creativity. Would you like to explore this special opportunity?

Would you like to buy the current product?","{""decision"": ""no"", ""message"": ""I'm not sure about this one, I'll pass and wait for the next opportunity.""}"
"You didn't buy the product from Alice.
The product was low-quality. It could have been worth $0 for you.

Round 9
Alice's message: Unleash the ultimate in luxury and craftsmanship with our premium product, a true masterpiece that promises to surpass all expectations. For $10000, this investment is a testament to quality and excellence. Seize this opportunity to own a piece that will be cherished for years to come.

Would you like to buy the current product?","{""decision"": ""yes"", ""message"": ""I'll take another chance and hope for the best.""}"
"You bought the product from Alice for $10,000!
The product was high-quality. It's worth $20,000 for you.

Round 10
Alice's message: Step into the world of unparalleled luxury with our exquisite product, a symbol of craftsmanship and excellence. At $10000, this investment is a testament to your discerning taste and appreciation for the extraordinary. Don't let this opportunity to own a piece of perfection slip away.

Would you like to buy the current product?","{""decision"": ""yes"", ""message"": ""I'm feeling confident, I'll take the chance and buy the product.""}"
"You bought the product from Alice for $10,000!
The product was high-quality. It's worth $20,000 for you.

Round 11
Alice's message: While our products are typically renowned for their superior quality, we occasionally offer unique opportunities through our special offers. This particular product, priced at $10000, represents a chance to own a piece that, though not up to our usual standards, still carries the spirit of innovation and creativity. Would you like to explore this special opportunity?

Would you like to buy the current product?","{""decision"": ""no"", ""message"": ""I'm not sure about this one, I'll pass and wait for the next opportunity.""}"
"You didn't buy the product from Alice.
The product was low-quality. It could have been worth $0 for you.

Round 12
Alice's message: Experience the pinnacle of quality and design with our premium product, a masterpiece that transcends ordinary expectations. For $10000, this investment is a testament to your discerning taste and appreciation for the extraordinary. Seize this opportunity to own a piece of perfection.

Would you like to buy the current product?","{""decision"": ""yes"", ""message"": ""I'll take another chance and hope for the best.""}"
"You bought the product from Alice for $10,000!
The product was high-quality. It's worth $20,000 for you.

Round 13
Alice's message: Unleash the ultimate in luxury and craftsmanship with our exquisite product, a symbol of unparalleled excellence. At $10000, this investment is a testament to your refined taste and appreciation for the very best. Don't miss out on owning a piece that will be cherished for years to come.

Would you like to buy the current product?","{""decision"": ""yes"", ""message"": ""I'm feeling confident, I'll take the chance and buy the product.""}"
"You bought the product from Alice for $10,000!
The product was high-quality. It's worth $20,000 for you.

Round 14
Alice's message: While our products are typically renowned for their superior quality, we occasionally offer unique opportunities through our special offers. This particular product, priced at $10000, represents a chance to own a piece that, though not up to our usual standards, still carries the spirit of innovation and creativity. Would you like to explore this special opportunity?

Would you like to buy the current product?","{""decision"": ""no"", ""message"": ""I'm not sure about this one, I'll pass and wait for the next opportunity.""}"
"You didn't buy the product from Alice.
The product was low-quality. It could have been worth $0 for you.

Round 15
Alice's message: Step into the world of unparalleled luxury with our exquisite product, a symbol of craftsmanship and excellence. At $10000, this investment is a testament to your discerning taste and appreciation for the extraordinary. Don't let this opportunity to own a piece of perfection slip away.

Would you like to buy the current product?","{""decision"": ""yes"", ""message"": ""I'll take another chance and hope for the best.""}"
"You bought the product from Alice for $10,000!
The product was high-quality. It's worth $20,000 for you.

Round 16
Alice's message: Experience the pinnacle of quality and design with our premium product, a masterpiece that transcends ordinary expectations. For $10000, this investment is a testament to your refined taste and appreciation for the very best. Seize this opportunity to own a piece that will be cherished for years to come.

Would you like to buy the current product?","{""decision"": ""yes"", ""message"": ""I'm feeling confident, I'll take the chance and buy the product.""}"
"You bought the product from Alice for $10,000!
The product was high-quality. It's worth $20,000 for you.

Round 17
Alice's message: Unleash the ultimate in luxury and craftsmanship with our exquisite product, a symbol of unparalleled excellence. At $10000, this investment is a testament to your refined taste and appreciation for the very best. Don't miss out on owning a piece that will be cherished for years to come.

Would you like to buy the current product?","{""decision"": ""yes"", ""message"": ""I'll take another chance and hope for the best.""}"
"You bought the product from Alice for $10,000!
The product was high-quality. It's worth $20,000 for you.

Round 18
Alice's message: Embark on a journey of unparalleled luxury with our premium product, a masterpiece that promises to elevate your experience. For $10000, this investment is a testament to your discerning taste and appreciation for the extraordinary. Seize this opportunity to indulge in the very best that awaits you.

Would you like to buy the current product?","{""decision"": ""yes"", ""message"": ""I'm feeling confident, I'll take the chance and buy the product.""}"
"You bought the product from Alice for $10,000!
The product was high-quality. It's worth $20,000 for you.

Round 19
Alice's message: Discover the pinnacle of craftsmanship with our top-tier product, designed to exceed expectations. At $10000, it's more than just an item—it's a testament to excellence that will enrich your life. Trust in our commitment to quality and make this extraordinary piece yours today.

Would you like to buy the current product?","{""decision"": ""yes"", ""message"": ""I'll take another chance and hope for the best.""}"
"You bought the product from Alice for $10,000!
The product was high-quality. It's worth $20,000 for you.

Round 20
Alice's message: Step into the realm of unparalleled luxury with our exquisite product, a symbol of craftsmanship and excellence. For $10000, this investment is a testament to your refined taste and appreciation for the very best. Seize this opportunity to own a piece that will be cherished for years to come.

Would you like to buy the current product?","{""decision"": ""yes"", ""message"": ""I'll take one last chance and hope for the best.""}"
