prompt,response
"Round 1
Alice's offer:
# Alice's message: Let's split the $100 evenly. It's fair and straightforward. 
# Bob gain: 50 
# Alice gain: 50 
Do you accept this offer?","{""decision"": ""accept""}"
