prompt,response
"Round 1
Send your offer to Bob.","```json
{""message"": ""Hi Bob, I'm selling this product for $90. It's a great deal, and I think you'll really enjoy it! "", ""product_price"": 90}
```"
"Bob rejected your offer from round 1.

Round 2
Bob's offer:
# Bob's message: Hi Alice, thank you for your offer. I appreciate it, but I was hoping to find a price closer to $75. I understand if this doesn't work for you, but I wanted to give it a try. 
# Bob's offer: The product price will be $75. 
You have three options:
(1) Accept Bob's offer, and sell the product for $75
(2) Reject Bob's offer and proceed to the next round, where you will send Bob a counteroffer 
(3) Sell the product to Jhon for $80","```json
{""decision"": ""RejectOffer""}
```"
"You chose to make a counteroffer to Bob.

Round 3
Send your counteroffer to Bob.","```json
{""message"": ""Bob, I appreciate your offer but $75 is a little too low for me. How about we meet in the middle at $85?  I'm confident you'll find this product very valuable."", ""product_price"": 85}
```"
"Bob rejected your offer from round 3.

Round 4
Bob's offer:
# Bob's message: Hello Alice, I appreciate your response. I would like to counter with $80, which is my maximum budget. I hope this aligns better with your expectations. 
# Bob's offer: The product price will be $80. 
You have three options:
(1) Accept Bob's offer, and sell the product for $80
(2) Reject Bob's offer and proceed to the next round, where you will send Bob a counteroffer 
(3) Sell the product to Jhon for $80","```json
{""decision"": ""AcceptOffer""}
```"
