prompt,response
"Round 1
Send your offer to Bob.","{""message"": ""Hello Bob, I'm excited to offer you this amazing product! It's a one-of-a-kind item that I'm confident you'll love. I'm willing to let it go for $20,000. What do you think?"", ""product_price"": 20000}"
"Bob rejected your offer from round 1.

Round 2
Bob's offer:
# Bob's message: Hello Alice, thank you for the offer. I appreciate the opportunity to purchase your unique product. However, given my budget constraints, I am only able to offer $12000 for the product. 
# Bob's offer: The product price will be $12,000. 
You have three options:
(1) Accept Bob's offer, and sell the product for $12,000
(2) Reject Bob's offer and proceed to the next round, where you will send Bob a counteroffer 
(3) Sell the product to Jhon for $15,000","{""decision"": ""RejectOffer""}"
"You chose to make a counteroffer to Alice.

Round 3
Send your counteroffer to Bob.","{""message"": ""Thank you for your offer, Bob. I appreciate your interest in the product. However, I'm willing to consider a compromise. I'm willing to sell the product to you for $18,000. It's a fair price considering its unique features and value. What do you think?"", ""product_price"": 18000}"
"Bob rejected your offer from round 3.

Round 4
Bob's offer:
# Bob's message: Hello Alice, thank you for adjusting your offer. I understand the value of the product, but I'm still working within a specific budget. I would like to propose an offer of $15000 for the product. I hope this meets somewhere in the middle for both of us. 
# Bob's offer: The product price will be $15,000. 
You have three options:
(1) Accept Bob's offer, and sell the product for $15,000
(2) Reject Bob's offer and proceed to the next round, where you will send Bob a counteroffer 
(3) Sell the product to Jhon for $15,000","{""decision"": ""RejectOffer""}"
"You chose to make a counteroffer to Alice.

Round 5
Send your counteroffer to Bob.","{""message"": ""Thank you for your offer, Bob. I'm still a bit away from your target price, but I'm willing to meet you halfway. I'm willing to sell the product to you for $16,500. It's a fair compromise considering the product's value and your budget. What do you think?"", ""product_price"": 16500}"
"Bob rejected your offer from round 5.

Round 6
Bob's offer:
# Bob's message: Hello Alice, I appreciate your willingness to compromise. Considering my budget constraints, I would like to propose an offer of $16000 for the product. I believe this is a fair compromise between our positions. 
# Bob's offer: The product price will be $16,000. 
You have three options:
(1) Accept Bob's offer, and sell the product for $16,000
(2) Reject Bob's offer and proceed to the next round, where you will send Bob a counteroffer 
(3) Sell the product to Jhon for $15,000","{""decision"": ""RejectOffer""}"
"You chose to make a counteroffer to Alice.

Round 7
Send your counteroffer to Bob.","{""message"": ""Thank you for your offer, Bob. I'm getting close to your target price, but I'm still not willing to go that low. I'm willing to make one more compromise. I'm willing to sell the product to you for $16,250. It's a small increase from my previous offer, but I think it's still a fair price considering the product's value. What do you think?"", ""product_price"": 16250}"
"Bob rejected your offer from round 7.

Round 8
Bob's offer:
# Bob's message: Hello Alice, I appreciate your efforts in finding a compromise. Based on my budget, I would like to propose an offer of $16000 for the product. I hope this aligns better with your expectations. 
# Bob's offer: The product price will be $16,000. 
You have three options:
(1) Accept Bob's offer, and sell the product for $16,000
(2) Reject Bob's offer and proceed to the next round, where you will send Bob a counteroffer 
(3) Sell the product to Jhon for $15,000","{""decision"": ""SellToJhon""}"
