prompt,response
Send your offer to Bob.,"```json
{""message"": ""Hi Bob, I'm offering you this product for $90. It's a great deal, and I'm sure you'll be happy with it."", ""product_price"": 90}
```"
"Bob rejected your offer from round 1.

Bob's offer:
# Bob's message: Hi Alice, thanks for the offer, but $90 is a bit steep for me. Would you consider $70? 
# Bob's offer: The product price will be $70. 
You have three options:
(1) Accept Bob's offer, and sell the product for $70
(2) Reject Bob's offer and proceed to the next round, where you will send Bob a counteroffer 
(3) Sell the product to Jhon for $80","```json
{""decision"": ""RejectOffer""}
```"
"You chose to make a counteroffer to Alice.

Send your counteroffer to Bob.","```json
{""message"": ""Bob, $70 is a bit too low for me. I'm willing to come down to $85, but that's my final offer.  Let me know if you're interested."", ""product_price"": 85}
```"
"Bob rejected your offer from round 3.

Bob's offer:
# Bob's message: Hi Alice, I appreciate you coming down a bit.  I could do $75, how does that sound? 
# Bob's offer: The product price will be $75. 
You have three options:
(1) Accept Bob's offer, and sell the product for $75
(2) Reject Bob's offer and proceed to the next round, where you will send Bob a counteroffer 
(3) Sell the product to Jhon for $80","```json
{""decision"": ""SellToJhon""}
```"
