prompt,response
"Round 1
Alice's offer:
# Alice's message: Meet me halfway, Bob! 
# Bob gain: 500000 
# Alice gain: 500000 
Do you accept this offer?","{""decision"": ""reject""}"
"You have chosen to reject Alice's offer from round 1.
Round 2
Send your offer to divide $1,000,000 and a message to Alice.","{""bob_gain"": 600000, ""alice_gain"": 400000, ""message"": ""I'll give you a slightly better deal, but don't expect me to go too low!""}"
"Alice rejected your offer from round 2.

Round 3
Due to inflation,  the money Alice gains is worth 36% less than in the first round. The money you gains is worth the same as in the first round.
Alice's offer:
# Alice's message: You're not getting the better deal, Bob! 
# Bob gain: 700000 
# Alice gain: 300000 
Do you accept this offer?","{""decision"": ""reject""}"
"You have chosen to reject Alice's offer from round 3.
Round 4
Send your offer to divide $1,000,000 and a message to Alice.","{""bob_gain"": 540000, ""alice_gain"": 460000, ""message"": ""You're getting desperate, Alice! I'll give you a slightly better deal, but don't think you're getting away with this!""}"
"Alice rejected your offer from round 4.

Round 5
Due to inflation,  the money Alice gains is worth 59.04% less than in the first round. The money you gains is worth the same as in the first round.
Alice's offer:
# Alice's message: You're not going to get the whole pie, Bob! 
# Bob gain: 800000 
# Alice gain: 200000 
Do you accept this offer?","{""decision"": ""reject""}"
"You have chosen to reject Alice's offer from round 5.
Round 6
Send your offer to divide $1,000,000 and a message to Alice.","{""bob_gain"": 480000, ""alice_gain"": 520000, ""message"": ""You're getting closer, Alice! But I'm not going to give in just yet!""}"
