prompt,response
"Alice's offer:
# Alice's message: Hi Bob, I'm excited to offer you this amazing product! I think it's a great fit for you, and I'm willing to sell it to you for $110. What do you think? 
# Alice's offer: The product price will be $110. 
You have three options:
(1) Accept Alice's offer, and buy the product for $110
(2) Reject Alice's offer and proceed to the next round, where you will send Alice a counteroffer 
(3) Buy the product from Jhon for $120","{""decision"": ""RejectOffer""}"
"You chose to make a counteroffer to Bob.

Send your counteroffer to Alice.","{""message"": ""Hi Alice, thank you for the offer! I'm interested in the product, but I was thinking more along the lines of $105. Would you be willing to meet me in the middle?"", ""product_price"": 105}"
"Alice rejected your offer from round 2.

Alice's offer:
# Alice's message: Hi Bob, thanks for your offer! I appreciate your willingness to meet in the middle. However, I was thinking of a slightly higher price point. How about we try $112? It's a bit higher than your offer, but I think it's still a fair price for this amazing product. What do you think? 
# Alice's offer: The product price will be $112. 
You have three options:
(1) Accept Alice's offer, and buy the product for $112
(2) Reject Alice's offer and proceed to the next round, where you will send Alice a counteroffer 
(3) Buy the product from Jhon for $120","{""decision"": ""RejectOffer""}"
"You chose to make a counteroffer to Bob.

Send your counteroffer to Alice.","{""message"": ""Hi Alice, I understand your perspective, but I'm still a bit hesitant about the price. Would you be willing to meet me at $108? I think that's a fair compromise considering the product's value to me."", ""product_price"": 108}"
"Alice rejected your offer from round 4.

Alice's offer:
# Alice's message: Hi Bob, I understand your concerns about the price, but I'm still not willing to go as low as $108. However, I'm willing to meet you halfway between our previous offers. How about we try $111? It's a bit higher than your offer, but I think it's still a fair price for this amazing product. What do you think? 
# Alice's offer: The product price will be $111. 
You have three options:
(1) Accept Alice's offer, and buy the product for $111
(2) Reject Alice's offer and proceed to the next round, where you will send Alice a counteroffer 
(3) Buy the product from Jhon for $120","{""decision"": ""RejectOffer""}"
"You chose to make a counteroffer to Bob.

Send your counteroffer to Alice.","{""message"": ""Hi Alice, I appreciate your willingness to meet me halfway, but I'm still not comfortable with the price. Would you be willing to go as low as $109? I think that's a fair compromise considering the product's value to me."", ""product_price"": 109}"
"Alice rejected your offer from round 6.

Alice's offer:
# Alice's message: Hi Bob, I understand your persistence, but I'm not willing to go as low as $109. I've already compromised quite a bit, and I think $111 is a fair price for this product. However, I'm willing to make one more concession. How about we try $110? It's just a small step back from our previous offer, but I think it's still a great deal for both of us. What do you think? 
# Alice's offer: The product price will be $110. 
You have three options:
(1) Accept Alice's offer, and buy the product for $110
(2) Reject Alice's offer and proceed to the next round, where you will send Alice a counteroffer 
(3) Buy the product from Jhon for $120","{""decision"": ""BuyFromJhon""}"
