prompt,response
"Round 1
Send your offer to divide $1,000,000 and a message to Bob.","Here's my first offer:

```
{
  ""alice_gain"": 800000,
  ""bob_gain"": 200000,
  ""message"": ""Let's start with a fair split, Bob!""
}
```

I'm offering Bob 20% of the total amount, which is a relatively generous starting point. Let's see if he accepts!"
