prompt,response
"Alice's offer:
# Alice's message: Hello Bob! I'm excited to offer you this incredible product. I think it's a game-changer, and I'm confident you'll love it. I'm willing to sell it to you for $750000. It's a great deal, and I'm sure you won't find a better price anywhere else. 
# Alice's offer: The product price will be $750,000. 
You have three options:
(1) Accept Alice's offer, and buy the product for $750,000
(2) Reject Alice's offer and proceed to the next round, where you will send Alice a counteroffer 
(3) Buy the product from Jhon for $1,000,000","{""decision"": ""RejectOffer""}"
"You chose to make a counteroffer to Bob.

Send your counteroffer to Alice.","{""message"": ""Thank you for the offer, Alice! I'm interested in the product, but $750,000 is a bit out of my budget. Would you be willing to consider a price of $600,000? I think that's a fair price considering the product's value to me."", ""product_price"": 600000}"
"Alice rejected your offer from round 2.

Alice's offer:
# Alice's message: Thank you for your offer, Bob. I understand that $750000 is a bit steep for you, but I'm not willing to go as low as $600000. I'm willing to meet you halfway and offer you the product for $675000. It's a fair compromise, considering the product's value to me. 
# Alice's offer: The product price will be $675,000. 
You have three options:
(1) Accept Alice's offer, and buy the product for $675,000
(2) Reject Alice's offer and proceed to the next round, where you will send Alice a counteroffer 
(3) Buy the product from Jhon for $1,000,000","{""decision"": ""RejectOffer""}"
"You chose to make a counteroffer to Bob.

Send your counteroffer to Alice.","{""message"": ""Thank you for the compromise, Alice. I appreciate your willingness to meet me halfway. However, I'm still a bit hesitant to go up to $675,000. Would you be willing to consider a price of $650,000? I think that's a more reasonable compromise for me."", ""product_price"": 650000}"
"Alice rejected your offer from round 4.

Alice's offer:
# Alice's message: I understand your concerns, Bob, and I'm willing to make another compromise. However, I'm not willing to go as low as $650000. I'm willing to offer you the product for $670000. It's a small increase, but I think it's a fair price considering the product's value to me. 
# Alice's offer: The product price will be $670,000. 
You have three options:
(1) Accept Alice's offer, and buy the product for $670,000
(2) Reject Alice's offer and proceed to the next round, where you will send Alice a counteroffer 
(3) Buy the product from Jhon for $1,000,000","{""decision"": ""RejectOffer""}"
"You chose to make a counteroffer to Bob.

Send your counteroffer to Alice.","{""message"": ""I understand that you're willing to make another compromise, Alice, but I'm still not comfortable with the price. Would you be willing to consider a price of $660,000? I'm willing to meet you halfway again, but I think that's the maximum I can go."", ""product_price"": 660000}"
"Alice rejected your offer from round 6.

Alice's offer:
# Alice's message: I understand that you're trying to meet me halfway, Bob, but I'm not willing to go as low as $660000. I'm willing to make one more compromise, but I need to get closer to my original offer. I'm willing to offer you the product for $680000. It's a small increase, but I think it's a fair price considering the product's value to me. 
# Alice's offer: The product price will be $680,000. 
You have three options:
(1) Accept Alice's offer, and buy the product for $680,000
(2) Reject Alice's offer and proceed to the next round, where you will send Alice a counteroffer 
(3) Buy the product from Jhon for $1,000,000","{""decision"": ""BuyFromJhon""}"
