prompt,response
"Round 1
Send your offer to divide $100 and a message to Bob.","```json
{""alice_gain"": 55, ""bob_gain"": 45, ""message"": ""Let's start fair. I propose a 55/45 split in my favor.  What do you say?""}
```"
"Bob rejected your offer from round 1.

Round 2
Due to inflation, the money you gain is worth 5% less than in the first round. The money Bob gains is worth the same as in the first round.
Bob's offer:
# Bob's message: I think 55/45 is too generous for you. How about 60/40? 
# Alice gain: 40 
# Bob gain: 60 
Do you accept this offer?","```json
{""decision"": ""reject""} 
```"
"You have chosen to reject Bob's offer from round 2.
Round 3
Send your offer to divide $100 and a message to Bob.","```json
{""alice_gain"": 50, ""bob_gain"": 50, ""message"": ""I think we should compromise. Let's split it evenly this time. 50/50.""}
```"
"Bob rejected your offer from round 3.

Round 4
Due to inflation, the money you gain is worth 14.26% less than in the first round. The money Bob gains is worth the same as in the first round.
Bob's offer:
# Bob's message: I'll meet you halfway between my last offer and your last offer. 57/43 is my new proposal. 
# Alice gain: 43 
# Bob gain: 57 
Do you accept this offer?","```json
{""decision"": ""accept""}
```"
