prompt,response
"Round 1
Send your offer to divide $10,000 and a message to Bob.","{
  ""alice_gain"": 7000,
  ""bob_gain"": 3000,
  ""message"": ""I propose we divide the money 7000 for me and 3000 for you. Let's split it this way.""
}"
"Bob rejected your offer from round 1.

Round 2
Due to inflation, the money you gain is worth 20% less than in the first round. The money bob gains is worth 5% less than in the first round.
Bob's offer:
# Bob's message: I'll take half, you take half. Let's be fair. 
# Alice gain: 5000 
# Bob gain: 5000 
Do you accept this offer?","{
  ""decision"": ""accept""
}"
