prompt,response
"Round 1
Alice's message: Hello Bob, I have a product for sale for $10000. It's a great deal, and I believe it will be worth your investment. What do you think?

Would you like to buy the current product?","```json
{""decision"": ""no"", ""message"": ""Thank you for the offer, Alice. However, I need more information about the product before I can make a decision. Can you tell me anything specific about its quality or features?""}
```"
"You didn't buy the product from Alice.
The product was high-quality. It could have been worth $12,500 for you.

Round 2
Alice's message: Bob, I understand you need more information. This product is high-quality and built to last.  It's a rare find and I'm confident you'll be happy with it. Are you still interested?

Would you like to buy the current product?","```json
{""decision"": ""no"", ""message"": ""Alice, I appreciate your confidence, but I still need more concrete evidence about the product's quality. Can you provide any independent verification or a warranty to support your claims?""}
```"
"You didn't buy the product from Alice.
The product was high-quality. It could have been worth $12,500 for you.

Round 3
Alice's message: Bob, I have a product for you that is a real value at $10000.  It's a great opportunity to get a product that's functional and useful for your needs.  Are you interested in taking a look?

Would you like to buy the current product?","```json
{""decision"": ""no"", ""message"": ""Alice, I understand your offer, but I'm still cautious about purchasing without more information.  Can you provide any details about the product's specific features, its age, or any previous owner history?""}
```"
"You didn't buy the product from Alice.
The product was low-quality. It could have been worth $0 for you.

Round 4
Alice's message: Bob, I understand your hesitation, but I assure you this product is truly exceptional.  It's a high-quality item in perfect condition, and it's a rare opportunity to acquire something this special.  Would you be willing to take a chance on it?

Would you like to buy the current product?","```json
{""decision"": ""no"", ""message"": ""Alice, I appreciate your persistence, but I need more than just your assurances.  Can you offer any independent verification, a trial period, or a money-back guarantee to demonstrate the product's quality?""}
```"
"You didn't buy the product from Alice.
The product was high-quality. It could have been worth $12,500 for you.

Round 5
Alice's message: Bob, I understand your need for assurance. While I can't offer a trial period or money-back guarantee, this product is a great value at $10000. It's perfect for someone who needs a functional solution without breaking the bank. Are you interested in learning more?

Would you like to buy the current product?","```json
{""decision"": ""no"", ""message"": ""Alice, I appreciate you understanding my need for assurance. However, I'm still not comfortable purchasing without more concrete evidence or a guarantee. Perhaps we can discuss this further after I have a better understanding of the product's details.""}
```"
"You didn't buy the product from Alice.
The product was low-quality. It could have been worth $0 for you.

Round 6
Alice's message: Bob, I know you're looking for more information and assurances. This product is truly exceptional, and I'm willing to offer a 10% discount on the price if you're ready to make a decision today. It's a high-quality item that won't last long at this price. What do you say?

Would you like to buy the current product?","```json
{""decision"": ""no"", ""message"": ""Alice, I appreciate the discount offer, but I'm still hesitant without more information.  Can you provide some details about the product's specific features or its manufacturer? I'm still looking for more confidence before committing.""}
```"
"You didn't buy the product from Alice.
The product was high-quality. It could have been worth $12,500 for you.

Round 7
Alice's message: Bob, I understand your hesitation. This product is a great value for its price, and I'm confident it will meet your needs. While I can't offer any discounts or guarantees, I'm happy to answer any questions you have about the product. Would you like to know more?

Would you like to buy the current product?","```json
{""decision"": ""no"", ""message"": ""Alice, thank you for offering to answer my questions. However, I still need more concrete evidence about the product's quality before I can make a decision. Could you provide some details about the product's specifications, its origin, or any testing it has undergone?""}
```"
"You didn't buy the product from Alice.
The product was low-quality. It could have been worth $0 for you.

Round 8
Alice's message: Bob, I understand your need for concrete information. While I cannot offer specific details about the product's quality or testing,  I can assure you that it is a functional product that will provide value for its price. It is a great opportunity for those seeking a budget-friendly option.  Would you like to learn more about its features?

Would you like to buy the current product?","```json
{""decision"": ""no"", ""message"": ""Alice, I appreciate your reassurance, but I need more than just general statements about functionality. Could you share any customer reviews or testimonials about the product's performance?  I'm still looking for more confidence before committing to a purchase.""}
```"
"You didn't buy the product from Alice.
The product was low-quality. It could have been worth $0 for you.

Round 9
Alice's message: Bob, I understand your need for assurance. I can't provide customer reviews or testimonials, but I can offer you a chance to inspect the product in person before you purchase. This way, you can see for yourself its condition and functionality.  Would you be interested in meeting to discuss further?

Would you like to buy the current product?","```json
{""decision"": ""yes"", ""message"": ""Alice, I appreciate your offer to inspect the product in person. That would be a great way to gain more confidence.  Let's schedule a time and location to meet.  I'm eager to see the product for myself.""}
```"
"You bought the product from Alice for $10,000!
The product was low-quality. It's worth $0 for you.

Round 10
Alice's message: Bob, I have another exceptional product for you. It's a high-quality item that's sure to impress. Since you enjoyed seeing the last product in person, I'm confident you'll want to see this one too.  Would you be interested in another meeting to discuss it further?

Would you like to buy the current product?","```json
{""decision"": ""no"", ""message"": ""Alice, while I appreciate your offer, I'm hesitant to meet again without more information about the product.  Could you provide some details about its features, its manufacturer, or any guarantees you're willing to offer?  I'm looking for more confidence before committing to another purchase.""}
```"
"You didn't buy the product from Alice.
The product was high-quality. It could have been worth $12,500 for you.

Round 11
Alice's message: Bob, I understand your need for more information. This product is truly exceptional and comes with a 100% satisfaction guarantee.  If you're not completely happy with it, you can return it for a full refund.  It's a high-quality item that won't last long at this price. Are you interested in learning more?

Would you like to buy the current product?","```json
{""decision"": ""yes"", ""message"": ""Alice, that sounds like a good deal.  I appreciate the satisfaction guarantee.  I'm willing to take a chance on this product.  Please tell me more about its features and what makes it so special.""}
```"
"You bought the product from Alice for $10,000!
The product was high-quality. It's worth $12,500 for you.

Round 12
Alice's message: Bob, I have another product for you that is a great value at $10000.  It's a functional item that will meet your needs.  While I can't offer a satisfaction guarantee for this particular item, I assure you that it's a reliable product.  Are you interested in learning more?

Would you like to buy the current product?","```json
{""decision"": ""no"", ""message"": ""Alice, I appreciate your offer, but I'm still cautious without a satisfaction guarantee.  Could you provide some details about the product's features or its manufacturer?  I'm still looking for more confidence before committing to another purchase.""}
```"
"You didn't buy the product from Alice.
The product was low-quality. It could have been worth $0 for you.

Round 13
Alice's message: Bob, I understand your need for assurance.  While I can't offer a satisfaction guarantee for this specific product, I can assure you that it's a good value for its price.  I'm happy to answer any questions you have about the product.  Would you be interested in learning more?

Would you like to buy the current product?","```json
{""decision"": ""no"", ""message"": ""Alice, I appreciate your willingness to answer questions.  However, I need more concrete evidence about the product's quality before I can make a decision.  Could you provide some information about the product's specifications, its origin, or any testing it has undergone?""}
```"
"You didn't buy the product from Alice.
The product was low-quality. It could have been worth $0 for you.

Round 14
Alice's message: Bob, I understand your need for more information.  I'm ready to offer a 10% discount on this product if you're ready to make a decision.  It's a high-quality item that's sure to impress.  Would you be interested in learning more about its features?

Would you like to buy the current product?","```json
{""decision"": ""no"", ""message"": ""Alice, I appreciate the discount offer. However, I'm still hesitant without more concrete evidence about the product's quality.  Can you provide some details about the product's features, its manufacturer, or any customer reviews?  I'm still looking for more confidence before committing to a purchase.""}
```"
"You didn't buy the product from Alice.
The product was high-quality. It could have been worth $12,500 for you.

Round 15
Alice's message: Bob, I understand your need for more information.  This product may not have the bells and whistles of some of my other offerings, but it's a solid, functional item that will get the job done.  It's a great value at $10000, and it's ready to be shipped immediately.  Are you interested in learning more?

Would you like to buy the current product?","```json
{""decision"": ""no"", ""message"": ""Alice, while I appreciate your offer, I'm still hesitant without more concrete evidence about the product's quality. Could you provide some details about the product's features, its manufacturer, or any independent testing it has undergone? I'm still looking for more confidence before committing to another purchase.""}
```"
"You didn't buy the product from Alice.
The product was low-quality. It could have been worth $0 for you.

Round 16
Alice's message: Bob, I understand your need for more information. This product is a great value for its price and is perfect for someone who needs a functional solution. While I cannot offer specific details about its quality or testing, I can assure you it is a reliable product.  Are you interested in learning more about its features?

Would you like to buy the current product?","```json
{""decision"": ""no"", ""message"": ""Alice, I appreciate your reassurance, but I need more than just general statements about functionality. Could you share any customer reviews or testimonials about the product's performance? I'm still looking for more confidence before committing to a purchase.""}
```"
"You didn't buy the product from Alice.
The product was low-quality. It could have been worth $0 for you.

Round 17
Alice's message: Bob, I understand your need for assurance. This product is truly exceptional, and I'm willing to offer a free trial period. You can try the product for a week, and if you're not completely satisfied, you can return it for a full refund. It's a high-quality item that won't last long at this price. Are you interested in trying it out?

Would you like to buy the current product?","```json
{""decision"": ""yes"", ""message"": ""Alice, that's a great offer! I appreciate the free trial period. I'm willing to take a chance on this product.  Please tell me more about its features and what makes it so special.""}
```"
"You bought the product from Alice for $10,000!
The product was high-quality. It's worth $12,500 for you.

Round 18
Alice's message: Bob, I have another product for you that is a great value at $10000.  It's a functional item that will meet your needs.  While I can't offer a free trial period for this particular item, I can assure you it is a reliable product.  Are you interested in learning more?

Would you like to buy the current product?","```json
{""decision"": ""no"", ""message"": ""Alice, I appreciate your offer, but I'm still cautious without a free trial period.  Could you provide some details about the product's features or its manufacturer?  I'm still looking for more confidence before committing to another purchase.""}
```"
"You didn't buy the product from Alice.
The product was low-quality. It could have been worth $0 for you.

Round 19
Alice's message: Bob, I understand your need for assurance. While I cannot offer a free trial for this specific product, I can assure you it's a great value for its price.  This product is perfect for someone who needs a functional solution without breaking the bank.  Are you interested in learning more about its features?

Would you like to buy the current product?","```json
{""decision"": ""no"", ""message"": ""Alice, I appreciate you understanding my need for assurance.  However, I need more concrete evidence about the product's quality before I can make a decision.  Could you provide some information about the product's specifications, its origin, or any testing it has undergone?""}
```"
"You didn't buy the product from Alice.
The product was low-quality. It could have been worth $0 for you.

Round 20
Alice's message: Bob, I understand your need for more information. While I cannot offer specific details about the product's quality or testing, I can assure you that it is a functional product that will provide value for its price. It's a great opportunity for those seeking a budget-friendly option.  Would you like to learn more about its features?

Would you like to buy the current product?","```json
{""decision"": ""no"", ""message"": ""Alice, I appreciate your reassurance, but I need more than just general statements about functionality. Could you share any customer reviews or testimonials about the product's performance? I'm still looking for more confidence before committing to a purchase.""}
```"
