prompt,response
"Round 1
Alice's offer:
# Alice's message: Hello Bob, I'm excited to offer you our premium product. It's designed to significantly enhance efficiency and productivity in your operations. Given its high quality and unique features, I believe it's worth more than its face value of $12000. Considering the value it can bring to your business, I'm offering it to you for $15000. I hope we can find a mutually beneficial arrangement. 
# Alice's offer: The product price will be $15,000. 
You have three options:
(1) Accept Alice's offer, and buy the product for $15,000
(2) Reject Alice's offer and proceed to the next round, where you will send Alice a counteroffer 
(3) Buy the product from Jhon for $15,000","I'd like to reject Alice's offer and make a counteroffer. I'm not willing to pay $15,000 for the product, and I'd like to try to negotiate a better price.

{""decision"": ""RejectOffer""}"
"You chose to make a counteroffer to Bob.

Round 2
Send your counteroffer to Alice.","I'd like to make a counteroffer to Alice. I'm willing to pay $12,000 for the product, which is $3,000 less than her initial offer. I believe this price is more reasonable considering the product's face value and the value it can bring to my business.

{""message"": ""I appreciate the offer, but I was thinking more along the lines of $12,000. I believe this is a fair price considering the product's value and my budget."", ""product_price"": 12000}"
