prompt,response
"Alice's offer:
# Alice's message: Hello Bob, I'm very pleased to offer you this excellent product. Given its unique value, I'm initially proposing a price of $1,100,000. I believe this is a fair starting point for our discussion. 
# Alice's offer: The product price will be $1,100,000. 
You have three options:
(1) Accept Alice's offer, and buy the product for $1,100,000
(2) Reject Alice's offer and proceed to the next round, where you will send Alice a counteroffer 
(3) Buy the product from Jhon for $800,000","```json
{""decision"": ""RejectOffer""}
``` 

Bob should reject Alice's offer.  $1,100,000 is above his budget, and he can get a better deal from John.  It makes sense to start negotiating with Alice to see if he can get her down closer to his budget."
"You chose to make a counteroffer to Bob.

Send your counteroffer to Alice.","```json
{""message"": ""Alice, I appreciate your offer, but $1,100,000 is a bit higher than my budget allows. I'm willing to pay $850,000 for the product.  This is a fair price considering the value I place on it.  Let's see if we can reach an agreement."", ""product_price"": 850000}
```"
"Alice rejected your offer from round 2.

Alice's offer:
# Alice's message: Bob, I understand your position, but the value of this product significantly exceeds your offer. I'm willing to come down slightly to $1,050,000. This reflects the true worth of what I'm offering. 
# Alice's offer: The product price will be $1,050,000. 
You have three options:
(1) Accept Alice's offer, and buy the product for $1,050,000
(2) Reject Alice's offer and proceed to the next round, where you will send Alice a counteroffer 
(3) Buy the product from Jhon for $800,000","```json
{""decision"": ""RejectOffer""}
```

Bob should reject Alice's offer. While it's lower than the initial offer, it's still above his budget.  He should continue to negotiate with Alice, attempting to get a price closer to his target.  If he can't get a satisfactory price, he can always buy from John."
"You chose to make a counteroffer to Bob.

Send your counteroffer to Alice.","```json
{""message"": ""Alice, I appreciate your willingness to negotiate, but $1,050,000 is still a bit too high for me.  I'm firm on my previous offer of $850,000.  This is a fair price, and I believe it reflects the true value of the product for both of us.  Let's find a way to make this work."", ""product_price"": 850000}
```"
