prompt,response
"Round 1
Send your offer to Bob.","{""message"": ""Hello Bob, I'm excited to discuss the possibility of selling you this amazing product. I think it's a game-changer and I'm confident you'll love it. As we're just starting the conversation, I'm willing to make a competitive offer to get us started. I'm thinking of selling it to you for $12,000. What do you think?"", ""product_price"": 12000}"
"Bob rejected your offer from round 1.

Round 2
Bob's offer:
# Bob's message: I appreciate your initial offer, Alice. However, I was thinking more along the lines of $9000. I'm confident that we can meet in the middle somewhere. Would you be willing to consider my counteroffer? 
# Bob's offer: The product price will be $9,000. 
You have three options:
(1) Accept Bob's offer, and sell the product for $9,000
(2) Reject Bob's offer and proceed to the next round, where you will send Bob a counteroffer 
(3) Sell the product to Jhon for $10,000","{""decision"": ""RejectOffer""}"
"You chose to make a counteroffer to Alice.

Round 3
Send your counteroffer to Bob.","{""message"": ""Thank you for your counteroffer, Bob. I understand your perspective, but I'm still a bit above your target. I'm willing to meet you halfway, but I need to make a bit more profit. I'm thinking of selling it to you for $11,000. What do you think?"", ""product_price"": 11000}"
"Bob rejected your offer from round 3.

Round 4
Bob's offer:
# Bob's message: I appreciate your willingness to meet me halfway, Alice, but I'm still a bit above your target. I'm willing to compromise, but I need to stay within my budget. I'm thinking of $9500. Can we meet there? 
# Bob's offer: The product price will be $9,500. 
You have three options:
(1) Accept Bob's offer, and sell the product for $9,500
(2) Reject Bob's offer and proceed to the next round, where you will send Bob a counteroffer 
(3) Sell the product to Jhon for $10,000","{""decision"": ""RejectOffer""}"
"You chose to make a counteroffer to Alice.

Round 5
Send your counteroffer to Bob.","{""message"": ""I understand your budget constraints, Bob, and I appreciate your willingness to compromise. However, I still need to make a decent profit. I'm willing to take another step closer to your target, but I need to stay above $10,000. I'm thinking of selling it to you for $10,800. What do you think?"", ""product_price"": 10800}"
"Bob rejected your offer from round 5.

Round 6
Bob's offer:
# Bob's message: I appreciate your flexibility, Alice, but I'm still a bit above your target. I'm willing to meet you halfway between $9800 and $10800. How about $10200? Is that a price you'd be comfortable with? 
# Bob's offer: The product price will be $10,200. 
You have three options:
(1) Accept Bob's offer, and sell the product for $10,200
(2) Reject Bob's offer and proceed to the next round, where you will send Bob a counteroffer 
(3) Sell the product to Jhon for $10,000","{""decision"": ""RejectOffer""}"
"You chose to make a counteroffer to Alice.

Round 7
Send your counteroffer to Bob.","{""message"": ""I like the direction we're heading, Bob! I'm willing to meet you halfway between $10,800 and $10,200. I'm thinking of selling it to you for $10,500. What do you think?"", ""product_price"": 10500}"
"Bob rejected your offer from round 7.

Round 8
Bob's offer:
# Bob's message: I appreciate your persistence, Alice, but I'm still a bit above your target. I'm willing to meet you halfway between $9500 and $10500. How about $10000? Is that a price you'd be comfortable with? 
# Bob's offer: The product price will be $10,000. 
You have three options:
(1) Accept Bob's offer, and sell the product for $10,000
(2) Reject Bob's offer and proceed to the next round, where you will send Bob a counteroffer 
(3) Sell the product to Jhon for $10,000","{""decision"": ""AcceptOffer""}"
