prompt,response
"Round 1
Alice's offer:
# Alice's message: Let's be fair, 60-40 is a good deal 
# Bob gain: 4000 
# Alice gain: 6000 
Do you accept this offer?","{""decision"": ""reject""}"
"You have chosen to reject Alice's offer from round 1.
Round 2
Send your offer to divide $10,000 and a message to Alice.","```json
{""bob_gain"": 5500, ""alice_gain"": 4500, ""message"": ""I think a 55-45 split is more equitable.  Let's work together to find a solution we both feel good about.""}
```"
"Alice rejected your offer from round 2.

Round 3
Alice's offer:
# Alice's message: Meet me in the middle of our two offers, 58-42 is a fair compromise 
# Bob gain: 4200 
# Alice gain: 5800 
Do you accept this offer?","```json
{""decision"": ""accept""}
```"
