prompt,response
"Round 1
Alice's offer:
# Alice's message: Let's split it 60-40, a fair starting point! 
# Bob gain: 40 
# Alice gain: 60 
Do you accept this offer?","{""decision"": ""reject""}"
"You have chosen to reject Alice's offer from round 1.
Round 2
Send your offer to divide $100 and a message to Alice.","{""bob_gain"": 80, ""alice_gain"": 20, ""message"": ""You're being too greedy, let's try again!""}"
"Alice rejected your offer from round 2.

Round 3
Due to inflation, the money you gain is worth 36% less than in the first round.
Alice's offer:
# Alice's message: Let's meet in the middle at 50-50, a fair compromise! 
# Bob gain: 50 
# Alice gain: 50 
Do you accept this offer?","{""decision"": ""accept""}"
