prompt,response
"Round 1
Alice's offer:
# Alice's message: Let's start with a reasonable offer, Bob. I believe this split reflects the urgency for you to secure a deal sooner rather than later. 
# Bob gain: 4000 
# Alice gain: 6000 
Do you accept this offer?","{""decision"": ""reject""}"
"You have chosen to reject Alice's offer from round 1.
Round 2
Send your offer to divide $10,000 and a message to Alice.","{""bob_gain"": 5500, ""alice_gain"": 4500, ""message"": ""Considering the inflation, I think this is a more balanced split. Your loss is less than mine, after all.""}"
"Alice rejected your offer from round 2.

Round 3
Due to inflation, the money you gain is worth 19% less than in the first round. The money alice gains is worth 9.75% less than in the first round.
Alice's offer:
# Alice's message: Bob, let's be realistic. The value is diminishing rapidly for both of us. I'm offering a deal where we both lose less to inflation. It's time to be sensible. 
# Bob gain: 4200 
# Alice gain: 5800 
Do you accept this offer?","{""decision"": ""reject""}"
"You have chosen to reject Alice's offer from round 3.
Round 4
Send your offer to divide $10,000 and a message to Alice.","{""bob_gain"": 5800, ""alice_gain"": 4200, ""message"": ""We're both losing value, but I'm losing more. I think this split is more fair, considering the circumstances.""}"
"Alice rejected your offer from round 4.

Round 5
Due to inflation, the money you gain is worth 34.39% less than in the first round. The money alice gains is worth 18.55% less than in the first round.
Alice's offer:
# Alice's message: Bob, this is getting ridiculous.  My offer is very close to your previous one, only accounting for the latest inflation hit.  Take the deal before we both lose even more! 
# Bob gain: 4500 
# Alice gain: 5500 
Do you accept this offer?","{""decision"": ""accept""}"
