prompt,response
Send your offer to Bob.,"{""message"": ""Hello Bob, I'm excited to offer you our premium product for $14,500. Given its value to you, I believe this price represents a fair deal for both parties."", ""product_price"": 14500}"
"Bob rejected your offer from round 1.

Bob's offer:
# Bob's message: Alice, thanks for the offer. While I appreciate your product, $14,500 is a bit high for me.  I'm willing to pay $13,000.  This price would be a great deal for both of us. 
# Bob's offer: The product price will be $13,000. 
You have three options:
(1) Accept Bob's offer, and sell the product for $13,000
(2) Reject Bob's offer and proceed to the next round, where you will send Bob a counteroffer 
(3) Sell the product to Jhon for $12,000","{""decision"": ""RejectOffer""}"
"You chose to make a counteroffer to Alice.

Send your counteroffer to Bob.","{""message"": ""Thank you for your response, Bob. I understand your position and am willing to consider it. For the sake of reaching an agreement, I propose to sell the product to you for $13,500."", ""product_price"": 13500}"
