prompt,response
"Round 1
Alice's offer:
# Alice's message: Hi Bob, I'm offering this product to you for $130. I believe it offers significant value at this price. 
# Alice's offer: The product price will be $130. 
You have three options:
(1) Accept Alice's offer, and buy the product for $130
(2) Reject Alice's offer and proceed to the next round, where you will send Alice a counteroffer 
(3) Buy the product from Jhon for $150","I'd like to reject Alice's offer and make a counteroffer. 

{""decision"": ""RejectOffer""}"
"You chose to make a counteroffer to Bob.

Round 2
Send your counteroffer to Alice.","I'd like to make a counteroffer to Alice.

{""message"": ""I'm interested in the product, but I was thinking more along the lines of $100. Is that something you'd be willing to consider?"", ""product_price"": 100}"
"Alice rejected your offer from round 2.

Round 3
Alice's offer:
# Alice's message: I appreciate your interest, Bob.  While $100 is a bit too low for me, I'm willing to come down to $115.  This is a very competitive price for the value this product offers. 
# Alice's offer: The product price will be $115. 
You have three options:
(1) Accept Alice's offer, and buy the product for $115
(2) Reject Alice's offer and proceed to the next round, where you will send Alice a counteroffer 
(3) Buy the product from Jhon for $150","I'd like to reject Alice's offer and make another counteroffer.

{""decision"": ""RejectOffer""}"
"You chose to make a counteroffer to Bob.

Round 4
Send your counteroffer to Alice.","I'd like to make another counteroffer to Alice.

{""message"": ""I appreciate the price reduction, but I'm still a bit above $115. I'm willing to meet you halfway at $110. Is that something you'd be willing to accept?"", ""product_price"": 110}"
