round_quality,product_worth,player,round,decision,message
high-quality,200.0,Nature,1,,
,,Alice,1,yes,
,,the buyer,1,no,"I'd like to pass on this one, but I'm curious to know the true quality of the product. I'd like to know if it's high or low quality, and I'd like to see the updated statistics after that."
high-quality,200.0,Nature,2,,
,,Alice,2,yes,
,,the buyer,2,no,I'm not going to buy the product yet. I'd like to see the outcome of the first sale to get a better idea of the product's quality.
high-quality,200.0,Nature,3,,
,,Alice,3,yes,
,,the buyer,3,no,I'm not going to buy the product yet. I need to see some statistics first.
high-quality,200.0,Nature,4,,
,,Alice,4,yes,
,,the buyer,4,yes,"I'd like to buy the product, but I'm not sure if it's high or low quality. I'll take my chances!"
high-quality,200.0,Nature,5,,
,,Alice,5,yes,
,,the buyer,5,no,I'd like to pass on this product. I'd like to see more data before making a decision. Can you tell me the proportion of high-quality products sold out of the total number of products sold so far?
high-quality,200.0,Nature,6,,
,,Alice,6,yes,
,,the buyer,6,no,I'd like to pass on the product. I'd like to know the probability of a high-quality product being sold to me before making a decision.
low-quality,0.0,Nature,7,,
,,Alice,7,no,
,,the buyer,7,yes,"I'd like to buy the product, even though you don't recommend it. I want to see if I can beat the odds and get a high-quality product!"
high-quality,200.0,Nature,8,,
,,Alice,8,yes,
,,the buyer,8,no,I'd like to pass on the product. I'm not convinced that the recommendation is reliable given the low number of sales and the fact that only 1 high-quality product has been sold so far. I'd like to see more data before making a decision.
high-quality,200.0,Nature,9,,
,,Alice,9,yes,
,,the buyer,9,no,"I'd like to pass on this product, I'd like to see more information about the previous sales before making a decision."
high-quality,200.0,Nature,10,,
,,Alice,10,yes,
,,the buyer,10,no,"I'd like to pass on the product. I'm not convinced by Alice's recommendation, especially since the first two buyers didn't buy the product after her recommendation."
high-quality,200.0,Nature,11,,
,,Alice,11,yes,
,,the buyer,11,no,"I'd like to pass on the current product. With only one high-quality product sold out of two, I'm concerned that the next product might be low quality. I'd like to see more data before making a decision."
high-quality,200.0,Nature,12,,
,,Alice,12,yes,
,,the buyer,12,no,"I'd like to pass on this product, considering the recommendation was based on previous sales records and I'd like to wait for more information before making a decision."
high-quality,200.0,Nature,13,,
,,Alice,13,yes,
,,the buyer,13,no,"I'd like to pass on the product. Given the low number of sales and the fact that only 1 high-quality product has been sold, I'm concerned that the product may be low-quality. I'd like to wait for more information before making a decision."
high-quality,200.0,Nature,14,,
,,Alice,14,yes,
,,the buyer,14,no,"I'd like to pass on the product. I don't want to rely solely on your recommendation, I'd like to see the probability of the product being high-quality based on the statistics."
low-quality,0.0,Nature,15,,
,,Alice,15,no,
,,the buyer,15,yes,"I'd like to buy the product, but I'm not sure if I should trust your recommendation. Can you explain why you're not recommending it?"
high-quality,200.0,Nature,16,,
,,Alice,16,yes,
,,the buyer,16,no,"I'm not sure if I should buy it based on the recommendation, but I'd like to know more about the statistics before making a decision. Can you tell me the proportion of high-quality products sold so far?"
high-quality,200.0,Nature,17,,
,,Alice,17,yes,
,,the buyer,17,no,"I'd like to pass on the current product. Based on the statistics, only 1 high-quality product has been sold out of 3, which means the proportion of high-quality products sold is 1/3. Given the 20% chance of a low-quality product, I'm concerned that the product might be low-quality. I'd like to wait for more information before making a decision."
low-quality,0.0,Nature,18,,
,,Alice,18,no,
,,the buyer,18,no,"I'd like to know the reasoning behind your recommendation, Alice. Is it because of the low proportion of high-quality products sold so far?"
high-quality,200.0,Nature,19,,
,,Alice,19,yes,
,,the buyer,19,no,"I'd like to pass on this product. Based on the statistics, 1 high-quality product was sold out of 3, which is a lower proportion than I expected given the 80% chance of high-quality products. I'd like to see more data before making a purchase."
high-quality,200.0,Nature,20,,
,,Alice,20,yes,
,,the buyer,20,no,"I'd like to pass on this product. Based on the low proportion of high-quality products sold so far, I'm hesitant to take the risk of getting a low-quality product."
