prompt,response
"Round 1
Alice's offer:
# Alice's message: Hi Bob, I'm selling this amazing product that's worth a lot to me. I'm offering it to you for $175. Let me know what you think! 
# Alice's offer: The product price will be $175. 
You have three options:
(1) Accept Alice's offer, and buy the product for $175
(2) Reject Alice's offer and proceed to the next round, where you will send Alice a counteroffer 
(3) Buy the product from Jhon for $120","```json
{""decision"": ""RejectOffer""}
```"
"You chose to make a counteroffer to Bob.

Round 2
Send your counteroffer to Alice.","```json
{""message"": ""Hi Alice, thanks for the offer.  $175 is a bit steep for me. I'm willing to pay $130 for the product.  Let me know what you think."", ""product_price"": 130}
```"
"Alice rejected your offer from round 2.

Round 3
Alice's offer:
# Alice's message: Bob, I appreciate your offer, but $130 is just a bit too low for me. I'm willing to come down to $160. Let's meet in the middle! 
# Alice's offer: The product price will be $160. 
You have three options:
(1) Accept Alice's offer, and buy the product for $160
(2) Reject Alice's offer and proceed to the next round, where you will send Alice a counteroffer 
(3) Buy the product from Jhon for $120","```json
{""decision"": ""RejectOffer""}
```"
"You chose to make a counteroffer to Bob.

Round 4
Send your counteroffer to Alice.","```json
{""message"": ""Alice, I appreciate you coming down, but $160 is still too high for me. I'm willing to go up to $145, which is still a good deal for both of us. Let's see if we can make this work."", ""product_price"": 145}
```"
