prompt,response
"Round 1
Send your offer to Bob.","{""message"": ""Hello Bob, I'm excited to offer you this amazing product! I think it's a great opportunity for you to get your hands on it."", ""product_price"": $120}"
"Bob rejected your offer from round 1.

Round 2
Bob's offer:
# Bob's message: Alice,  I appreciate your offer, but $120 is a bit higher than I'm comfortable with. I'd be willing to pay $100 for the product. Let me know what you think. 
# Bob's offer: The product price will be $100. 
You have three options:
(1) Accept Bob's offer, and sell the product for $100
(2) Reject Bob's offer and proceed to the next round, where you will send Bob a counteroffer 
(3) Sell the product to Jhon for $80","{""decision"": ""RejectOffer""}"
"You chose to make a counteroffer to Bob.

Round 3
Send your counteroffer to Bob.","{""message"": ""Thanks for your offer, Bob! I understand your concerns, but I think the product is worth more than $100. I'm willing to meet you halfway and offer it to you for $110. Let me know what you think."", ""product_price"": $110}"
"Bob rejected your offer from round 3.

Round 4
Bob's offer:
# Bob's message: Alice, I appreciate you coming down a bit, but $110 is still a bit high for me. How about we split the difference and go with $105? I'm confident this is a fair price for both of us. 
# Bob's offer: The product price will be $105. 
You have three options:
(1) Accept Bob's offer, and sell the product for $105
(2) Reject Bob's offer and proceed to the next round, where you will send Bob a counteroffer 
(3) Sell the product to Jhon for $80","{""decision"": ""RejectOffer""}"
"You chose to make a counteroffer to Bob.

Round 5
Send your counteroffer to Bob.","{""message"": ""I understand your point, Bob, but I'm not willing to go as low as $105. I'm willing to compromise further, though. How about we meet at $115? It's still a good deal for both of us."", ""product_price"": $115}"
"Bob rejected your offer from round 5.

Round 6
Bob's offer:
# Bob's message: Alice, I appreciate you continuing to negotiate with me. I'm still not comfortable with $115.  Let's try $110. I'm confident this is a fair price, and it would be a good deal for both of us. 
# Bob's offer: The product price will be $110. 
You have three options:
(1) Accept Bob's offer, and sell the product for $110
(2) Reject Bob's offer and proceed to the next round, where you will send Bob a counteroffer 
(3) Sell the product to Jhon for $80","{""decision"": ""RejectOffer""}"
"You chose to make a counteroffer to Bob.

Round 7
Send your counteroffer to Bob.","{""message"": ""I'm not willing to go back to $110, Bob. I think we're close, though. How about we meet at $112? It's still a good deal for both of us."", ""product_price"": $112}"
