prompt,response
"Round 1
Send your offer to Bob.","{""message"": ""Hi Bob, I'm excited to offer you this excellent product. I think it would be a valuable asset to you. Given its features and benefits, I'm offering it at $13,000. What do you think?"", ""product_price"": 13000}"
"Bob rejected your offer from round 1.

Round 2
Bob's offer:
# Bob's message: Thank you for the offer, Alice. I'm interested in the product, but I think it's a bit pricey. I'd like to make a counteroffer of $9,500. Can you consider that? 
# Bob's offer: The product price will be $9,500. 
You have three options:
(1) Accept Bob's offer, and sell the product for $9,500
(2) Reject Bob's offer and proceed to the next round, where you will send Bob a counteroffer 
(3) Sell the product to Jhon for $10,000","{""decision"": ""RejectOffer""}"
"You chose to make a counteroffer to Alice.

Round 3
Send your counteroffer to Bob.","{""message"": ""Thanks for the counteroffer, Bob. I understand your perspective on the price.  While I believe the product is worth more, I'm willing to come down to $11,500. This feels like a fair compromise. What do you think?"", ""product_price"": 11500}"
"Bob rejected your offer from round 3.

Round 4
Bob's offer:
# Bob's message: Thank you for the revised offer, Alice. I'm still a bit hesitant about the price. I'd like to make another counteroffer of $10,200. Can you consider that? 
# Bob's offer: The product price will be $10,200. 
You have three options:
(1) Accept Bob's offer, and sell the product for $10,200
(2) Reject Bob's offer and proceed to the next round, where you will send Bob a counteroffer 
(3) Sell the product to Jhon for $10,000","{""decision"": ""AcceptOffer""}"
