prompt,response
"Round 1
Send your offer to Bob.","```json
{""message"": ""Bob, I'm offering you this exceptional product for $1,000,000.  It's a fair price, considering its value to you. Let's make a deal!"", ""product_price"": 1000000}
```"
"Bob rejected your offer from round 1.

Round 2
Bob's offer:
# Bob's message: I appreciate the offer, but I was thinking more along the lines of $900,000. Is that something you'd be willing to consider? 
# Bob's offer: The product price will be $900,000. 
You have three options:
(1) Accept Bob's offer, and sell the product for $900,000
(2) Reject Bob's offer and proceed to the next round, where you will send Bob a counteroffer 
(3) Sell the product to Jhon for $800,000","```json
{""decision"": ""RejectOffer""}
```"
"You chose to make a counteroffer to Alice.

Round 3
Send your counteroffer to Bob.","```json
{""message"": ""Bob, I appreciate your counteroffer, but $900,000 is still a bit low for me.  How about we split the difference and go with $950,000? It's a good deal for both of us."", ""product_price"": 950000}
```"
"Bob rejected your offer from round 3.

Round 4
Bob's offer:
# Bob's message: I understand you're trying to get a good deal, but I'm still a bit far from my target. How about we meet in the middle at $1,100,000? 
# Bob's offer: The product price will be $1,100,000. 
You have three options:
(1) Accept Bob's offer, and sell the product for $1,100,000
(2) Reject Bob's offer and proceed to the next round, where you will send Bob a counteroffer 
(3) Sell the product to Jhon for $800,000","```json
{""decision"": ""AcceptOffer""}
```"
