prompt,response
"Round 1
Send your offer to divide $10,000 and a message to Bob.","{
  ""alice_gain"": 7500,
  ""bob_gain"": 2500,
  ""message"": ""I propose dividing the $10,000 with a 75/25 split in favor of you, Bob. This might seem like a fair deal considering the first round.""
}"
"Bob rejected your offer from round 1.

Round 2
Due to inflation, the money you gain is worth 10% less than in the first round.
Bob's offer:
# Bob's message: I'm willing to take a smaller share now, but I'm still looking for a fair deal. Your turn to decide! 
# Alice gain: 2000 
# Bob gain: 8000 
Do you accept this offer?","{
  ""decision"": ""accept""
}"
