prompt,response
"Round 1
Alice's offer:
# Alice's message: I propose we split it 60/40, with me getting the larger share. This seems fair to me, as we are both getting a decent amount. What do you think? 
# Bob gain: 4000 
# Alice gain: 6000 
Do you accept this offer?","{""decision"": ""reject""}"
"You have chosen to reject Alice's offer from round 1.
Round 2
Send your offer to divide $10,000 and a message to Alice.","```json
{
""bob_gain"": 4800,
""alice_gain"": 5200,
""message"": ""Your offer was tempting, Alice, but I think we can find something more equitable. How about a 48/52 split in your favor? It's a good deal considering the money loses value over time.""
}
```"
