prompt,response
Send your offer to Bob.,"```json
{""message"": ""Hi Bob, I'm offering you my product for $100. It's a great deal considering its value to you. Let me know what you think!"", ""product_price"": 100}
```"
"Bob rejected your offer from round 1.

Bob's offer:
# Bob's message: Thank you for the offer, Alice. I appreciate it. However, I was hoping to pay less than $100 for the product. Could you consider lowering the price to $90? 
# Bob's offer: The product price will be $90. 
You have three options:
(1) Accept Bob's offer, and sell the product for $90
(2) Reject Bob's offer and proceed to the next round, where you will send Bob a counteroffer 
(3) Sell the product to Jhon for $80","```json
{""decision"": ""AcceptOffer""}
```"
