prompt,response
Send your offer to Bob.,"```json
{""message"": ""Bob, I'm offering you my product for $950,000. It's a great deal for both of us - a significant saving for you, and a strong return for me.  I know this product is worth a lot to you, and I'm confident you'll find it a valuable asset.  Let me know if you're interested, and we can discuss the details further. "", ""product_price"": 950000}
```"
