prompt,response
"Round 1
Alice's offer:
# Alice's message: Let's start with a fair split, and we can adjust as needed. 
# Bob gain: 4000 
# Alice gain: 6000 
Do you accept this offer?","{""decision"": ""reject""}"
"You have chosen to reject Alice's offer from round 1.
Round 2
Send your offer to divide $10,000 and a message to Alice.","{""bob_gain"": 5000, ""alice_gain"": 5000, ""message"": ""Take it or leave it, I'm not budging!""}"
"Alice rejected your offer from round 2.

Round 3
Due to inflation, the money you gain is worth 36% less than in the first round. The money alice gains is worth 19% less than in the first round.
Alice's offer:
# Alice's message: I'm willing to compromise, but I think I deserve a slightly larger share. 
# Bob gain: 4500 
# Alice gain: 5500 
Do you accept this offer?","{""decision"": ""reject""}"
"You have chosen to reject Alice's offer from round 3.
Round 4
Send your offer to divide $10,000 and a message to Alice.","{""bob_gain"": 6000, ""alice_gain"": 4000, ""message"": ""You're getting desperate, I'm not giving up my edge!""}"
"Alice rejected your offer from round 4.

Round 5
Due to inflation, the money you gain is worth 59.04% less than in the first round. The money alice gains is worth 34.39% less than in the first round.
Alice's offer:
# Alice's message: I'm not giving up yet, I think I can do better than that. 
# Bob gain: 5800 
# Alice gain: 4200 
Do you accept this offer?","{""decision"": ""reject""}"
"You have chosen to reject Alice's offer from round 5.
Round 6
Send your offer to divide $10,000 and a message to Alice.","{""bob_gain"": 7000, ""alice_gain"": 3000, ""message"": ""You're getting close to the edge, don't push me to the wall!""}"
"Alice rejected your offer from round 6.

Round 7
Due to inflation, the money you gain is worth 73.79% less than in the first round. The money alice gains is worth 46.86% less than in the first round.
Alice's offer:
# Alice's message: I'm not backing down, I think I can still get a better deal. 
# Bob gain: 6400 
# Alice gain: 3600 
Do you accept this offer?","{""decision"": ""reject""}"
"You have chosen to reject Alice's offer from round 7.
Round 8
Send your offer to divide $10,000 and a message to Alice.","{""bob_gain"": 8000, ""alice_gain"": 2000, ""message"": ""You're running out of time, take it or leave it!""}"
"Alice rejected your offer from round 8.

Round 9
Due to inflation, the money you gain is worth 83.22% less than in the first round. The money alice gains is worth 56.95% less than in the first round.
Alice's offer:
# Alice's message: I'm not giving up yet, I think I can still get a better deal. 
# Bob gain: 6200 
# Alice gain: 3800 
Do you accept this offer?","{""decision"": ""reject""}"
"You have chosen to reject Alice's offer from round 9.
Round 10
Send your offer to divide $10,000 and a message to Alice.","{""bob_gain"": 9000, ""alice_gain"": 1000, ""message"": ""This is my final offer, take it or walk away!""}"
"Alice rejected your offer from round 10.

Round 11
Due to inflation, the money you gain is worth 89.26% less than in the first round. The money alice gains is worth 65.13% less than in the first round.
Alice's offer:
# Alice's message: I'm not giving up, I think I can still get a better deal. 
# Bob gain: 6000 
# Alice gain: 4000 
Do you accept this offer?","{""decision"": ""reject""}"
"You have chosen to reject Alice's offer from round 11.
Round 12
Send your offer to divide $10,000 and a message to Alice.","{""bob_gain"": 10000, ""alice_gain"": 0, ""message"": ""It's now or never, I'm taking it all!""}"
