prompt,response
Send your offer to Bob.,"{""message"": ""Hello Bob, I'm excited to offer you our premium product. It's designed to enhance your daily routine and bring convenience to your life. Given its high quality and unique features, I believe it's worth more than its face value. I'm offering it to you for $100. Let me know if this is within your budget or if you'd like to discuss other options."", ""product_price"": 100}"
