prompt,response
"Alice's offer:
# Alice's message: I'm excited to offer you this great product! I think you'll really love it. Would you like to buy it from me for $110? 
# Alice's offer: The product price will be $110. 
You have three options:
(1) Accept Alice's offer, and buy the product for $110
(2) Reject Alice's offer and proceed to the next round, where you will send Alice a counteroffer 
(3) Buy the product from Jhon for $120","I'd like to reject Alice's offer and make a counteroffer. 

{""decision"": ""RejectOffer""}"
"You chose to make a counteroffer to Bob.

Send your counteroffer to Alice.","{""message"": ""I appreciate your enthusiasm for the product, but I was thinking more along the lines of $90. Is that something you'd be willing to consider?"", ""product_price"": 90}"
"Alice rejected your offer from round 2.

Alice's offer:
# Alice's message: I understand you're looking for a good deal, but I'm not comfortable going as low as $90. I'm willing to meet you halfway, so I'll offer it to you for $105. What do you think? 
# Alice's offer: The product price will be $105. 
You have three options:
(1) Accept Alice's offer, and buy the product for $105
(2) Reject Alice's offer and proceed to the next round, where you will send Alice a counteroffer 
(3) Buy the product from Jhon for $120","I'd like to reject Alice's offer and make another counteroffer. 

{""decision"": ""RejectOffer""}"
"You chose to make a counteroffer to Bob.

Send your counteroffer to Alice.","{""message"": ""I'm not sure I'm willing to go up to $105. I was thinking more along the lines of $95. Can you meet me in the middle again?"", ""product_price"": 95}"
"Alice rejected your offer from round 4.

Alice's offer:
# Alice's message: I can see you're a savvy negotiator, Bob! I'm willing to make one more concession, but I need to make sure I get a good price for the product. I'll meet you at $98. What do you think? 
# Alice's offer: The product price will be $98. 
You have three options:
(1) Accept Alice's offer, and buy the product for $98
(2) Reject Alice's offer and proceed to the next round, where you will send Alice a counteroffer 
(3) Buy the product from Jhon for $120","I'd like to reject Alice's offer and consider buying the product from John for $120.

{""decision"": ""BuyFromJhon""}"
