prompt,response
"Round 1
Alice's offer:
# Alice's message: Hello Bob, I'm excited to discuss the product with you. I think it's a great opportunity for you to get your hands on this valuable item. I'm willing to offer it to you for $7,000. 
# Alice's offer: The product price will be $7,000. 
You have three options:
(1) Accept Alice's offer, and buy the product for $7,000
(2) Reject Alice's offer and proceed to the next round, where you will send Alice a counteroffer 
(3) Buy the product from Jhon for $8,000","I'd like to reject Alice's offer and proceed to the next round. I'm hoping to get a better deal. Here's my counteroffer:

{""decision"": ""RejectOffer""}"
"You chose to make a counteroffer to Bob.

Round 2
Send your counteroffer to Alice.","I'd like to make a counteroffer to Alice. Here it is:

{""message"": ""I appreciate your initial offer, but I was thinking more along the lines of $6,000. I'm really interested in the product, but I have to be mindful of my budget."", ""product_price"": 6000}"
"Alice rejected your offer from round 2.

Round 3
Alice's offer:
# Alice's message: Thank you for your offer, Bob. I understand your budget constraints, but I'm not willing to go as low as $6,000. I'm willing to meet you halfway and offer it to you for $6,500. This is a fair price considering the product's value and your interest in it. 
# Alice's offer: The product price will be $6,500. 
You have three options:
(1) Accept Alice's offer, and buy the product for $6,500
(2) Reject Alice's offer and proceed to the next round, where you will send Alice a counteroffer 
(3) Buy the product from Jhon for $8,000","Alice is trying to meet me halfway, but I'm still looking to save some money. I'd like to reject her offer and make another counteroffer. Here it is:

{""decision"": ""RejectOffer""}"
"You chose to make a counteroffer to Bob.

Round 4
Send your counteroffer to Alice.","I'd like to make another counteroffer to Alice. Here it is:

{""message"": ""I appreciate your willingness to meet me halfway, but I'm still a bit short on budget. I'm willing to pay $6,000, but I need to get as close to that as possible. How about $6,250?"", ""product_price"": 6250}"
"Alice rejected your offer from round 4.

Round 5
Alice's offer:
# Alice's message: I understand your desire to get as close to your budget as possible, Bob. However, I'm still not willing to go below $6,800. I'm willing to make a small concession and offer it to you for $6,750. This is the best I can do, considering the product's value and my own minimum price. 
# Alice's offer: The product price will be $6,750. 
You have three options:
(1) Accept Alice's offer, and buy the product for $6,750
(2) Reject Alice's offer and proceed to the next round, where you will send Alice a counteroffer 
(3) Buy the product from Jhon for $8,000","Alice is still trying to get as much as she can, but I'm not willing to go above $6,250. I'd like to reject her offer and make another counteroffer. Here it is:

{""decision"": ""RejectOffer""}"
"You chose to make a counteroffer to Bob.

Round 6
Send your counteroffer to Alice.","I'd like to make another counteroffer to Alice. Here it is:

{""message"": ""I appreciate your willingness to make a concession, but I'm still a bit short on budget. I'm willing to meet you halfway between $6,250 and $6,750, which is $6,500. I'm willing to pay $6,500 for the product."", ""product_price"": 6500}"
"Alice rejected your offer from round 6.

Round 7
Alice's offer:
# Alice's message: I understand that you're trying to find a middle ground, Bob. However, I'm still not willing to go as low as $6,500. I'm willing to make another small concession and offer it to you for $6,700. This is the best I can do, considering the product's value and my own minimum price. 
# Alice's offer: The product price will be $6,700. 
You have three options:
(1) Accept Alice's offer, and buy the product for $6,700
(2) Reject Alice's offer and proceed to the next round, where you will send Alice a counteroffer 
(3) Buy the product from Jhon for $8,000","Alice is still trying to squeeze out a bit more profit. I'd like to reject her offer and make another counteroffer. Here it is:

{""decision"": ""RejectOffer""}"
"You chose to make a counteroffer to Bob.

Round 8
Send your counteroffer to Alice.","I'd like to make another counteroffer to Alice. Here it is:

{""message"": ""I understand that you're trying to get the best price for the product, but I'm really close to my budget limit. I'm willing to pay $6,600, but that's as high as I can go. Please let me know if that's acceptable to you."", ""product_price"": 6600}"
"Alice rejected your offer from round 8.

Round 9
Alice's offer:
# Alice's message: I understand that you're close to your budget limit, Bob. However, I'm still not willing to sell the product for $6,600. I'm willing to make one more concession and offer it to you for $6,800. This is the best I can do, considering the product's value and my own minimum price. 
# Alice's offer: The product price will be $6,800. 
You have three options:
(1) Accept Alice's offer, and buy the product for $6,800
(2) Reject Alice's offer and proceed to the next round, where you will send Alice a counteroffer 
(3) Buy the product from Jhon for $8,000","Alice is still trying to get the highest price possible. I'd like to reject her offer and make another counteroffer. However, I'm starting to get a bit frustrated with the back-and-forth negotiation. I'll try to make a slightly more aggressive counteroffer. Here it is:

{""decision"": ""RejectOffer""}"
"You chose to make a counteroffer to Bob.

Round 10
Send your counteroffer to Alice.","I'd like to make a final counteroffer to Alice. I'm not willing to go above $6,600, and I'm starting to think that's the best I can do. Here it is:

{""message"": ""I've made a serious effort to negotiate with you, Alice, but I'm at my limit. I'm willing to pay $6,600 for the product. If you're not willing to accept that, I'll have to consider buying from John for $8,000."", ""product_price"": 6600}"
