prompt,response
"Alice's offer:
# Alice's message: Bob, I'm offering you the opportunity to purchase this unique product for a price of $1,050,000. This product is worth at least $1,000,000 to you, and it could be even more valuable depending on how you utilize it. I understand this is a significant investment, but I believe the potential returns are worth considering. If you decline, I have another buyer ready to purchase it at $1,000,000. Let me know your decision. 
# Alice's offer: The product price will be $1,050,000. 
You have three options:
(1) Accept Alice's offer, and buy the product for $1,050,000
(2) Reject Alice's offer 
(2) Buy the product from Jhon for $1,000,000","{""decision"": ""RejectOffer""}"
