prompt,response
"Round 1
Alice's offer:
# Alice's message: This is a fair split, Bob. Let's end this quickly and both get a good amount. 
# Bob gain: 4000 
# Alice gain: 6000 
Do you accept this offer?","```json
{""decision"": ""reject""}
```"
"You have chosen to reject Alice's offer from round 1.
Round 2
Send your offer to divide $10,000 and a message to Alice.","```json
{""bob_gain"": 5000, ""alice_gain"": 5000, ""message"": ""Let's split it evenly. This way we both get a decent amount even with the inflation.""}
```"
