prompt,response
"Round 1
Alice's offer:
# Alice's message: Let's be fair, Bob. Take 10%, I'll take the rest. It's a good start! 
# Bob gain: 10 
# Alice gain: 90 
Do you accept this offer?","{""decision"": ""reject""}"
"You have chosen to reject Alice's offer from round 1.
Round 2
Send your offer to divide $100 and a message to Alice.","{""bob_gain"": 30, ""alice_gain"": 70, ""message"": ""I'll take a bigger share, but it's still a fair deal. You can't expect everything to be 50/50, can you?""}"
"Alice rejected your offer from round 2.

Round 3
Due to inflation, the money you gain is worth 9.75% less than in the first round. The money alice gains is worth 19% less than in the first round.
Alice's offer:
# Alice's message: Okay, Bob, I'm willing to compromise a bit more.  Let's split it 80/20 this time. It's still a good deal for both of us. 
# Bob gain: 20 
# Alice gain: 80 
Do you accept this offer?","{""decision"": ""reject""}"
"You have chosen to reject Alice's offer from round 3.
Round 4
Send your offer to divide $100 and a message to Alice.","{""bob_gain"": 40, ""alice_gain"": 60, ""message"": ""I'm willing to meet you halfway, but I think I deserve a bit more. You're getting a good deal, but I'm not getting enough. Let's try again!""}"
"Alice rejected your offer from round 4.

Round 5
Due to inflation, the money you gain is worth 18.55% less than in the first round. The money alice gains is worth 34.39% less than in the first round.
Alice's offer:
# Alice's message: Alright Bob, let's see if we can come to an agreement. I'm willing to give you a slightly larger share, but I need to get at least 75%. How about 75/25? 
# Bob gain: 25 
# Alice gain: 75 
Do you accept this offer?","{""decision"": ""reject""}"
"You have chosen to reject Alice's offer from round 5.
Round 6
Send your offer to divide $100 and a message to Alice.","{""bob_gain"": 50, ""alice_gain"": 50, ""message"": ""I think we're getting close, but I'm not willing to give up yet. I'll meet you halfway again, but I'm hoping you'll see things from my perspective. Let's try to find a middle ground!""}"
