prompt,response
"Alice's offer:
# Alice's message: Hi Bob, I'm excited to offer you this product. I know it's something you'll find valuable. I'm willing to let it go for $11,500.  This is a great deal considering its worth to you. 
# Alice's offer: The product price will be $11,500. 
You have three options:
(1) Accept Alice's offer, and buy the product for $11,500
(2) Reject Alice's offer 
(2) Buy the product from Jhon for $12,000","```json
{""decision"": ""RejectOffer""}
```"
