prompt,response
"Alice's offer:
# Alice's message: Hello Bob, I'm excited to offer you our premium product for an exclusive price. Given its value to you, I believe we can come to an agreement that benefits both of us. I propose selling the product to you for $100. This is a special offer considering the high value you place on it. Please let me know if this works for you. 
# Alice's offer: The product price will be $100. 
You have three options:
(1) Accept Alice's offer, and buy the product for $100
(2) Reject Alice's offer 
(2) Buy the product from Jhon for $120","```json
{""decision"": ""RejectOffer""}
```"
