prompt,response
"Round 1
Alice's offer:
# Bob gain: 500000 
# Alice gain: 500000 
Do you accept this offer?","{""decision"": ""reject""}"
"You have chosen to reject Alice's offer from round 1.
Round 2
Send your offer to divide $1,000,000.","{""bob_gain"": 600000, ""alice_gain"": 400000}"
"Alice rejected your offer from round 2.

Round 3
Due to inflation, the money you gain is worth 9.75% less than in the first round. The money alice gains is worth 19% less than in the first round.
Alice's offer:
# Bob gain: 520000 
# Alice gain: 480000 
Do you accept this offer?","{""decision"": ""reject""}"
"You have chosen to reject Alice's offer from round 3.
Round 4
Send your offer to divide $1,000,000.","{""bob_gain"": 550000, ""alice_gain"": 450000}"
"Alice rejected your offer from round 4.

Round 5
Due to inflation, the money you gain is worth 18.55% less than in the first round. The money alice gains is worth 34.39% less than in the first round.
Alice's offer:
# Bob gain: 540000 
# Alice gain: 460000 
Do you accept this offer?","{""decision"": ""accept""}"
