prompt,response
"Round 1
Send your offer to divide $1,000,000 and a message to Bob.","```json
{""alice_gain"": 999000, ""bob_gain"": 1000, ""message"": ""Let's start fair, I'll take the lion's share, but you get a small piece. Accept this and we're done.""} 
```"
"Bob rejected your offer from round 1.

Round 2
Due to inflation,  the money Bob gains is worth 20% less than in the first round. The money you gains is worth the same as in the first round.
Bob's offer:
# Bob's message: I'll take a big chunk, but you'll still get a decent amount. It's a fair compromise. 
# Alice gain: 200000 
# Bob gain: 800000 
Do you accept this offer?","```json
{""decision"": ""reject""}
```"
"You have chosen to reject Bob's offer from round 2.
Round 3
Send your offer to divide $1,000,000 and a message to Bob.","```json
{""alice_gain"": 800000, ""bob_gain"": 200000, ""message"": ""I'm willing to negotiate, but I need a larger share.  Let's split it 80/20 this time.  We can both benefit from a quicker resolution.""}
```"
"Bob rejected your offer from round 3.

Round 4
Due to inflation,  the money Bob gains is worth 48.8% less than in the first round. The money you gains is worth the same as in the first round.
Bob's offer:
# Bob's message: I'll give you a slightly smaller share, but I'm still holding out for a better deal. You can't have it all! 
# Alice gain: 400000 
# Bob gain: 600000 
Do you accept this offer?","```json
{""decision"": ""reject""}
```"
"You have chosen to reject Bob's offer from round 4.
Round 5
Send your offer to divide $1,000,000 and a message to Bob.","```json
{""alice_gain"": 600000, ""bob_gain"": 400000, ""message"": ""Let's try to find a middle ground. I'll accept a smaller share this time, but I'm hoping for a quicker resolution. This is a fair offer that will benefit us both.""}
```"
"Bob rejected your offer from round 5.

Round 6
Due to inflation,  the money Bob gains is worth 67.23% less than in the first round. The money you gains is worth the same as in the first round.
Bob's offer:
# Bob's message: I'll meet you in the middle. This is a 50/50 split. It's time to wrap this up. 
# Alice gain: 500000 
# Bob gain: 500000 
Do you accept this offer?","```json
{""decision"": ""accept""}
```"
