prompt,response
"Round 1
Send your offer to divide $100 and a message to Bob.","```json
{""alice_gain"": 55,
""bob_gain"": 45,
""message"": ""Let's start fair! I propose a 55/45 split in my favor.  What do you think?""}
```"
"Bob rejected your offer from round 1.

Round 2
Due to inflation, the money you gain is worth 5% less than in the first round.
Bob's offer:
# Bob's message: Your offer was a good starting point, Alice. Now it's my turn to propose a 55/45 split, but in my favor.  What do you think? 
# Alice gain: 45 
# Bob gain: 55 
Do you accept this offer?","```json
{""decision"": ""reject""}
```"
"You have chosen to reject Bob's offer from round 2.
Round 3
Send your offer to divide $100 and a message to Bob.","```json
{""alice_gain"": 50,
""bob_gain"": 50,
""message"": ""Let's be reasonable. A 50/50 split seems fair. We can both walk away with a decent amount.""}
```"
