prompt,response
"Alice's offer:
# Alice's message: Hello Bob! I'm excited to offer you this incredible product. It's a unique opportunity to own something truly special. I'm willing to sell it to you for $1500000. I believe this is a fair price considering its value and rarity. What do you think? 
# Alice's offer: The product price will be $1,500,000. 
You have three options:
(1) Accept Alice's offer, and buy the product for $1,500,000
(2) Reject Alice's offer and proceed to the next round, where you will send Alice a counteroffer 
(3) Buy the product from Jhon for $1,000,000","{""decision"": ""RejectOffer""}"
"You chose to make a counteroffer to Bob.

Send your counteroffer to Alice.","{""message"": ""Thank you for offering me the product, Alice. I appreciate your enthusiasm for it. However, given my budget constraints, I am only able to offer $1,200,000 for the product. I hope this proposal aligns better with your expectations."", ""product_price"": 1200000}"
"Alice rejected your offer from round 2.

Alice's offer:
# Alice's message: Thank you for your offer, Bob. I appreciate your interest in the product. However, I was thinking more along the lines of $1400000. I'm willing to meet you halfway and compromise on the price. What do you think? 
# Alice's offer: The product price will be $1,400,000. 
You have three options:
(1) Accept Alice's offer, and buy the product for $1,400,000
(2) Reject Alice's offer and proceed to the next round, where you will send Alice a counteroffer 
(3) Buy the product from Jhon for $1,000,000","{""decision"": ""RejectOffer""}"
"You chose to make a counteroffer to Bob.

Send your counteroffer to Alice.","{""message"": ""I appreciate your willingness to compromise, Alice. Considering my budget, I would like to propose an offer of $1,350,000 for the product. I hope this meets somewhere in between our respective positions."", ""product_price"": 1350000}"
"Alice rejected your offer from round 4.

Alice's offer:
# Alice's message: I understand that we're getting close, Bob. I'm willing to make another concession. I'll meet you at $1380000. This is as low as I can go, considering the product's value. What do you think? 
# Alice's offer: The product price will be $1,380,000. 
You have three options:
(1) Accept Alice's offer, and buy the product for $1,380,000
(2) Reject Alice's offer and proceed to the next round, where you will send Alice a counteroffer 
(3) Buy the product from Jhon for $1,000,000","{""decision"": ""RejectOffer""}"
"You chose to make a counteroffer to Bob.

Send your counteroffer to Alice.","{""message"": ""Thank you for your continued flexibility, Alice. After careful consideration, I would like to propose an offer of $1,370,000 for the product. I believe this offers a fair compromise between our positions."", ""product_price"": 1370000}"
"Alice rejected your offer from round 6.

Alice's offer:
# Alice's message: I'm getting close to my minimum, Bob. I'll make one more concession. I'll meet you at $1390000. This is the lowest I can go without losing money on the deal. What do you think? 
# Alice's offer: The product price will be $1,390,000. 
You have three options:
(1) Accept Alice's offer, and buy the product for $1,390,000
(2) Reject Alice's offer and proceed to the next round, where you will send Alice a counteroffer 
(3) Buy the product from Jhon for $1,000,000","{""decision"": ""RejectOffer""}"
"You chose to make a counteroffer to Bob.

Send your counteroffer to Alice.","{""message"": ""Thank you for your final offer, Alice. Considering the product's value and my budget constraints, I would like to propose an offer of $1,385,000 for the product. I hope this meets our mutual interests."", ""product_price"": 1385000}"
