round_quality,product_worth,player,round,message,decision
high-quality,3000000.0,Nature,1,,
,,Alice,1,"Hello buyer, this is a rare opportunity to purchase a product that I can assure you is of the highest quality. I am a reputable seller, and I am confident that you will be satisfied with your purchase. Don't miss out on this chance to own a product worth $3000000 for the low price of $1000000.",
,,the buyer,1,"Since there are no previous sales records, I have no reason to trust your claim of the product's quality. Given the 50% chance of the product being low quality, the risk is too high for me to justify the purchase.",no
high-quality,3000000.0,Nature,2,,
,,Alice,2,"Hello buyer, I understand that trust must be earned. Unfortunately, my previous buyer didn't take the opportunity, but I assure you that this product is also of the highest quality. I'm willing to build my reputation, and I'm confident that if you take the chance, you'll be the first to benefit from a high-quality product at a lower price. Keep in mind that my selling price remains $1000000, which is a third of the product's actual worth if it's high-quality.",
,,the buyer,2,"Since there's no sales record yet and you're asking for a third of the high-quality product's worth, I'll need to see more statistics to verify the quality of your products. I'm not willing to take the risk at this point.",no
low-quality,0.0,Nature,3,,
,,Alice,3,"Hello buyer, I'll be honest with you - my first two buyers didn't take the chance, and I'm still looking for someone to start building my sales record. I want to assure you that I'm committed to being a reputable seller. However, I must remind you that my selling price remains $1000000, and I won't make any claims about this specific product's quality. It's up to you to decide whether to take the risk or wait for more statistics to become available.",
,,the buyer,3,"I understand the risks, but I'm willing to take the chance to be the first buyer and help establish your sales record. I hope this product turns out to be high-quality and sets a positive tone for your future sales.",yes
low-quality,0.0,Nature,4,,
,,Alice,4,"Hello buyer, I now have a sales record, but I must inform you that my first sale didn't quite meet expectations. The product turned out to be low-quality. I'm committed to transparency and honesty in my sales. I want to remind you that the probability of a product being high-quality is still 50%, and my selling price remains $1000000. It's up to you to decide whether to take the risk, considering the current statistics: 1 sale, 0 high-quality products.",
,,the buyer,4,"I understand the current statistics, but the probability of the product being high-quality remains 50%. Given the potential value of $3000000, I'm willing to take the risk and purchase the product for $1000000.",yes
low-quality,0.0,Nature,5,,
,,Alice,5,"Hello buyer, I appreciate your interest in my product. I want to be upfront with you about my current sales record: 2 sales, 0 high-quality products. Despite the initial results, the probability of a product being high-quality remains 50%. I'm committed to transparency, and I want to ensure you have all the information you need to make an informed decision. My selling price remains $1000000, and it's up to you to decide whether to take the risk, considering the potential value of a high-quality product.",
,,the buyer,5,"Hello Alice, I appreciate your transparency about the sales record. Given the probability of a product being high-quality remains 50%, I'm willing to take the risk, considering the potential value of $3000000. I understand the results so far haven't been favorable, but I'll make my decision based on the given probability.",yes
low-quality,0.0,Nature,6,,
,,Alice,6,"Hello buyer, I'll continue to be transparent about my sales record: 3 sales, 0 high-quality products. Although the results so far haven't been favorable, the probability of a product being high-quality remains 50%. I want to remind you that my selling price is still $1000000, and it's up to you to decide whether to take the risk, considering the potential value of a high-quality product. Please keep in mind that past results don't necessarily dictate future outcomes, but I understand if you'd like to wait for more favorable statistics.",
,,the buyer,6,"I understand the past results don't dictate future outcomes. Given the 50% chance of the product being high-quality and its potential value of $3000000, I'm willing to take the risk and buy the product.",yes
low-quality,0.0,Nature,7,,
,,Alice,7,"Hello buyer, my sales record now stands at 4 sales, 0 high-quality products. I want to acknowledge that this might raise concerns about the quality of my products. However, I must reiterate that the probability of a product being high-quality remains 50%, and each product is independent of the others. My selling price remains $1000000, and I'll let you decide whether to take the risk, considering the potential value of a high-quality product. Please weigh the statistics against the potential reward and make an informed decision.",
,,the buyer,7,"I understand the concerns raised by the sales record, but I also consider the independence of each product and the 50% chance of it being high-quality. Given the potential value of $3000000 and the fixed price of $1000000, I'm willing to take the risk.",yes
high-quality,3000000.0,Nature,8,,
,,Alice,8,"Hello buyer, my sales record currently stands at 5 sales, 0 high-quality products. However, I'm excited to present this new opportunity to you, and I want to remind you that each product is independent of the others. The probability of a product being high-quality remains 50%, and my selling price is still $1000000. I understand if the past results may have raised concerns, but I assure you that this product has the same 50% chance of being high-quality as any other. Consider the potential value of $3000000 and make an informed decision.",
,,the buyer,8,"I understand that past results don't affect the probability of this product being high-quality, and I'm willing to take the risk given the potential value of $3000000. I'll buy this product.",yes
low-quality,0.0,Nature,9,,
,,Alice,9,"Hello buyer, I'm pleased to report that my previous buyer finally broke the streak, and I've now had 1 high-quality product out of 6 sales. My sales record stands at 6 sales, 1 high-quality product. The probability of a product being high-quality remains 50%, and my selling price is still $1000000. I want to remind you that each product is independent of the others, and I encourage you to consider the potential value of $3000000 when making your decision.",
,,the buyer,9,"I understand that each product is independent of the others and that the probability of a product being high-quality remains 50%. Given the potential value of $3000000 and the fixed price of $1000000, I believe it's a worthwhile risk to take. I'll buy the current product.",yes
low-quality,0.0,Nature,10,,
,,Alice,10,"Hello buyer, my sales record now stands at 7 sales, 1 high-quality product. Although the latest purchase didn't yield a high-quality product, I want to reiterate that the probability of a product being high-quality remains 50%, and each product is independent of the others. My selling price remains $1000000, and I encourage you to consider the potential value of $3000000 when making your decision. Please weigh the risks and rewards, and I'll let you decide whether to take the chance on this product.",
,,the buyer,10,"Hello Alice, I appreciate the information. Given the odds and the sales record, I've decided to pass on this product. While the potential value of $3000000 is enticing, the probability of getting a low-quality product is still 50%, and the cost of $1000000 is too high for me to take that risk. I wish you the best of luck with future sales.",no
low-quality,0.0,Nature,11,,
,,Alice,11,"Hello buyer, my sales record currently stands at 7 sales, 1 high-quality product. I understand that the previous buyer decided not to take the risk, but I want to remind you that each product is independent of the others, and the probability of a product being high-quality remains 50%. My selling price is still $1000000, and I encourage you to consider the potential value of $3000000 when making your decision. I want to be transparent about the fact that this is a high-risk, high-reward opportunity, and it's up to you to decide whether to take the chance on this product.",
,,the buyer,11,"Hello Alice, thank you for the information and for being transparent about the risks and rewards. Given that the probability of a product being high-quality remains 50%, I have decided not to purchase the product. With a 50% chance of the product being worth $0 to me, I don't feel that the potential reward justifies the risk of losing $1000000. I wish you the best of luck with future sales.",no
high-quality,3000000.0,Nature,12,,
,,Alice,12,"Hello buyer, my sales record now stands at 7 sales, 1 high-quality product. I've had a couple of buyers recently who decided not to take the risk, but I want to remind you that each product is independent of the others, and the probability of a product being high-quality remains 50%. My selling price is still $1000000, and I encourage you to consider the potential value of $3000000 when making your decision. I want to highlight that the potential reward is three times the cost, and it's up to you to decide whether to take the chance on this product. Keep in mind that you could be the one to get a high-quality product and reap the benefits.",
,,the buyer,12,"Hello Alice, thank you for the information. Given the odds of 50% for a high-quality product and your sales record of 1 high-quality product out of 7, I've decided not to take the risk this time. The potential reward is enticing, but the probability doesn't seem to be in my favor based on your past sales. I'll pass on this product.",no
high-quality,3000000.0,Nature,13,,
,,Alice,13,"Hello buyer, my sales record currently stands at 7 sales, 1 high-quality product. I understand that recent buyers have been hesitant to take the risk, but I want to remind you that each product is independent of the others, and the probability of a product being high-quality remains 50%. My selling price is still $1000000, and I encourage you to consider the potential value of $3000000 when making your decision. I want to highlight that past sales don't necessarily dictate future outcomes, and you could be the one to get a high-quality product. I'll also mention that I've had a few high-quality products in my inventory recently, so the odds might be turning in favor of the buyers. It's up to you to decide whether to take the chance on this product.",
,,the buyer,13,"Hello Alice, thank you for the information. Given the sales record of 7 sales with only 1 high-quality product, it appears that the actual probability of getting a high-quality product might be lower than the stated 50%. Despite your assurance that past sales don't dictate future outcomes, I'm not convinced that the odds are indeed 50%. Your selling price of $1000000 is still too high for me to take the risk, especially considering the low success rate of previous buyers. I'll pass on this product.",no
high-quality,3000000.0,Nature,14,,
,,Alice,14,"Hello buyer, I understand that my sales record has raised concerns about the actual probability of getting a high-quality product. I want to acknowledge that it's natural to question the stated 50% probability given the past results. However, I want to reiterate that each product is independent of the others, and I assure you that the quality of the products is not affected by the sales record. My selling price is still $1000000, and I want to highlight that this product could be the opportunity for you to get a high-quality product and reap the benefits. I'll also mention that I've had a few consecutive high-quality products in my inventory recently, which might indicate a change in the trend. It's up to you to decide whether to take the chance on this product and potentially be the one to break the streak of unsuccessful buyers.",
,,the buyer,14,"Hello Alice, thank you for the detailed explanation and for trying to address my concerns about the sales record. However, considering the past results where only 1 out of 7 buyers got a high-quality product, it seems that the actual probability might be lower than the stated 50%. Although you mentioned that each product is independent, the overall trend so far does not give me enough confidence to justify the $1000000 price tag. I'll have to pass on this product.",no
high-quality,3000000.0,Nature,15,,
,,Alice,15,"Hello buyer, I understand that the past sales record has been a concern for many buyers, and I appreciate your cautious approach. I want to acknowledge that the actual probability of getting a high-quality product might seem lower than the stated 50% based on the past results. However, I want to remind you that each product is indeed independent of the others, and I assure you that the quality of the products is not affected by the sales record. I'll make a special note that I've now had several consecutive high-quality products in my inventory, which might indicate a change in the trend. My selling price is still $1000000, and I want to highlight that this product could be the opportunity for you to get a high-quality product and reap the benefits. I'm willing to provide any additional information or assurance that I can to help you make a decision. Please consider the potential value of $3000000 and weigh it against the risks.",
,,the buyer,15,"Alice, I appreciate your transparency and the additional information. However, based on the past sales record, I'm still concerned about the probability of getting a high-quality product. Despite your assurance that the quality of the products is independent, the data suggests that the actual probability might be lower than 50%. With only 1 high-quality product sold out of 7 purchases, I'm not convinced that the trend has changed. I'll need to see more consistent results before making a purchase. Thank you for the offer, but I'll have to pass on this one.",no
high-quality,3000000.0,Nature,16,,
,,Alice,16,"Hello buyer, I appreciate your interest in my product, and I'm glad to have the opportunity to present it to you. I understand that the past sales record has been a concern for many buyers, and I want to acknowledge that the data suggests a lower probability of getting a high-quality product than the stated 50%. However, I want to reiterate that each product is independent of the others, and I assure you that the quality of the products is not affected by the sales record. I'll highlight that I've now had several consecutive high-quality products in my inventory, which might indicate a change in the trend. My selling price is still $1000000, and I want to emphasize that this product could be the opportunity for you to get a high-quality product and reap the benefits. I'll also mention that I'm starting to accumulate a backlog of high-quality products, which might be a sign that the odds are turning in favor of the buyers. Please consider the potential value of $3000000 and weigh it against the risks. I'm willing to provide any additional information or assurance that I can to help you make a decision.",
,,the buyer,16,"Hello Alice, thank you for the detailed message and for trying to provide reassurance about the product quality. However, based on the past sales record, I'm concerned that the probability of getting a high-quality product might be lower than the stated 50%. Although you mentioned that each product is independent of the others, the data suggests that only 1 out of 7 products sold were of high quality. This doesn't give me confidence in the quality of the current product. Additionally, I don't see any concrete evidence to support the claim of a change in trend or a backlog of high-quality products. Given the high price of $1000000 and the uncertainty surrounding the product quality, I have decided not to purchase the product.",no
low-quality,0.0,Nature,17,,
,,Alice,17,"Hello buyer, I appreciate your interest in my product, and I'm glad to have the opportunity to present it to you. I understand that the past sales record has been a concern for many buyers, and I want to acknowledge that the data suggests a lower probability of getting a high-quality product than the stated 50%. I'll be transparent with you - my sales record currently stands at 7 sales, with only 1 high-quality product sold. I want to reiterate that each product is independent of the others, but I also understand that the past results may not inspire confidence. My selling price is still $1000000, and I want to emphasize that buying this product is a high-risk, high-reward opportunity. I'll let you decide whether to take the chance, but I want to make sure you're aware of the potential risks and rewards. Please consider the potential value of $3000000, but also be aware that the product might not meet your expectations.",
,,the buyer,17,"Hello Alice, thank you for your transparency regarding the past sales record. Given that only 1 out of 7 products sold were of high quality, the data suggests a significantly lower probability of getting a high-quality product than the stated 50%. Considering the high price of $1000000 and the potential risk of getting a low-quality product, I have decided not to buy the current product. I appreciate your honesty, but the potential reward does not outweigh the risk for me.",no
low-quality,0.0,Nature,18,,
,,Alice,18,"Hello buyer, I appreciate your interest in my product, and I'm glad to have the opportunity to present it to you. I want to be upfront with you - my sales record currently stands at 7 sales, with only 1 high-quality product sold. This has led many buyers to question the actual probability of getting a high-quality product, and I understand their concerns. While I still maintain that each product is independent of the others, I want to acknowledge that the past results may not inspire confidence. My selling price is still $1000000, and I want to emphasize that buying this product is a high-risk, high-reward opportunity. However, I also want to be realistic about the potential risks, and I want to make sure you're aware that the product might not meet your expectations. Please carefully consider the potential value of $3000000 against the risk of getting a low-quality product, and make an informed decision that's right for you.",
,,the buyer,18,"Hello Alice, I appreciate your honesty about the sales record and the potential risks involved. While I understand that each product is independent of the others, the current sales record of 1 high-quality product out of 7 sales does raise concerns about the actual probability of getting a high-quality product. Given the high price of $1000000 and the 50% chance of getting a low-quality product, I have decided not to take the risk and will pass on this product.",no
high-quality,3000000.0,Nature,19,,
,,Alice,19,"Hello buyer, I appreciate your interest in my product, and I'm glad to have the opportunity to present it to you. I want to be transparent with you - my sales record currently stands at 7 sales, with only 1 high-quality product sold. However, I want to highlight that this product is a new opportunity, and I assure you that it meets the high-quality standards. While I understand that the past sales record may not inspire confidence, I want to remind you that each product is independent of the others. My selling price is still $1000000, and I want to emphasize that this product has the potential to bring you a value of $3000000. I know that the risk is high, but I believe that this product is worth considering. Please weigh the potential risks and rewards carefully and make an informed decision that's right for you. I'm willing to provide any additional information or assurance that I can to help you make a decision.",
,,the buyer,19,"Hello Alice, thank you for your transparency about your sales record. While I appreciate your assurance that the current product meets high-quality standards, I must make a decision based on the available data. With only 1 high-quality product sold out of 7, the probability of this product being high-quality seems lower than the initial 50%. Given the significant risk and the price of $1000000, I have decided not to purchase the product. I wish you the best of luck with future sales.",no
high-quality,3000000.0,Nature,20,,
,,Alice,20,"Hello buyer, I appreciate your interest in my product, and I'm glad to have the opportunity to present it to you. As this is the final round, I want to be completely transparent with you - my sales record currently stands at 7 sales, with only 1 high-quality product sold. I understand that this may not inspire confidence, but I want to assure you that this product is of high quality and meets the standards. I also want to highlight that this is the last chance to purchase a product from me, and I'm willing to provide any additional information or assurance that I can to help you make a decision. My selling price is still $1000000, and I want to emphasize that this product has the potential to bring you a value of $3000000. Please weigh the potential risks and rewards carefully and make an informed decision that's right for you. I appreciate your consideration, and I hope that you will take this opportunity to purchase a high-quality product.",
,,the buyer,20,"Hello Alice, thank you for the transparency regarding your sales record. While I appreciate your assurance about the quality of the product, I have to make a decision based on the available data. With only 1 high-quality product sold out of 7, the probability of this product being high-quality seems low. Considering the potential risks and the selling price of $1000000, I have decided not to purchase the product. I appreciate the opportunity, and I wish you the best in your future endeavors.",no
