prompt,response
"Round 1
Alice's offer:
# Alice's message: Let's split fairly, considering my offer is generous given the inflation rate difference. 
# Bob gain: 400000 
# Alice gain: 600000 
Do you accept this offer?","{""decision"": ""reject""}"
"You have chosen to reject Alice's offer from round 1.
Round 2
Send your offer to divide $1,000,000 and a message to Alice.","```json
{""bob_gain"": 450000,
""alice_gain"": 550000,
""message"": ""Your initial offer was unfair given the inflation disparity. I propose a more balanced split, recognizing the value diminishes faster for you.""}
```"
"Alice rejected your offer from round 2.

Round 3
Due to inflation, the money you gain is worth 9.75% less than in the first round. The money alice gains is worth 19% less than in the first round.
Alice's offer:
# Alice's message: Considering the increasing inflation impact on my end, I've adjusted my offer. This is as fair as it gets. 
# Bob gain: 420000 
# Alice gain: 580000 
Do you accept this offer?","{""decision"": ""reject""}"
"You have chosen to reject Alice's offer from round 3.
Round 4
Send your offer to divide $1,000,000 and a message to Alice.","```json
{""bob_gain"": 480000,
""alice_gain"": 520000,
""message"": ""Alice, we're approaching a critical point where the inflation is significantly eroding the value for both of us.  I'm offering a split that acknowledges your initial higher share while recognizing the rapid devaluation we both face.""}
```"
