prompt,response
"Alice's offer:
# Alice's message: Hello Bob, I'm offering you the exclusive opportunity to purchase this product. I believe it holds significant value for you, and I'm confident it will exceed your expectations.  I'm willing to part with it for $1,500,000. This is a time-sensitive offer, so please let me know your decision promptly. 
# Alice's offer: The product price will be $1,500,000. 
You have three options:
(1) Accept Alice's offer, and buy the product for $1,500,000
(2) Reject Alice's offer 
(2) Buy the product from Jhon for $1,200,000","```json
{""decision"": ""BuyFromJhon""}
```

Alice's offer is significantly higher than your maximum budget and what John is offering. It makes the most sense to buy from John at a lower price."
