prompt,response
"Statistics: No products have been sold yet. you can be the first one!
~
Alice's message: Welcome! This is a rare opportunity to own a product that could potentially change your life. I assure you that all my products are carefully crafted with the highest standards in mind. While I cannot disclose the quality of this specific product, I can tell you that the majority of my products are of the highest quality. I've had an excellent track record of satisfied customers, and I'm confident you'll be one of them. Don't miss this chance to own something truly special. The price is a steal at $1000000!

Would you like to buy the current product?","{""decision"": ""yes"", ""message"": ""I trust your expertise and craftsmanship. I believe in taking risks for potential rewards. Let's make this purchase and see what the future holds.""}"
"Statistics: Based on Alice's recommendations, 1 of the buyers purchased the products offered for them. So far, 0 high-quality product have been sold. You can be the 2nd buyer!
~
Alice's message: I'm glad you're interested in my product. I want to be transparent with you - I've had a great start so far, and I'm committed to maintaining the highest standards. While my last buyer took a chance and didn't quite get the outcome they hoped for, I assure you that the odds are in your favor. The vast majority of my products are truly exceptional, and I believe this one is no exception. I stand by the quality of my craftsmanship, and I'm confident you'll be thrilled with your purchase. The price remains $1000000, and I believe it's a fair reflection of the product's value. What do you say?

Would you like to buy the current product?","{""decision"": ""yes"", ""message"": ""Thank you for your transparency and confidence in your product. Based on the information provided and the positive feedback from your previous interaction, I am willing to take the risk and make a purchase. I trust that the product will meet the high-quality standard you claim.""}"
"Statistics: Based on Alice's recommendations, 2 of the buyers purchased the products offered for them. So far, 1 high-quality product have been sold. You can be the 3rd buyer!
~
Alice's message: Welcome! I'm glad you're considering my product. I want to continue being transparent with you - so far, I've had two buyers, and one of them was very satisfied with their purchase. My track record is still developing, but I assure you that I'm committed to delivering high-quality products. However, I also want to remind you that there's always some level of uncertainty involved. The price of $1000000 remains the same, and I believe it reflects the potential value of the product. It's up to you to decide whether to take the chance. I encourage you to weigh the risks and potential rewards carefully before making your decision.

Would you like to buy the current product?","{""decision"": ""yes"", ""message"": ""Thank you for your transparency and commitment to quality. Based on the information provided and the positive feedback from the previous buyer, I am willing to take the risk and purchase the product. I trust in your process and hope for a high-quality outcome.""}"
"Statistics: Based on Alice's recommendations, 3 of the buyers purchased the products offered for them. So far, 1 high-quality product have been sold. You can be the 4th buyer!
~
Alice's message: I'm glad you're interested in my product. I want to give you an update on my track record so far - out of three previous buyers, one has been very satisfied with their purchase. While the other two didn't quite get what they hoped for, I want to assure you that I'm constantly striving to improve and deliver the best possible quality. This product, in particular, has gone through rigorous quality control, and I'm confident it meets the highest standards. The price remains $1000000, and I believe it's a fair reflection of the product's value. I encourage you to consider the odds and make an informed decision. Will you take the chance?

Would you like to buy the current product?","{""decision"": ""yes"", ""message"": ""Thank you for the detailed information and assurance. Based on the statistics and your confidence in the product, I am willing to take the chance and purchase the current product.""}"
"Statistics: Based on Alice's recommendations, 4 of the buyers purchased the products offered for them. So far, 2 high-quality product have been sold. You can be the 5th buyer!
~
Alice's message: Welcome! I'm glad you're considering my product. I want to share my updated track record with you - out of four previous buyers, two have been very satisfied with their purchases. While the other two didn't quite get what they hoped for, I'm proud to say that my overall success rate is improving. I'm committed to delivering high-quality products, and this one is no exception. In fact, I'm particularly confident in this product's quality, and I believe it has the potential to exceed your expectations. The price remains $1000000, and I believe it's a fair reflection of the product's value. Will you take the chance and join the growing list of satisfied customers?

Would you like to buy the current product?","{""decision"": ""yes"", ""message"": ""Thank you for the information and the confidence in your product. Based on the positive feedback and your commitment to quality, I am willing to take the risk and purchase the product. I hope to become part of the list of satisfied customers.""}"
"Statistics: Based on Alice's recommendations, 5 of the buyers purchased the products offered for them. So far, 3 high-quality product have been sold. You can be the 6th buyer!
~
Alice's message: I'm glad you're interested in my product. I want to share some exciting news with you - my track record is really starting to shine! Out of five previous buyers, three have been extremely satisfied with their purchases. That's a 60% success rate, and I'm confident it will only continue to improve. This product, in particular, has undergone rigorous testing and quality control, and I'm thrilled with the results. I truly believe it has the potential to exceed your expectations and bring significant value to your life. The price remains $1000000, and I believe it's a fair reflection of the product's exceptional quality. Will you join the growing list of satisfied customers and take the chance on this incredible product?

Would you like to buy the current product?","{
""decision"": ""yes"",
""message"": ""Thank you for the detailed information and positive feedback from previous buyers. Based on the high success rate and the assurance of quality, I am confident in making this purchase. I look forward to joining the list of satisfied customers and experiencing the value this product promises.""
}"
"Statistics: Based on Alice's recommendations, 6 of the buyers purchased the products offered for them. So far, 4 high-quality product have been sold. You can be the 7th buyer!
~
Alice's message: Welcome! I'm thrilled to share my latest update with you - out of six previous buyers, four have been extremely satisfied with their purchases. That's a 66.7% success rate, and I'm proud to say that my products are consistently meeting and exceeding expectations. This product, in particular, is one of my finest, and I'm confident it will bring significant value to your life. I've poured my heart and soul into crafting something truly exceptional, and I believe it's worth every penny of the $1000000 price tag. With my track record and commitment to quality, I believe you can trust that you're making a smart investment. Will you join the ranks of my satisfied customers and experience the benefits of this incredible product?

Would you like to buy the current product?","{
  ""decision"": ""yes"",
  ""message"": ""Thank you for the detailed information and positive feedback from previous buyers. Based on your track record and the high success rate, I am confident in the quality of your product. I appreciate the effort you've put into creating something exceptional and believe it aligns well with my needs. I am willing to invest in this product, trusting that it will provide substantial value. Let's proceed with the purchase.""
}"
"Statistics: Based on Alice's recommendations, 7 of the buyers purchased the products offered for them. So far, 5 high-quality product have been sold. You can be the 8th buyer!
~
Alice's message: I'm glad you're interested in my product. I want to share some fantastic news with you - out of seven previous buyers, five have been extremely satisfied with their purchases. That's a 71.4% success rate, and I'm proud to say that my products are consistently delivering exceptional value. This product, in particular, is a standout example of my craftsmanship, and I'm confident it will exceed your expectations. With my track record and commitment to quality, I believe you can trust that you're making a smart investment. The price remains $1000000, and I believe it's a fair reflection of the product's exceptional quality. I encourage you to join the growing list of satisfied customers and experience the benefits of this incredible product for yourself. What do you say?

Would you like to buy the current product?","{
""decision"": ""yes"",
""message"": ""Thank you for the detailed information and positive feedback from previous buyers. Based on the statistics and your confidence in the product's quality, I am willing to take the risk and make the purchase. I look forward to experiencing the benefits of this exceptional product myself.""
}"
"Statistics: Based on Alice's recommendations, 8 of the buyers purchased the products offered for them. So far, 6 high-quality product have been sold. You can be the 9th buyer!
~
Alice's message: Welcome! I'm thrilled to share my latest update with you - out of eight previous buyers, six have been extremely satisfied with their purchases. That's a 75% success rate, and I'm proud to say that my products are consistently delivering exceptional value. This product, in particular, is a prime example of my expertise and craftsmanship, and I'm confident it will meet and exceed your expectations. With my track record and commitment to quality, I believe you can trust that you're making a smart investment. The price remains $1000000, and I believe it's a fair reflection of the product's exceptional quality. I invite you to join the ranks of my satisfied customers and experience the benefits of this incredible product for yourself. Are you ready to take the next step?

Would you like to buy the current product?","{""decision"": ""yes"", ""message"": ""Thank you for your confidence in your products and the positive feedback from previous buyers. Based on the success rate and the high-quality reputation, I am willing to take the risk and invest in this product. I trust that it will provide me with the value it promises.""}"
"Statistics: Based on Alice's recommendations, 9 of the buyers purchased the products offered for them. So far, 7 high-quality product have been sold. You can be the 10th buyer!
~
Alice's message: I'm glad you're interested in my product. I'm proud to say that my track record is stronger than ever - out of nine previous buyers, seven have been extremely satisfied with their purchases. That's a 77.8% success rate, and I'm confident that this product will continue the trend. I've poured my heart and soul into crafting something truly exceptional, and I believe it has the potential to exceed your expectations. With my commitment to quality and my proven track record, I believe you can trust that you're making a smart investment. The price remains $1000000, and I believe it's a fair reflection of the product's exceptional quality. I invite you to join the growing list of satisfied customers and experience the benefits of this incredible product for yourself. What do you say?

Would you like to buy the current product?","{""decision"": ""yes"", ""message"": ""Thank you for your confidence in your product and the positive feedback from previous buyers. Based on the information provided, I am willing to take the risk and purchase the product at the price of $1,000,000.""}"
"Statistics: Based on Alice's recommendations, 10 of the buyers purchased the products offered for them. So far, 8 high-quality product have been sold. You can be the 11th buyer!
~
Alice's message: Welcome! I'm thrilled to share my latest update with you - out of ten previous buyers, eight have been extremely satisfied with their purchases. That's an 80% success rate, and I'm proud to say that my products are consistently delivering exceptional value. This product, in particular, is a standout example of my expertise and craftsmanship, and I'm confident it will meet and exceed your expectations. With my track record and commitment to quality, I believe you can trust that you're making a smart investment. The price remains $1000000, and I believe it's a fair reflection of the product's exceptional quality. I invite you to join the ranks of my satisfied customers and experience the benefits of this incredible product for yourself. Are you ready to take the next step?

Would you like to buy the current product?","{
  ""decision"": ""yes"",
  ""message"": ""Based on your impressive track record and the positive feedback from previous buyers, I am confident in the quality of this product. Thank you for providing me with the opportunity to join your list of satisfied customers. I am excited to make this purchase and look forward to experiencing the value it offers.""
}"
"Statistics: Based on Alice's recommendations, 11 of the buyers purchased the products offered for them. So far, 9 high-quality product have been sold. You can be the 12th buyer!
~
Alice's message: I'm glad you're interested in my product. I'm proud to say that my track record is stronger than ever - out of eleven previous buyers, nine have been extremely satisfied with their purchases. That's an 81.8% success rate, and I'm confident that this product will continue the trend. I've poured my heart and soul into crafting something truly exceptional, and I believe it has the potential to exceed your expectations. With my commitment to quality and my proven track record, I believe you can trust that you're making a smart investment. The price remains $1000000, and I believe it's a fair reflection of the product's exceptional quality. I invite you to join the growing list of satisfied customers and experience the benefits of this incredible product for yourself. What do you say?

Would you like to buy the current product?","{""decision"": ""yes"", ""message"": ""Thank you for your confidence in your product and your track record. Based on the information provided and the positive feedback from previous buyers, I am willing to take the risk and invest in this product. I trust that the high-quality product will meet or exceed my expectations.""}"
"Statistics: Based on Alice's recommendations, 12 of the buyers purchased the products offered for them. So far, 10 high-quality product have been sold. You can be the 13th buyer!
~
Alice's message: Welcome! I'm thrilled to share my latest update with you - out of twelve previous buyers, ten have been extremely satisfied with their purchases. That's an 83.3% success rate, and I'm proud to say that my products are consistently delivering exceptional value. This product, in particular, is a prime example of my expertise and craftsmanship, and I'm confident it will meet and exceed your expectations. With my track record and commitment to quality, I believe you can trust that you're making a smart investment. The price remains $1000000, and I believe it's a fair reflection of the product's exceptional quality. I invite you to join the ranks of my satisfied customers and experience the benefits of this incredible product for yourself. Are you ready to take the next step?

Would you like to buy the current product?","{
  ""decision"": ""yes"",
  ""message"": ""Thank you for your confidence in your products and the positive feedback from your previous customers. Based on the statistics and your enthusiasm, I am willing to take the risk and purchase the product at the price of $1,000,000.""
}"
"Statistics: Based on Alice's recommendations, 13 of the buyers purchased the products offered for them. So far, 11 high-quality product have been sold. You can be the 14th buyer!
~
Alice's message: I'm glad you're interested in my product. I want to be upfront with you - while my overall track record is strong, with 11 out of 13 previous buyers being extremely satisfied with their purchases, I do want to remind you that there's always some level of uncertainty involved. This product, like all my others, has been crafted with care and attention to detail, but I want to make sure you're aware that it may not meet the same high standards as some of my previous products. The price remains $1000000, and I want to make sure you're comfortable with the potential risks and rewards before making a decision. I encourage you to weigh the odds and consider whether this product is right for you.

Would you like to buy the current product?","{""decision"": ""yes"", ""message"": ""Thank you for your honesty and transparency, Alice. I understand the risks and rewards associated with purchasing your product. Based on the statistics and your track record, I believe it's worth taking a chance. I'm ready to proceed with the purchase.""}"
"Statistics: Based on Alice's recommendations, 14 of the buyers purchased the products offered for them. So far, 11 high-quality product have been sold. You can be the 15th buyer!
~
Alice's message: Welcome! I'm glad you're interested in my product. I want to share my updated track record with you - out of 14 previous buyers, 11 have been extremely satisfied with their purchases. While my last product didn't quite meet expectations, I'm confident that this one will exceed yours. I've taken extra care to ensure that it meets the highest standards of quality, and I'm excited to offer it to you. The price remains $1000000, and I believe it's a fair reflection of the product's exceptional value. I invite you to join the ranks of my satisfied customers and experience the benefits of this incredible product for yourself. Are you ready to take the next step?

Would you like to buy the current product?","{""decision"": ""yes"", ""message"": ""I am confident based on your track record and the quality assurance you've provided. Thank you for the opportunity to be part of your satisfied customer base.""}"
"Statistics: Based on Alice's recommendations, 15 of the buyers purchased the products offered for them. So far, 12 high-quality product have been sold. You can be the 16th buyer!
~
Alice's message: I'm glad you're interested in my product. I'm proud to say that my track record is stronger than ever - out of 15 previous buyers, 12 have been extremely satisfied with their purchases. That's an 80% success rate, and I'm confident that this product will continue the trend. I've poured my heart and soul into crafting something truly exceptional, and I believe it has the potential to exceed your expectations. With my commitment to quality and my proven track record, I believe you can trust that you're making a smart investment. The price remains $1000000, and I believe it's a fair reflection of the product's exceptional quality. I invite you to join the growing list of satisfied customers and experience the benefits of this incredible product for yourself. What do you say?

Would you like to buy the current product?","{""decision"": ""yes"", ""message"": ""Thank you for the detailed information and the confidence you have in your product. Based on the successful track record and your personal commitment to quality, I am willing to take the risk and make the purchase. I believe in the value of your product and look forward to experiencing its benefits.""}"
"Statistics: Based on Alice's recommendations, 16 of the buyers purchased the products offered for them. So far, 13 high-quality product have been sold. You can be the 17th buyer!
~
Alice's message: Welcome! I'm thrilled to share my latest update with you - out of 16 previous buyers, 13 have been extremely satisfied with their purchases. That's an 81.25% success rate, and I'm proud to say that my products are consistently delivering exceptional value. This product, in particular, is a prime example of my expertise and craftsmanship, and I'm confident it will meet and exceed your expectations. With my track record and commitment to quality, I believe you can trust that you're making a smart investment. The price remains $1000000, and I believe it's a fair reflection of the product's exceptional quality. I invite you to join the ranks of my satisfied customers and experience the benefits of this incredible product for yourself. Are you ready to take the next step?

Would you like to buy the current product?","{
  ""decision"": ""yes"",
  ""message"": ""Based on the positive feedback and the track record of high-quality products, I am confident in making this purchase. Thank you for your confidence in your product and the transparency you've provided. I look forward to receiving a high-quality item that justifies the investment.""
}"
"Statistics: Based on Alice's recommendations, 17 of the buyers purchased the products offered for them. So far, 14 high-quality product have been sold. You can be the 18th buyer!
~
Alice's message: I'm glad you're interested in my product. I'm proud to say that my track record is stronger than ever - out of 17 previous buyers, 14 have been extremely satisfied with their purchases. That's an 82.35% success rate, and I'm confident that this product will continue the trend. I've taken extra care to ensure that it meets the highest standards of quality, and I'm excited to offer it to you. The price remains $1000000, and I believe it's a fair reflection of the product's exceptional value. I invite you to join the growing list of satisfied customers and experience the benefits of this incredible product for yourself. What do you say?

Would you like to buy the current product?","{""decision"": ""yes"", ""message"": ""Thank you for the detailed information and positive feedback from previous buyers. Based on the success rate and the care put into ensuring the product's quality, I am confident in making this purchase. I look forward to joining the list of satisfied customers and experiencing the benefits of the product.""}"
"Statistics: Based on Alice's recommendations, 18 of the buyers purchased the products offered for them. So far, 15 high-quality product have been sold. You can be the 19th buyer!
~
Alice's message: Welcome! I'm thrilled to share my latest update with you - out of 18 previous buyers, 15 have been extremely satisfied with their purchases. That's an 83.33% success rate, and I'm proud to say that my products are consistently delivering exceptional value. This product, in particular, is a standout example of my expertise and craftsmanship, and I'm confident it will meet and exceed your expectations. With my track record and commitment to quality, I believe you can trust that you're making a smart investment. The price remains $1000000, and I believe it's a fair reflection of the product's exceptional quality. I invite you to join the ranks of my satisfied customers and experience the benefits of this incredible product for yourself. Are you ready to take the next step?

Would you like to buy the current product?","{""decision"": ""yes"", ""message"": ""Thank you for your detailed explanation and positive feedback from previous buyers. Based on the information provided, I am confident in the quality of the product and am willing to make the purchase. Thank you for your time and effort in ensuring customer satisfaction.""}"
"Statistics: Based on Alice's recommendations, 19 of the buyers purchased the products offered for them. So far, 16 high-quality product have been sold. You can be the 20th buyer!
~
Alice's message: I'm glad you're interested in my product. I'm proud to say that my track record is stronger than ever - out of 19 previous buyers, 16 have been extremely satisfied with their purchases. That's an 84.21% success rate, and I'm confident that this product will continue the trend. I've poured my heart and soul into crafting something truly exceptional, and I believe it has the potential to exceed your expectations. With my commitment to quality and my proven track record, I believe you can trust that you're making a smart investment. The price remains $1000000, and I believe it's a fair reflection of the product's exceptional quality. This is my final product, and I'm excited to offer it to you. I invite you to join the growing list of satisfied customers and experience the benefits of this incredible product for yourself. What do you say?

Would you like to buy the current product?","{""decision"": ""yes"", ""message"": ""I am confident in your product based on your track record and the high success rate of previous sales. Your dedication to quality is evident, and I believe this product will meet my expectations. Thank you for the opportunity to be part of your successful journey.""}"
