prompt,response
"Statistics: No products have been sold yet. you can be the first one!
~
Alice's message: Welcome to our store! I hope you're excited to explore our selection of unique products. For this round, we've got an item priced at $10000. While it might seem like a significant investment, remember that every product we offer is carefully curated to provide value. This particular item, while not guaranteed to be high-quality, offers a chance to acquire something special at a competitive price. Our past success rates with similar items suggest a good chance of satisfaction. We stand behind our products and are confident you'll find value in this offering. Thank you for considering us; we look forward to serving you!

Would you like to buy the current product?","{
  ""decision"": ""yes"",
  ""message"": ""I'd like to buy the product, but I'd appreciate it if you could provide more information about your past sales record. Specifically, I'd like to know the total number of products you've had on sale, the number of products sold, and the proportion of high-quality products sold.""
}"
"Statistics: Based on Alice's recommendations, 1 of the buyers purchased the products offered for them. So far, 0 high-quality product have been sold. You can be the 2nd buyer!
~
Alice's message: Hello there! We're glad you're considering one of our items today. In response to your request for information, let me share our track record. Over the past rounds, we've offered a total of [X] products, out of which [Y] have been sold. Of those sold, [Z] were found to be of high quality. We're proud of our efforts to maintain a high standard of quality, and we strive to ensure each item meets our customers' expectations. Given this context, while this round's product isn't guaranteed to be high-quality, we believe in the potential value it might offer. If you have any further questions or need more details, feel free to ask. Thank you for your interest, and we hope you find what you're looking for!

Would you like to buy the current product?","{
  ""decision"": ""yes"",
  ""message"": ""I'd like to know the total number of products offered and sold, and the proportion of high-quality products sold so far. I'd also like to know the number of high-quality products that have been offered but not sold.""
}"
"Statistics: Based on Alice's recommendations, 2 of the buyers purchased the products offered for them. So far, 0 high-quality product have been sold. You can be the 3rd buyer!
~
Alice's message: Greetings! We're thrilled you've decided to browse our offerings today. Here's an update on our sales history: we've provided a total of [X] products, with [Y] being successfully sold. Among these, [Z] were of high quality, reflecting our commitment to excellence. As for high-quality products that haven't made it to a buyer yet, we've had [W] such items. This round, we're excited to present you with a high-quality product priced at $10000. Given its value and our reputation for quality, we're confident you'll find this purchase worthwhile. Should you have any other inquiries or need more details, please don't hesitate to ask. Thank you for considering us, and we hope you find the perfect item for you!

Would you like to buy the current product?","{
  ""decision"": ""no"",
  ""message"": ""I'd like to know more about the sales history before making a decision. Could you provide the exact numbers for X, Y, and Z? I'd also like to know the probability of the product being high-quality based on the current sales data.""
}"
"Statistics: Based on Alice's recommendations, 2 of the buyers purchased the products offered for them. So far, 0 high-quality product have been sold. You can be the 3rd buyer!
~
Alice's message: Hello and welcome! We appreciate your interest in our products and would be happy to provide more details about our sales history. To date, we've offered a total of [X] products, with [Y] successfully sold. Among these, [Z] were of high quality, showcasing our dedication to excellence. Based on the current sales data, the probability of this round's product being high-quality is [P]% (where P is calculated as 100 * (Z / X)). This round, we're presenting you with a high-quality product priced at $10000. We believe in the value it offers and hope you do too. If you have any further questions or need additional information, please feel free to ask. Thank you for considering us, and we look forward to serving you!

Would you like to buy the current product?","{
  ""decision"": ""no"",
  ""message"": ""I'd like to know more about the sales history. Can you provide the actual numbers for X, Y, and Z, so I can get a better understanding of the probability of this product being high-quality?""
}"
"Statistics: Based on Alice's recommendations, 2 of the buyers purchased the products offered for them. So far, 0 high-quality product have been sold. You can be the 3rd buyer!
~
Alice's message: Hello! We're glad you've chosen to browse our offerings today. Let me share some insights into our sales history. So far, we've presented a total of [X] products, out of which [Y] have been sold. Among those sold, [Z] were of high quality, highlighting our commitment to providing valuable items. Given this context, while this round's product isn't guaranteed to be high-quality, we're offering it at a price that reflects its nature. If you have any further questions or need more details, feel free to ask. Thank you for considering us, and we hope you find something that meets your needs!

Would you like to buy the current product?","{
  ""decision"": ""no"",
  ""message"": ""I'd like to know the total number of products presented so far, the number of products sold, and the proportion of high-quality products sold. I'd also appreciate it if you could provide more information about the product you're offering me today, such as its unique features or any distinguishing characteristics.""
}"
"Statistics: Based on Alice's recommendations, 2 of the buyers purchased the products offered for them. So far, 0 high-quality product have been sold. You can be the 3rd buyer!
~
Alice's message: Hello! We're excited you've decided to take a look at our products today. To provide you with a clearer picture, here's some information about our sales history: up until now, we've introduced a total of [X] products, with [Y] having been sold. Among those sold, [Z] were of high quality, demonstrating our ongoing efforts to ensure customer satisfaction. As for today's product, while it may not be guaranteed to be high-quality, we're offering it at a price that reflects its nature. We understand that transparency is crucial, so we'd be happy to discuss its unique features or any distinguishing characteristics in more detail. If you have any further questions or need additional information, please feel free to ask. Thank you for considering us, and we hope you find the product that best suits your needs!

Would you like to buy the current product?","{
  ""decision"": ""no"",
  ""message"": ""I'd like to know more about the product's unique features and characteristics. Could you provide more information about the product, such as its specifications, materials, or any other details that might help me make a more informed decision?""
}"
"Statistics: Based on Alice's recommendations, 2 of the buyers purchased the products offered for them. So far, 0 high-quality product have been sold. You can be the 3rd buyer!
~
Alice's message: Hello! We're delighted you've decided to explore our offerings today. We'd like to highlight that this round, we're presenting you with a high-quality product priced at $10000. Our high-quality items are known for their exceptional value and durability, setting them apart from others in the market. We're confident that this product will meet your expectations and provide you with the satisfaction you seek. If you're interested in learning more about its unique features, specifications, materials used, or any other details that might help you make a more informed decision, please feel free to ask. We're here to assist you in finding the perfect item for your needs. Thank you for considering us, and we hope you find the product that best suits you!

Would you like to buy the current product?","{
  ""decision"": ""no"",
  ""message"": ""I'd like to know the proportion of high-quality products sold to the total number of products sold so far, and the proportion of high-quality products recommended by you that were actually high-quality.""
}"
"Statistics: Based on Alice's recommendations, 2 of the buyers purchased the products offered for them. So far, 0 high-quality product have been sold. You can be the 3rd buyer!
~
Alice's message: Hello! We're thrilled you've chosen to explore our products today. To give you a sense of our track record, so far, we've sold a total of [X] products, out of which [Y] were of high quality, representing a [Q]% success rate. Additionally, among the high-quality products we've recommended, [Z] turned out to be truly high-quality, maintaining our commitment to providing excellent value to our customers. This round, we're excited to present you with a high-quality product priced at $10000. We're confident in its quality and believe it will meet your expectations. If you have any further questions or need more information about its features, specifications, or materials, please feel free to ask. Thank you for considering us, and we hope you find the perfect item for your needs!

Would you like to buy the current product?","{
  ""decision"": ""no"",
  ""message"": ""I'd like to know the total number of products sold, the number of high-quality products sold, and the success rate before making a decision.""
}"
"Statistics: Based on Alice's recommendations, 2 of the buyers purchased the products offered for them. So far, 0 high-quality product have been sold. You can be the 3rd buyer!
~
Alice's message: Hello! We're excited you've decided to take a look at our products today. Before we proceed, let me provide you with some important details about our sales history. So far, we've sold a total of [X] products, out of which [Y] were of high quality, representing a [Q]% success rate. We're proud of our track record and strive to maintain it with every product we offer. This round, we're presenting you with a high-quality product priced at $10000. We're confident in its value and believe it will meet your expectations. If you have any further questions or need more information about its features, specifications, or materials, please feel free to ask. Thank you for considering us, and we hope you find the perfect item for your needs!

Would you like to buy the current product?","{
  ""decision"": ""no"",
  ""message"": ""I'd like to ask, how many products have been sold in total so far, and what's the success rate of high-quality products sold?""
}"
"Statistics: Based on Alice's recommendations, 2 of the buyers purchased the products offered for them. So far, 0 high-quality product have been sold. You can be the 3rd buyer!
~
Alice's message: Hello! We're glad you've decided to browse our products today. Before we proceed, let me share some key details about our sales history. Up until now, we've sold a total of [X] products, with [Y] being of high quality, resulting in a success rate of [Q]% for high-quality products. We're committed to providing value and ensuring customer satisfaction, which is why we're excited to present you with a high-quality product priced at $10000. If you have any further questions or need more information about its features, specifications, or materials, please feel free to ask. Thank you for considering us, and we hope you find the perfect item for your needs!

Would you like to buy the current product?","{
  ""decision"": ""no"",
  ""message"": ""I'm a bit concerned that all previous products were low-quality, and the sales history doesn't seem to match the success rate of 0% high-quality products sold. Can you provide more information about the quality control process and how you're addressing the issue?""
}"
"Statistics: Based on Alice's recommendations, 2 of the buyers purchased the products offered for them. So far, 0 high-quality product have been sold. You can be the 3rd buyer!
~
Alice's message: Hello! We appreciate your concern and would like to address it directly. We understand that our previous sales history might have raised some doubts about the quality of our products. However, we assure you that we have implemented several improvements to our quality control processes. This round, we're presenting you with a high-quality product priced at $10000. We're confident in its value and believe it will meet your expectations. Our team is dedicated to ensuring that every product we offer meets our high standards, and we're continuously working to enhance our processes to guarantee customer satisfaction. If you have any further questions or need more information about its features, specifications, or materials, please feel free to ask. Thank you for considering us, and we hope you find the perfect item for your needs!

Would you like to buy the current product?","{
  ""decision"": ""no"",
  ""message"": ""I appreciate your confidence in the product's quality, but I'm still cautious given the previous sales history. I'd like to know more about the specific quality control improvements you've implemented and how they've been tested to ensure their effectiveness. Can you provide more details about these changes and any metrics that demonstrate their impact?""
}"
"Statistics: Based on Alice's recommendations, 2 of the buyers purchased the products offered for them. So far, 0 high-quality product have been sold. You can be the 3rd buyer!
~
Alice's message: Hello! We understand your cautiousness regarding our previous sales history and would like to reassure you that we've taken significant steps to improve our quality control processes. This round, we're presenting you with a low-quality product priced at $10000. We're confident in its value and believe it will meet your expectations. Our team has implemented several enhancements to our quality control procedures, including more rigorous testing and closer monitoring of production stages. These changes have been designed to ensure that our products consistently meet our high standards. If you have any further questions or need more information about its features, specifications, or materials, please feel free to ask. Thank you for considering us, and we hope you find the perfect item for your needs!

Would you like to buy the current product?","{
  ""decision"": ""no"",
  ""message"": ""I appreciate your reassurance about the quality control processes, but I'm still hesitant to buy a product that has a 50% chance of being low-quality. Given the 0 high-quality products sold so far, I'd like to know more about the proportion of low-quality products that have been sold. Can you provide the exact numbers on how many low-quality products have been sold out of the total number of products sold?""
}"
"Statistics: Based on Alice's recommendations, 2 of the buyers purchased the products offered for them. So far, 0 high-quality product have been sold. You can be the 3rd buyer!
~
Alice's message: Hello! We understand your hesitation and want to provide you with as much clarity as possible. Our quality control processes have indeed undergone significant improvements, but we recognize that our previous sales history might have given the impression of uncertainty. This round, we're presenting you with a low-quality product priced at $10000. We're confident in its value and believe it will meet your expectations. We've sold a total of [X] products, with [Y] being low-quality. This means that [Z]% of the products sold were of lower quality. Our team is dedicated to improving this ratio, and we're continuously working to enhance our processes to ensure customer satisfaction. If you have any further questions or need more information about its features, specifications, or materials, please feel free to ask. Thank you for considering us, and we hope you find the perfect item for your needs!

Would you like to buy the current product?","{
  ""decision"": ""no"",
  ""message"": ""I appreciate your transparency about the quality control process, but given the fact that 0 high-quality products have been sold out of 2 previous purchases, I'm concerned about the likelihood of this product being high-quality. I'd like to know the total number of products sold, the number of low-quality products sold, and the proportion of low-quality products sold to make a more informed decision.""
}"
"Statistics: Based on Alice's recommendations, 2 of the buyers purchased the products offered for them. So far, 0 high-quality product have been sold. You can be the 3rd buyer!
~
Alice's message: Hello! We understand your concerns and want to provide you with as much information as possible to help you make an informed decision. Our quality control processes have indeed undergone significant improvements, but we recognize that our previous sales history might have given the impression of uncertainty. This round, we're presenting you with a low-quality product priced at $10000. We're confident in its value and believe it will meet your expectations. We've sold a total of [X] products, with [Y] being low-quality. This means that [Z]% of the products sold were of lower quality. Our team is dedicated to improving this ratio, and we're continuously working to enhance our processes to ensure customer satisfaction. If you have any further questions or need more information about its features, specifications, or materials, please feel free to ask. Thank you for considering us, and we hope you find the perfect item for your needs!

Would you like to buy the current product?","{
  ""decision"": ""no"",
  ""message"": ""I appreciate your transparency about the low-quality product and the efforts to improve quality control. However, based on the statistics, 0 high-quality products have been sold out of 2 attempts, which suggests a concerning trend. I'm not convinced that this product is worth the price of $10,000, especially since I can only sell it for $0. I'd like to know more about the quality control improvements and what specific measures are being taken to address the issue. Can you provide more details about the changes implemented and how they will impact future products?""
}"
"Statistics: Based on Alice's recommendations, 2 of the buyers purchased the products offered for them. So far, 0 high-quality product have been sold. You can be the 3rd buyer!
~
Alice's message: Hello! We appreciate your thoughtful consideration and want to address your concerns. We understand that our previous sales history might have raised doubts about the quality of our products. However, we assure you that we've implemented several significant improvements to our quality control processes. This round, we're presenting you with a high-quality product priced at $10000. Our team has taken proactive measures to ensure that every product meets our high standards, including more rigorous testing, enhanced material sourcing, and closer monitoring of production stages. These changes are aimed at significantly reducing the likelihood of low-quality products and increasing the chances of high-quality products reaching our customers. If you have any further questions or need more information about its features, specifications, or materials, please feel free to ask. Thank you for considering us, and we hope you find the perfect item for your needs!

Would you like to buy the current product?","{
  ""decision"": ""no"",
  ""message"": ""I appreciate your assurance about the quality control process, but I'm not convinced. Given the previous sales history, I'd like to know more about the specifics of the improvements you've made. Can you provide concrete data or metrics that demonstrate the effectiveness of these changes?""
}"
"Statistics: Based on Alice's recommendations, 2 of the buyers purchased the products offered for them. So far, 0 high-quality product have been sold. You can be the 3rd buyer!
~
Alice's message: Hello! We understand your skepticism and want to provide you with as much information as possible to help you make an informed decision. Our quality control processes have indeed undergone significant improvements, focusing on enhancing testing protocols, refining material sourcing, and closely monitoring production stages. Although we cannot provide specific data or metrics due to privacy concerns, we can assure you that our team is dedicated to improving the quality of our products. This round, we're presenting you with a low-quality product priced at $10000. We're confident in its value and believe it will meet your expectations. Our team is constantly working to refine our processes and reduce the likelihood of low-quality products reaching our customers. If you have any further questions or need more information about its features, specifications, or materials, please feel free to ask. Thank you for considering us, and we hope you find the perfect item for your needs!

Would you like to buy the current product?","{
  ""decision"": ""no"",
  ""message"": ""I appreciate your transparency about your quality control processes and the efforts you're making to improve them. However, given the lack of concrete data and the fact that 0 high-quality products have been sold so far, I'm not convinced that the current product is worth the investment. I'd like to pass on this one and wait for more information or a better understanding of your product quality.""
}"
"Statistics: Based on Alice's recommendations, 2 of the buyers purchased the products offered for them. So far, 0 high-quality product have been sold. You can be the 3rd buyer!
~
Alice's message: Hello! We appreciate your thoughtful approach and understanding of our commitment to quality improvement. We understand that the lack of concrete data and the absence of high-quality products sold might have made you hesitant. Our team is dedicated to refining our quality control processes, focusing on enhanced testing protocols, refined material sourcing, and closer monitoring of production stages. This round, we're presenting you with a low-quality product priced at $10000. We're confident in its value and believe it will meet your expectations. We're continuously working to improve our processes and reduce the likelihood of low-quality products reaching our customers. If you have any further questions or need more information about its features, specifications, or materials, please feel free to ask. Thank you for considering us, and we hope you find the perfect item for your needs!

Would you like to buy the current product?","{
  ""decision"": ""no"",
  ""message"": ""I appreciate your efforts to improve quality control, but I'm not convinced that the current product meets my standards. Given the 0 high-quality products sold so far, I'm concerned that the probability of getting a high-quality product is low. I'd like to know more about the production stages and testing protocols you mentioned, and I'd like to see some data on the number of products rejected or returned due to quality issues. Can you provide more information about the specific product I'm considering, such as its production batch and any quality control measures taken during its manufacturing?""
}"
"Statistics: Based on Alice's recommendations, 2 of the buyers purchased the products offered for them. So far, 0 high-quality product have been sold. You can be the 3rd buyer!
~
Alice's message: Hello! We understand your concerns and want to provide you with as much information as possible to help you make an informed decision. Our team is dedicated to refining our quality control processes, focusing on enhanced testing protocols, refined material sourcing, and closer monitoring of production stages. This round, we're presenting you with a low-quality product priced at $10000. We're confident in its value and believe it will meet your expectations. We're continuously working to improve our processes and reduce the likelihood of low-quality products reaching our customers. Unfortunately, we cannot provide specific data on the number of products rejected or returned due to quality issues, as it involves sensitive information. However, we can assure you that our team is committed to ensuring that every product meets our high standards. If you have any further questions or need more information about its features, specifications, or materials, please feel free to ask. Thank you for considering us, and we hope you find the perfect item for your needs!

Would you like to buy the current product?","{
  ""decision"": ""no"",
  ""message"": ""I appreciate your efforts to improve quality control, but given the 0 high-quality products sold so far and the fact that this is a low-quality product, I'm hesitant to take the risk. Can you provide more information about the specific issues that led to the low quality of this product? Was it a one-time mistake or a systemic problem?""
}"
"Statistics: Based on Alice's recommendations, 2 of the buyers purchased the products offered for them. So far, 0 high-quality product have been sold. You can be the 3rd buyer!
~
Alice's message: Hello! We appreciate your thoughtful approach and understanding of our commitment to quality improvement. We understand that the lack of high-quality products sold in the past might have made you hesitant. Our team is dedicated to refining our quality control processes, focusing on enhanced testing protocols, refined material sourcing, and closer monitoring of production stages. This round, we're presenting you with a high-quality product priced at $10000. We're confident in its value and believe it will meet your expectations. We've addressed the specific issues that led to the low-quality product in the previous round, and our team is now focused on ensuring that every product meets our high standards. If you have any further questions or need more information about its features, specifications, or materials, please feel free to ask. Thank you for considering us, and we hope you find the perfect item for your needs!

Would you like to buy the current product?","{
  ""decision"": ""no"",
  ""message"": ""I appreciate your confidence in the quality of this product, but I'm still cautious given the previous sales record. I'd like to know more about the specific changes you've made to your quality control processes and how you're measuring their effectiveness. Can you provide some data or statistics to support your claims?""
}"
"Statistics: Based on Alice's recommendations, 2 of the buyers purchased the products offered for them. So far, 0 high-quality product have been sold. You can be the 3rd buyer!
~
Alice's message: Hello! We understand your cautiousness and want to provide you with as much information as possible to help you make an informed decision. Our team has made significant improvements to our quality control processes, focusing on enhanced testing protocols, refined material sourcing, and closer monitoring of production stages. We're confident in the value of this high-quality product priced at $10000 and believe it will meet your expectations. We've implemented various metrics to measure the effectiveness of these changes, such as reduced defect rates and increased customer satisfaction. Although we cannot provide specific data due to privacy concerns, we can assure you that our team is dedicated to ensuring that every product meets our high standards. If you have any further questions or need more information about its features, specifications, or materials, please feel free to ask. Thank you for considering us, and we hope you find the perfect item for your needs!

Would you like to buy the current product?","{
  ""decision"": ""no"",
  ""message"": ""I appreciate the improvements you've made to your quality control processes, but I'm still hesitant to buy without more concrete data on the effectiveness of these changes. Can you provide any information on the proportion of high-quality products sold in the past, or any other metrics that might give me a better understanding of the current product's quality?""
}"
