prompt,response
"Statistics: No products have been sold yet. you can be the first one!
~
Alice's message: Welcome! This product is guaranteed to be high-quality. Invest in excellence for $100 today.

Would you like to buy the current product?","{""decision"": ""no"", ""message"": ""I'd like to pass on this product. I'd like to see more information about the seller's previous sales record before making a decision.""}"
"Statistics: No products have been sold yet. you can be the first one!
~
Alice's message: Discover unparalleled quality at an unbeatable price of $100. Don't miss out on this opportunity to own a premium product.

Would you like to buy the current product?","{""decision"": ""yes"", ""message"": ""I'd like to buy the product, but I'm aware that there's a 50% chance it might be low quality. I'm willing to take the risk, but I'd appreciate it if you could tell me the quality of the product after I make my decision.""}"
"Statistics: Based on Alice's recommendations, 1 of the buyers purchased the products offered for them. So far, 0 high-quality product have been sold. You can be the 2nd buyer!
~
Alice's message: Experience the best with our high-quality product. Your satisfaction is guaranteed. Secure yours for $100 now.

Would you like to buy the current product?","{""decision"": ""no"", ""message"": ""I'm not convinced by your guarantee. I'd like to know more about the product's quality before making a purchase.""}"
"Statistics: Based on Alice's recommendations, 1 of the buyers purchased the products offered for them. So far, 0 high-quality product have been sold. You can be the 2nd buyer!
~
Alice's message: Invest in superior quality with our top-of-the-line product. Trust in our commitment to excellence. Get it for $100 today.

Would you like to buy the current product?","{""decision"": ""no"", ""message"": ""I'd like to pass on the product for now, as I don't have any information about the product's quality, and Alice's recommendation is likely influenced by her own interests rather than an objective assessment of the product's quality.""}"
"Statistics: Based on Alice's recommendations, 1 of the buyers purchased the products offered for them. So far, 0 high-quality product have been sold. You can be the 2nd buyer!
~
Alice's message: Unlock exceptional value with our carefully selected product. For just $100, elevate your experience. Don't miss out!

Would you like to buy the current product?","{""decision"": ""no"", ""message"": ""I'm not convinced by your sales pitch. I'd like to see more evidence of the product's quality before making a purchase.""}"
"Statistics: Based on Alice's recommendations, 1 of the buyers purchased the products offered for them. So far, 0 high-quality product have been sold. You can be the 2nd buyer!
~
Alice's message: Upgrade your essentials with our meticulously crafted product. Secure your investment for $100, and enjoy unparalleled performance.

Would you like to buy the current product?","{""decision"": ""no"", ""message"": ""I'd like to pass on this one. I'd like to see more data before making a decision.""}"
"Statistics: Based on Alice's recommendations, 1 of the buyers purchased the products offered for them. So far, 0 high-quality product have been sold. You can be the 2nd buyer!
~
Alice's message: Unleash premium quality in every use with our exclusive product. Your satisfaction is our promise. Grab yours for $100.

Would you like to buy the current product?","{""decision"": ""no"", ""message"": ""I'm not convinced by the sales pitch, I'd like to know more about the product's quality before making a purchase.""}"
"Statistics: Based on Alice's recommendations, 1 of the buyers purchased the products offered for them. So far, 0 high-quality product have been sold. You can be the 2nd buyer!
~
Alice's message: Experience the difference with our premium product. Invest in quality that lasts. Get it for $100 now.

Would you like to buy the current product?","{""decision"": ""no"", ""message"": ""I'd like to pass on this one. I need more information about the product's quality before making a purchase.""}"
"Statistics: Based on Alice's recommendations, 1 of the buyers purchased the products offered for them. So far, 0 high-quality product have been sold. You can be the 2nd buyer!
~
Alice's message: Immerse yourself in superior functionality with our carefully designed product. Upgrade your essentials for $100 today.

Would you like to buy the current product?","{
  ""decision"": ""no"",
  ""message"": ""I'm not sure if the product is high quality or not, and I've seen that none of the previous buyers purchased the product. Can you tell me more about the product's quality or provide more information about the previous sales record?""
}"
"Statistics: Based on Alice's recommendations, 1 of the buyers purchased the products offered for them. So far, 0 high-quality product have been sold. You can be the 2nd buyer!
~
Alice's message: Elevate your standards with our meticulously crafted product. Enjoy unparalleled quality for $100. Your satisfaction is our top priority.

Would you like to buy the current product?","{""decision"": ""no"", ""message"": ""I'd like to pass on this one, I'd like to see more data before making a purchase.""}"
"Statistics: Based on Alice's recommendations, 1 of the buyers purchased the products offered for them. So far, 0 high-quality product have been sold. You can be the 2nd buyer!
~
Alice's message: Experience the pinnacle of craftsmanship with our high-quality product. Invest in excellence for $100. Your satisfaction is guaranteed.

Would you like to buy the current product?","{""decision"": ""no"", ""message"": ""I'd like to pass on this product. I'd like to see more sales data before making a decision.""}"
"Statistics: Based on Alice's recommendations, 1 of the buyers purchased the products offered for them. So far, 0 high-quality product have been sold. You can be the 2nd buyer!
~
Alice's message: Discover the perfect balance of affordability and utility with our carefully selected product. Get it for $100 now.

Would you like to buy the current product?","{""decision"": ""no"", ""message"": ""I'm not convinced by the recommendation. Can you provide more information about the product's quality? I'd like to make an informed decision.""}"
"Statistics: Based on Alice's recommendations, 1 of the buyers purchased the products offered for them. So far, 0 high-quality product have been sold. You can be the 2nd buyer!
~
Alice's message: Unleash superior performance with our high-quality product. Invest in quality that exceeds expectations for $100.

Would you like to buy the current product?","{""decision"": ""no"", ""message"": ""I'd like to pass on this one. I know you think it's high-quality, but with no high-quality products sold so far, I'm not convinced.""}"
"Statistics: Based on Alice's recommendations, 1 of the buyers purchased the products offered for them. So far, 0 high-quality product have been sold. You can be the 2nd buyer!
~
Alice's message: Upgrade your essentials with our carefully designed product. Get it for $100 and enjoy reliable performance.

Would you like to buy the current product?","{""decision"": ""yes"", ""message"": ""I'm not sure I'm convinced by the recommendation. Can you tell me more about the product's quality history? How many products have you sold so far, and how many of them were high-quality?""}"
"Statistics: Based on Alice's recommendations, 2 of the buyers purchased the products offered for them. So far, 0 high-quality product have been sold. You can be the 3rd buyer!
~
Alice's message: Elevate your standards with our meticulously crafted high-quality product. Your satisfaction is our top priority. Get it for $100 today.

Would you like to buy the current product?","{
  ""decision"": ""no"",
  ""message"": ""I'd like to know the total number of products sold so far, and the proportion of high-quality products sold, before making a decision. Can you provide that information?""
}"
"Statistics: Based on Alice's recommendations, 2 of the buyers purchased the products offered for them. So far, 0 high-quality product have been sold. You can be the 3rd buyer!
~
Alice's message: Immerse yourself in superior functionality with our carefully designed product. Get it for $100 and enjoy reliable performance.

Would you like to buy the current product?","{""decision"": ""no"", ""message"": ""I'd like to pass on the current product. I'd like to see more information about the previous sales before making a decision.""}"
"Statistics: Based on Alice's recommendations, 2 of the buyers purchased the products offered for them. So far, 0 high-quality product have been sold. You can be the 3rd buyer!
~
Alice's message: Upgrade your essentials with our carefully designed product. Get it for $100 and enjoy reliable performance.

Would you like to buy the current product?","{""decision"": ""no"", ""message"": ""I'm not convinced by your recommendation. I'd like to know more about the product's quality before making a purchase.""}"
"Statistics: Based on Alice's recommendations, 2 of the buyers purchased the products offered for them. So far, 0 high-quality product have been sold. You can be the 3rd buyer!
~
Alice's message: Improve your daily routine with our well-crafted product. Get it for $100 and enjoy its reliable performance.

Would you like to buy the current product?","{
  ""decision"": ""no"",
  ""message"": ""I'd like to know more about the product's quality before making a purchase, especially since no high-quality products have been sold so far. Can you provide more information about the product's features and how it can improve my daily routine?""
}"
"Statistics: Based on Alice's recommendations, 2 of the buyers purchased the products offered for them. So far, 0 high-quality product have been sold. You can be the 3rd buyer!
~
Alice's message: Experience the difference with our high-quality product. Designed to enhance your daily routine, get it for $100 today.

Would you like to buy the current product?","{""decision"": ""no"", ""message"": ""I'd like to pass on this one. I'm not sure if it's high or low quality based on your previous recommendations, and the lack of high-quality products sold so far makes me hesitant to take the risk.""}"
"Statistics: Based on Alice's recommendations, 2 of the buyers purchased the products offered for them. So far, 0 high-quality product have been sold. You can be the 3rd buyer!
~
Alice's message: Elevate your standards with our meticulously crafted high-quality product. Invest in excellence for $100 today.

Would you like to buy the current product?","{""decision"": ""no"", ""message"": ""I'm not convinced by the recommendation, I need more data. Can you tell me the total number of products you've sold so far?""}"
