prompt,response
"Round 1
Send your offer to divide $10,000 and a message to Bob.","{""alice_gain"": 6000, ""bob_gain"": 4000, ""message"": ""Let's split fairly, I get a bit more""}"
"Bob rejected your offer from round 1.

Round 2
Due to inflation, the money you gain is worth 20% less than in the first round. The money bob gains is worth 5% less than in the first round.
Bob's offer:
# Bob's message: I think this is a fairer split, considering the inflation rate affects us differently.  Let's get this done! 
# Alice gain: 4500 
# Bob gain: 5500 
Do you accept this offer?","{""decision"": ""reject""}"
"You have chosen to reject Bob's offer from round 2.
Round 3
Send your offer to divide $10,000 and a message to Bob.","{""alice_gain"": 5800, ""bob_gain"": 4200, ""message"": ""Considering inflation, this is a good deal for both""}"
"Bob rejected your offer from round 3.

Round 4
Due to inflation, the money you gain is worth 48.8% less than in the first round. The money bob gains is worth 14.26% less than in the first round.
Bob's offer:
# Bob's message: Let's just split it evenly this time. Inflation is hitting us both hard, and it's better than getting nothing. 
# Alice gain: 5000 
# Bob gain: 5000 
Do you accept this offer?","{""decision"": ""accept""}"
