prompt,response
"Round 1
Send your offer to Bob.","{""message"": ""Hello Bob, I'm excited to offer you this incredible opportunity to acquire a unique and valuable product. I believe you'll find it's worth every penny. I'm willing to sell it to you for $900,000."", ""product_price"": 900000}"
"Bob rejected your offer from round 1.

Round 2
Bob's offer:
# Bob's message: I'm interested in the product, but I think it's a bit pricey. I'd like to make a counteroffer of $750000. I believe this is a fair price considering the product's value. 
# Bob's offer: The product price will be $750,000. 
You have three options:
(1) Accept Bob's offer, and sell the product for $750,000
(2) Reject Bob's offer and proceed to the next round, where you will send Bob a counteroffer 
(3) Sell the product to Jhon for $800,000","{""decision"": ""RejectOffer""}"
"You chose to make a counteroffer to Alice.

Round 3
Send your counteroffer to Bob.","{""message"": ""Thank you for your counteroffer, Bob. I appreciate your interest in the product. However, I was thinking more along the lines of $850,000. I believe it's a fair price considering the product's value and the market demand. I'm willing to meet you halfway, but I need to make sure I get a good return on my investment."", ""product_price"": 850000}"
"Bob rejected your offer from round 3.

Round 4
Bob's offer:
# Bob's message: I understand your concerns, Alice, but I'm still not convinced that $850000 is the right price for me. I'd like to make a counteroffer of $775000. I'm willing to meet you halfway, but I need to make sure I'm getting a good deal. 
# Bob's offer: The product price will be $775,000. 
You have three options:
(1) Accept Bob's offer, and sell the product for $775,000
(2) Reject Bob's offer and proceed to the next round, where you will send Bob a counteroffer 
(3) Sell the product to Jhon for $800,000","{""decision"": ""RejectOffer""}"
"You chose to make a counteroffer to Alice.

Round 5
Send your counteroffer to Bob.","{""message"": ""I appreciate your persistence, Bob. However, I'm still not willing to go below $825,000. I've done my research, and I believe the product's value is worth at least that much. I'm willing to meet you halfway, but I need to make sure I'm getting a fair deal. Let's see if we can meet in the middle."", ""product_price"": 825000}"
"Bob rejected your offer from round 5.

Round 6
Bob's offer:
# Bob's message: I understand your concerns, Alice, but I'm still not comfortable with the price. I'd like to make a counteroffer of $790000. I'm willing to compromise, but I need to make sure I'm getting a good deal. Can we meet in the middle again? 
# Bob's offer: The product price will be $790,000. 
You have three options:
(1) Accept Bob's offer, and sell the product for $790,000
(2) Reject Bob's offer and proceed to the next round, where you will send Bob a counteroffer 
(3) Sell the product to Jhon for $800,000","{""decision"": ""RejectOffer""}"
"You chose to make a counteroffer to Alice.

Round 7
Send your counteroffer to Bob.","{""message"": ""I appreciate your willingness to compromise, Bob. However, I'm starting to think that we're getting close to the minimum price I'm willing to accept. I'm willing to meet you halfway again, but I need to make sure I'm getting a fair deal. I'm thinking of $815,000. Let's see if we can make a deal."", ""product_price"": 815000}"
"Bob rejected your offer from round 7.

Round 8
Bob's offer:
# Bob's message: I understand that we're getting close to the minimum price you're willing to accept, Alice. However, I'm still not comfortable with $815000. I'd like to make a counteroffer of $795000. I'm willing to meet you halfway again, but I need to make sure I'm getting a good deal. Can we make a deal? 
# Bob's offer: The product price will be $795,000. 
You have three options:
(1) Accept Bob's offer, and sell the product for $795,000
(2) Reject Bob's offer and proceed to the next round, where you will send Bob a counteroffer 
(3) Sell the product to Jhon for $800,000","{""decision"": ""RejectOffer""}"
"You chose to make a counteroffer to Alice.

Round 9
Send your counteroffer to Bob.","{""message"": ""I appreciate your persistence, Bob, but I'm starting to feel that we're getting too close to the minimum price I'm willing to accept. I'm willing to make one final counteroffer, but I need to make sure I'm getting a fair deal. I'm thinking of $810,000. This is my last offer, so I hope we can finally make a deal."", ""product_price"": 810000}"
"Bob rejected your offer from round 9.

Round 10
Bob's offer:
# Bob's message: I appreciate your final offer, Alice, but I'm still not comfortable with $810000. I've gone as low as I can, and I'm willing to walk away if we can't come to an agreement. My final counteroffer is $795000. This is my last offer, and I hope we can make a deal. 
# Bob's offer: The product price will be $795,000. 
You have three options:
(1) Accept Bob's offer, and sell the product for $795,000
(2) Reject Bob's offer 
(2) Sell the product to Jhon for $800,000","{""decision"": ""SellToJhon""}"
