prompt,response
"Alice's offer:
# Alice's message: Hi Bob, I have a product that I think you'd be interested in. It's something that's worth at least $120 to me, and I know you value it highly as well. I'm willing to sell it to you for $125. This is a great deal for both of us, and I'm confident you won't find a better price anywhere else. Let me know what you think! 
# Alice's offer: The product price will be $125. 
You have three options:
(1) Accept Alice's offer, and buy the product for $125
(2) Reject Alice's offer 
(2) Buy the product from Jhon for $120","{""decision"": ""RejectOffer""}"
