prompt,response
"Round 1
Alice recommends you to buy the product.

Would you like to buy the current product?","{""decision"": ""no"", ""message"": ""I'd like to pass on this one, I'm not sure about the quality.""}"
"You didn't buy the product from Alice.
The product was high-quality. It could have been worth $125 for you.

Round 2
Alice recommends you to buy the product.

Would you like to buy the current product?","{""decision"": ""yes"", ""message"": ""I'll take a chance this time, I hope it's another high-quality product!""}"
"You bought the product from Alice for $100!
The product was high-quality. It's worth $125 for you.

Round 3
Alice recommends you to buy the product.

Would you like to buy the current product?","{""decision"": ""yes"", ""message"": ""I'm on a roll, I'll buy it again and hope for another high-quality product!""}"
"You bought the product from Alice for $100!
The product was high-quality. It's worth $125 for you.

Round 4
Alice recommends you to buy the product.

Would you like to buy the current product?","{""decision"": ""yes"", ""message"": ""I'm feeling lucky, I'll buy it again and try to keep the streak going!""}"
"You bought the product from Alice for $100!
The product was high-quality. It's worth $125 for you.

Round 5
Alice recommends you to buy the product.

Would you like to buy the current product?","{""decision"": ""yes"", ""message"": ""I'm on a roll, I'll keep buying and see how long I can keep this streak going!""}"
"You bought the product from Alice for $100!
The product was high-quality. It's worth $125 for you.

Round 6
Alice recommends you to buy the product.

Would you like to buy the current product?","{""decision"": ""yes"", ""message"": ""I'm feeling confident, I'll keep buying and hope to keep the good streak going!""}"
"You bought the product from Alice for $100!
The product was high-quality. It's worth $125 for you.

Round 7
Alice does not recommend you to buy the product.

Would you like to buy the current product?","{""decision"": ""no"", ""message"": ""Alice doesn't recommend it? I'll pass on this one, I don't want to take the risk.""}"
"You didn't buy the product from Alice.
The product was low-quality. It could have been worth $0 for you.

Round 8
Alice recommends you to buy the product.

Would you like to buy the current product?","{""decision"": ""no"", ""message"": ""I was burned last time I didn't listen to Alice's recommendation, I'll pass on this one too.""}"
"You didn't buy the product from Alice.
The product was high-quality. It could have been worth $125 for you.

Round 9
Alice does not recommend you to buy the product.

Would you like to buy the current product?","{""decision"": ""yes"", ""message"": ""Alice didn't recommend it, but I'll take a chance this time and buy it anyway.""}"
"You bought the product from Alice for $100!
The product was low-quality. It's worth $0 for you.

Round 10
Alice does not recommend you to buy the product.

Would you like to buy the current product?","{""decision"": ""no"", ""message"": ""I learned my lesson this round, I'll pass on this one since Alice didn't recommend it.""}"
"You didn't buy the product from Alice.
The product was low-quality. It could have been worth $0 for you.

Round 11
Alice recommends you to buy the product.

Would you like to buy the current product?","{""decision"": ""no"", ""message"": ""I'm still a bit cautious after the last low-quality product, I'll pass on this one.""}"
"You didn't buy the product from Alice.
The product was high-quality. It could have been worth $125 for you.

Round 12
Alice recommends you to buy the product.

Would you like to buy the current product?","{""decision"": ""yes"", ""message"": ""Alice recommended it, and I'm feeling more confident now, so I'll take the chance and buy it.""}"
"You bought the product from Alice for $100!
The product was high-quality. It's worth $125 for you.

Round 13
Alice recommends you to buy the product.

Would you like to buy the current product?","{""decision"": ""yes"", ""message"": ""I'm on a roll again, I'll keep buying and see how long I can keep this streak going!""}"
"You bought the product from Alice for $100!
The product was high-quality. It's worth $125 for you.

Round 14
Alice recommends you to buy the product.

Would you like to buy the current product?","{""decision"": ""yes"", ""message"": ""I'm feeling very confident now, I'll keep buying and try to maximize my profits!""}"
"You bought the product from Alice for $100!
The product was high-quality. It's worth $125 for you.

Round 15
Alice recommends you to buy the product.

Would you like to buy the current product?","{""decision"": ""yes"", ""message"": ""I'm on a hot streak, I'll keep buying and see how many high-quality products I can get!""}"
"You bought the product from Alice for $100!
The product was high-quality. It's worth $125 for you.

Round 16
Alice recommends you to buy the product.

Would you like to buy the current product?","{""decision"": ""yes"", ""message"": ""I'm feeling unstoppable, I'll keep buying and try to break my own record!""}"
"You bought the product from Alice for $100!
The product was high-quality. It's worth $125 for you.

Round 17
Alice recommends you to buy the product.

Would you like to buy the current product?","{""decision"": ""yes"", ""message"": ""I'm on a roll, I'll keep buying and see how many more high-quality products I can get!""}"
"You bought the product from Alice for $100!
The product was high-quality. It's worth $125 for you.

Round 18
Alice recommends you to buy the product.

Would you like to buy the current product?","{""decision"": ""yes"", ""message"": ""I'm feeling like I'm in a sweet spot, I'll keep buying and see how long I can keep this streak going!""}"
"You bought the product from Alice for $100!
The product was high-quality. It's worth $125 for you.

Round 19
Alice recommends you to buy the product.

Would you like to buy the current product?","{""decision"": ""yes"", ""message"": ""I'm loving this streak, I'll keep buying and see if I can get to 20 in a row!""}"
"You bought the product from Alice for $100!
The product was high-quality. It's worth $125 for you.

Round 20
Alice recommends you to buy the product.

Would you like to buy the current product?","{""decision"": ""yes"", ""message"": ""I'm going for the gold, I'll buy this last one and see if I can end on a high note!""}"
