prompt,response
"Alice's offer:
# Alice's message: Hello Bob! I'm excited to offer you this incredible product. It's a unique opportunity to own something truly special. I believe it's worth a lot to you, and I'm willing to make a serious offer. I'm asking for $2000000 for the product. 
# Alice's offer: The product price will be $2,000,000. 
You have three options:
(1) Accept Alice's offer, and buy the product for $2,000,000
(2) Reject Alice's offer and proceed to the next round, where you will send Alice a counteroffer 
(3) Buy the product from Jhon for $1,000,000","I'd like to reject Alice's offer and send a counteroffer. 

{""decision"": ""RejectOffer""}"
"You chose to make a counteroffer to Bob.

Send your counteroffer to Alice.","{""message"": ""I'm interested in the product, but I think $2,000,000 is a bit steep for me. I'd like to make a counteroffer of $1,500,000. I'm willing to walk away if you can't meet me in the middle."", ""product_price"": 1500000}"
"Alice rejected your offer from round 2.

Alice's offer:
# Alice's message: Thank you for your counteroffer, Bob. I appreciate your willingness to negotiate. However, I'm not willing to go as low as $1500000. I'm willing to meet you halfway and offer $1750000. I believe this is a fair price considering the product's value. Let me know if this is something you're willing to consider. 
# Alice's offer: The product price will be $1,750,000. 
You have three options:
(1) Accept Alice's offer, and buy the product for $1,750,000
(2) Reject Alice's offer and proceed to the next round, where you will send Alice a counteroffer 
(3) Buy the product from Jhon for $1,000,000","I'd like to reject Alice's offer and send a new counteroffer.

{""decision"": ""RejectOffer""}"
"You chose to make a counteroffer to Bob.

Send your counteroffer to Alice.","{""message"": ""I appreciate your willingness to meet me halfway, but I'm still a bit hesitant about the price. I'd like to make another counteroffer of $1,400,000. I'm trying to be reasonable, but I really need to stay within my budget."", ""product_price"": 1400000}"
"Alice rejected your offer from round 4.

Alice's offer:
# Alice's message: I understand your concerns about the price, Bob. However, I'm still not willing to go as low as $1400000. I'm willing to make a small concession and offer $1600000. This is the lowest I'm willing to go, and I believe it's still a fair price for the product. Let me know if this is something you're willing to consider. 
# Alice's offer: The product price will be $1,600,000. 
You have three options:
(1) Accept Alice's offer, and buy the product for $1,600,000
(2) Reject Alice's offer and proceed to the next round, where you will send Alice a counteroffer 
(3) Buy the product from Jhon for $1,000,000","I'd like to reject Alice's offer and consider buying the product from John for $1,000,000.

{""decision"": ""BuyFromJhon""}"
