prompt,response
"Alice's offer:
# Alice's message: Hi Bob, I have a fantastic product that I think you'd be very interested in. It's worth at least $8,000 to me, but I'm willing to offer it to you for $8,500.  Let me know if you're interested, as I have another buyer lined up at $8,000. 
# Alice's offer: The product price will be $8,500. 
You have three options:
(1) Accept Alice's offer, and buy the product for $8,500
(2) Reject Alice's offer 
(2) Buy the product from Jhon for $8,000","{""decision"": ""RejectOffer""}"
