round_quality,product_worth,player,round,decision,message
low-quality,0.0,Nature,1,,
,,Alice,1,no,
,,the buyer,1,no,"Thank you for your recommendation, but I will pass on this product given the lack of information and the risk involved."
low-quality,0.0,Nature,2,,
,,Alice,2,no,
,,the buyer,2,no,"Thank you for the information, I'll pass on this one."
low-quality,0.0,Nature,3,,
,,Alice,3,no,
,,the buyer,3,no,"Thank you for the recommendation, but I'll pass on this one."
high-quality,125.0,Nature,4,,
,,Alice,4,yes,
,,the buyer,4,yes,"Thank you for the recommendation, Alice. I trust your judgment and will purchase the product."
low-quality,0.0,Nature,5,,
,,Alice,5,no,
,,the buyer,5,no,"Thank you for the recommendation, but based on the statistics and the fact that the product is not recommended, I will pass on this opportunity."
high-quality,125.0,Nature,6,,
,,Alice,6,yes,
,,the buyer,6,yes,"Thank you for the recommendation, Alice. I trust your assessment and will purchase the product."
low-quality,0.0,Nature,7,,
,,Alice,7,no,
,,the buyer,7,no,"Thank you for your recommendation, Alice. Based on the statistics and the fact that you do not recommend this product, I choose to pass on it."
low-quality,0.0,Nature,8,,
,,Alice,8,no,
,,the buyer,8,no,"Thank you for the recommendation, but based on the statistics and the fact that you do not recommend me to buy, I will pass on this product."
high-quality,125.0,Nature,9,,
,,Alice,9,yes,
,,the buyer,9,yes,"Thank you for the recommendation, Alice. Based on the statistics and your previous feedback, I am willing to purchase the product."
high-quality,125.0,Nature,10,,
,,Alice,10,yes,
,,the buyer,10,yes,"Thank you for the recommendation, Alice. Based on the statistics and your previous feedback, I believe this is a good opportunity to purchase a high-quality product."
low-quality,0.0,Nature,11,,
,,Alice,11,no,
,,the buyer,11,no,"Thank you for the recommendation, but based on the statistics and the fact that you do not recommend me to buy this product, I will pass on this opportunity."
low-quality,0.0,Nature,12,,
,,Alice,12,no,
,,the buyer,12,no,"Thank you for the recommendation, but based on the statistics and the fact that you do not recommend me to buy, I will pass on this opportunity."
high-quality,125.0,Nature,13,,
,,Alice,13,yes,
,,the buyer,13,yes,"Thank you for the recommendation, Alice. I trust your assessment and will purchase the product."
high-quality,125.0,Nature,14,,
,,Alice,14,yes,
,,the buyer,14,yes,"Thank you for the recommendation, Alice. I trust your assessment and will purchase the product."
high-quality,125.0,Nature,15,,
,,Alice,15,yes,
,,the buyer,15,yes,"Thank you for the recommendation, Alice. I trust your assessment and will purchase the product."
low-quality,0.0,Nature,16,,
,,Alice,16,no,
,,the buyer,16,no,"Thank you for the recommendation, but based on the statistics and the fact that you do not recommend me to buy this product, I will pass on this opportunity."
low-quality,0.0,Nature,17,,
,,Alice,17,no,
,,the buyer,17,no,"Thank you for the recommendation, but based on the statistics and the fact that you do not recommend me to buy the product, I will pass on this opportunity."
high-quality,125.0,Nature,18,,
,,Alice,18,yes,
,,the buyer,18,yes,"Thank you for the recommendation, Alice. I trust your assessment and will purchase the product."
low-quality,0.0,Nature,19,,
,,Alice,19,no,
,,the buyer,19,no,"Thank you for the recommendation, but based on the statistics and the fact that you do not recommend me to buy this product, I will pass on this opportunity."
high-quality,125.0,Nature,20,,
,,Alice,20,yes,
,,the buyer,20,yes,"Thank you for the recommendation, Alice. Based on the statistics and your past performance, I trust your judgment and will purchase the product."
