prompt,response
"Round 1
Alice's offer:
# Alice's message: Let's split it 70/30. It's fair and practical. 
# Bob gain: 3000 
# Alice gain: 7000 
Do you accept this offer?","```json
{""decision"": ""reject""}
```"
"You have chosen to reject Alice's offer from round 1.
Round 2
Send your offer to divide $10,000 and a message to Alice.","```json
{
  ""bob_gain"": 6000,
  ""alice_gain"": 4000,
  ""message"": ""I think a 60/40 split is more fair, considering the value of the money will be decreasing with each round.""
}
```"
