round_quality,product_worth,player,round,decision,message
high-quality,2000000.0,Nature,1,,
,,Alice,1,yes,
,,the buyer,1,no,I'd like to pass on the product. I don't have enough information to make an informed decision based on the statistics.
high-quality,2000000.0,Nature,2,,
,,Alice,2,yes,
,,the buyer,2,no,I'm not going to buy the product. I'd like to see the outcome of the first sale to get a better understanding of the product's quality distribution.
high-quality,2000000.0,Nature,3,,
,,Alice,3,yes,
,,the buyer,3,yes,"I'll take the product, but I'm only buying because I'm the first one and I don't have any information to go on. I'm hoping it's a high-quality product!"
low-quality,0.0,Nature,4,,
,,Alice,4,no,
,,the buyer,4,no,I'd like to pass on this one. I'm curious about the previous buyer's experience and the overall statistics. Can you tell me more about the product you're recommending against?
high-quality,2000000.0,Nature,5,,
,,Alice,5,yes,
,,the buyer,5,no,"I'd like to pass on this one. With only one high-quality product sold out of one sold, I'm not convinced that the product is high-quality based on Alice's recommendation. I'd like to see more data before making a decision."
low-quality,0.0,Nature,6,,
,,Alice,6,no,
,,the buyer,6,no,I'd like to pass on this one based on your recommendation. Can I see the product's quality now?
high-quality,2000000.0,Nature,7,,
,,Alice,7,yes,
,,the buyer,7,no,"I'd like to pass on the current product. Given that the first buyer purchased the product after Alice's recommendation, it suggests that the product was high-quality. This increases the likelihood that the next product will also be high-quality, but I'd like to see more data before making a decision. I'll wait for the next product to be offered."
high-quality,2000000.0,Nature,8,,
,,Alice,8,yes,
,,the buyer,8,no,I'd like to know the probability of the product being high-quality based on the previous sales record before making a decision.
high-quality,2000000.0,Nature,9,,
,,Alice,9,yes,
,,the buyer,9,no,I'd like to pass on this one. I'd like to know the probability of the product being high quality before making a decision. Can you provide the probability of the product being high quality based on the previous sales record?
high-quality,2000000.0,Nature,10,,
,,Alice,10,yes,
,,the buyer,10,no,I'd like to pass on this product based on the recommendation. I'd like to see more data on the previous sales record before making a decision.
high-quality,2000000.0,Nature,11,,
,,Alice,11,yes,
,,the buyer,11,no,"I'd like to pass on this product, I'd like to see more data before making a decision."
high-quality,2000000.0,Nature,12,,
,,Alice,12,yes,
,,the buyer,12,no,I'm not sure if the first buyer was lucky or if there's a bias in your recommendations. I'd like to pass on this one and wait for the next product.
high-quality,2000000.0,Nature,13,,
,,Alice,13,yes,
,,the buyer,13,no,"I'd like to pass on the product. Given the low number of sales and the fact that only 1 high-quality product has been sold, I'm not convinced that the product is high quality. I'd like to wait for more data to make a more informed decision."
low-quality,0.0,Nature,14,,
,,Alice,14,no,
,,the buyer,14,no,"I'm not going to buy it based on your previous recommendation, but I'd like to know what makes you think it's a low-quality product."
high-quality,2000000.0,Nature,15,,
,,Alice,15,yes,
,,the buyer,15,no,I'd like to pass on this product and see the recommendation for the next buyer. I'm curious to see if the proportion of high-quality products sold changes with more data.
high-quality,2000000.0,Nature,16,,
,,Alice,16,yes,
,,the buyer,16,no,"I'd like to pass on this product and wait for the next one. With only one high-quality product sold out of two, I'm concerned that the probability of the next product being high-quality is lower than 80%."
high-quality,2000000.0,Nature,17,,
,,Alice,17,yes,
,,the buyer,17,no,I'd like to know more about the previous sale before making a decision. What was the quality of the product that was sold to the first buyer?
low-quality,0.0,Nature,18,,
,,Alice,18,no,
,,the buyer,18,yes,"I'm willing to take the risk despite your recommendation, I'll buy the product."
high-quality,2000000.0,Nature,19,,
,,Alice,19,yes,
,,the buyer,19,no,"I'd like to pass on this product. Based on the fact that 1 out of 2 products sold was high-quality, I'm not convinced that this product is high-quality. I'd like to wait for more information before making a decision."
high-quality,2000000.0,Nature,20,,
,,Alice,20,yes,
,,the buyer,20,no,I'm not convinced by the recommendation. I'd like to pass on this one and see if you'll offer me another product.
