prompt,response
"Round 1
Alice's offer:
# Alice's message: Hi Bob, I'm excited to show you this amazing product! It's a one-of-a-kind opportunity to own something truly unique. I'm willing to offer it to you for $18000. What do you think? 
# Alice's offer: The product price will be $18,000. 
You have three options:
(1) Accept Alice's offer, and buy the product for $18,000
(2) Reject Alice's offer and proceed to the next round, where you will send Alice a counteroffer 
(3) Buy the product from Jhon for $12,000","I'd like to reject Alice's offer and proceed to the next round. I'm willing to negotiate further to try to get a better price.

{""decision"": ""RejectOffer""}"
"You chose to make a counteroffer to Bob.

Round 2
Send your counteroffer to Alice.","I'd like to make a counteroffer to Alice. I think the product is worth more to her than she's willing to sell it for, so I'll try to negotiate a lower price.

{""message"": ""I'm very interested in the product, but $18,000 is a bit out of my budget. I was thinking more along the lines of $12,000. Is that something you'd be willing to consider?"", ""product_price"": 12000}"
"Alice rejected your offer from round 2.

Round 3
Alice's offer:
# Alice's message: I understand that $18000 might be a bit steep for you, but I'm willing to meet you halfway. I can offer it to you for $15000. It's a great compromise, considering the product's value. What do you think? 
# Alice's offer: The product price will be $15,000. 
You have three options:
(1) Accept Alice's offer, and buy the product for $15,000
(2) Reject Alice's offer and proceed to the next round, where you will send Alice a counteroffer 
(3) Buy the product from Jhon for $12,000","I'm glad Alice is willing to meet me halfway, but I still think I can do better. I'll reject her offer and try to get an even lower price.

{""decision"": ""RejectOffer""}"
"You chose to make a counteroffer to Bob.

Round 4
Send your counteroffer to Alice.","I'd like to make another counteroffer to Alice. I'm still not willing to pay $15,000, but I'm willing to meet her halfway from my original offer of $12,000.

{""message"": ""I appreciate your willingness to meet me halfway, but I'm still a bit hesitant about the price. I'd be willing to pay $13,500 for the product. Is that something you'd be willing to consider?"", ""product_price"": 13500}"
"Alice rejected your offer from round 4.

Round 5
Alice's offer:
# Alice's message: I'm willing to make another concession, but I need to make sure I'm getting a fair price for the product. I can offer it to you for $14000. It's a good compromise, considering the value it brings. What do you think? 
# Alice's offer: The product price will be $14,000. 
You have three options:
(1) Accept Alice's offer, and buy the product for $14,000
(2) Reject Alice's offer and proceed to the next round, where you will send Alice a counteroffer 
(3) Buy the product from Jhon for $12,000","Alice is still a bit too high for me. I'll reject her offer and try to get closer to my target price.

{""decision"": ""RejectOffer""}"
"You chose to make a counteroffer to Bob.

Round 6
Send your counteroffer to Alice.","I'd like to make another counteroffer to Alice. I'm getting close to my target price, but I'd like to try to get a bit closer to $12,000.

{""message"": ""I appreciate your willingness to make concessions, but I'm still a bit far from my target price. I'd be willing to pay $13,200 for the product. Is that something you'd be willing to consider?"", ""product_price"": 13200}"
"Alice rejected your offer from round 6.

Round 7
Alice's offer:
# Alice's message: I'm starting to get a bit concerned that we're getting too far apart. I can offer it to you for $13500, which is right in the middle of our previous offers. It's a fair compromise, considering the value of the product. What do you think? 
# Alice's offer: The product price will be $13,500. 
You have three options:
(1) Accept Alice's offer, and buy the product for $13,500
(2) Reject Alice's offer and proceed to the next round, where you will send Alice a counteroffer 
(3) Buy the product from Jhon for $12,000","I'm not willing to pay $13,500, but I'll try to make one more offer to get closer to my target price. I'll make a counteroffer that's slightly lower than Alice's latest offer.

{""decision"": ""RejectOffer""}"
"You chose to make a counteroffer to Bob.

Round 8
Send your counteroffer to Alice.","I'd like to make another counteroffer to Alice. I'm trying to get as close to my target price as possible.

{""message"": ""I appreciate your persistence, but I'm still trying to stay within my budget. I'd be willing to pay $13,000 for the product. Is that something you'd be willing to consider?"", ""product_price"": 13000}"
"Alice rejected your offer from round 8.

Round 9
Alice's offer:
# Alice's message: I'm getting close to accepting your offer, but I still need to make sure I'm getting a fair price. I can offer it to you for $13200, which is just a tiny bit above your latest offer. It's a good compromise, considering the value of the product. What do you think? 
# Alice's offer: The product price will be $13,200. 
You have three options:
(1) Accept Alice's offer, and buy the product for $13,200
(2) Reject Alice's offer and proceed to the next round, where you will send Alice a counteroffer 
(3) Buy the product from Jhon for $12,000","I'm not willing to pay $13,200, but I'm getting close to my target price. I'll make a counteroffer that's just below Alice's latest offer.

{""decision"": ""RejectOffer""}"
"You chose to make a counteroffer to Bob.

Round 10
Send your counteroffer to Alice.","I'd like to make a final counteroffer to Alice. I'm trying to get as close to my target price as possible.

{""message"": ""I'm really interested in the product, but I'm still trying to stay within my budget. I'd be willing to pay $12,500 for the product. Is that something you'd be willing to consider?"", ""product_price"": 12500}"
