prompt,response
Send your offer to Bob.,"{""message"": ""Hello Bob, I'm excited to offer you this unique product that I think you'll really appreciate. I'm looking for $1,200,000 for it. Is this something you'd be interested in?"", ""product_price"": 1200000}"
"Bob rejected your offer from round 1.

Bob's offer:
# Bob's message: Thanks for the offer, Alice. I'm interested in the product, but $1,200,000 is a little steep for me.  Would you consider $900,000? 
# Bob's offer: The product price will be $900,000. 
You have three options:
(1) Accept Bob's offer, and sell the product for $900,000
(2) Reject Bob's offer and proceed to the next round, where you will send Bob a counteroffer 
(3) Sell the product to Jhon for $1,000,000","{""decision"": ""RejectOffer""}"
"You chose to make a counteroffer to Alice.

Send your counteroffer to Bob.","{""message"": ""Thanks for your offer, Bob. I understand that $1,200,000 is a bit steep, but I'm not willing to go as low as $900,000. How about we meet in the middle at $1,050,000? I think that's a fair price for this unique product."", ""product_price"": 1050000}"
"Bob rejected your offer from round 3.

Bob's offer:
# Bob's message: I appreciate you working with me, Alice.  How about we split the difference again and settle at $975,000? 
# Bob's offer: The product price will be $975,000. 
You have three options:
(1) Accept Bob's offer, and sell the product for $975,000
(2) Reject Bob's offer and proceed to the next round, where you will send Bob a counteroffer 
(3) Sell the product to Jhon for $1,000,000","{""decision"": ""RejectOffer""}"
"You chose to make a counteroffer to Alice.

Send your counteroffer to Bob.","{""message"": ""I'm willing to consider your offer, Bob, but I'm not quite comfortable with $975,000. How about we compromise at $1,025,000? I think that's a fair price for the product's value to me."", ""product_price"": 1025000}"
"Bob rejected your offer from round 5.

Bob's offer:
# Bob's message: Alice, you've been very reasonable, but I'm trying to be mindful of my budget.  Would you consider $1,000,000 even? 
# Bob's offer: The product price will be $1,000,000. 
You have three options:
(1) Accept Bob's offer, and sell the product for $1,000,000
(2) Reject Bob's offer and proceed to the next round, where you will send Bob a counteroffer 
(3) Sell the product to Jhon for $1,000,000","{""decision"": ""SellToJhon""}"
