prompt,response
"Round 1
Send your offer to Bob.","```json
{
""message"": ""Hi Bob, thanks for your interest in the product. I'm happy to start the negotiations at $1,500,000. I believe this price reflects the true value of what's being offered."",
""product_price"": 1500000
}
```"
"Bob rejected your offer from round 1.

Round 2
Bob's offer:
# Bob's message: Hi Alice, thanks for the offer.  That starting price is a bit high for me. I'd be willing to pay $800,000 for the product. 
# Bob's offer: The product price will be $800,000. 
You have three options:
(1) Accept Bob's offer, and sell the product for $800,000
(2) Reject Bob's offer and proceed to the next round, where you will send Bob a counteroffer 
(3) Sell the product to Jhon for $1,200,000","```json
{""decision"": ""RejectOffer""}
```"
"You chose to make a counteroffer to Alice.

Round 3
Send your counteroffer to Bob.","```json
{
""message"": ""Bob, I appreciate your willingness to negotiate. However, $800,000 is significantly below its true value. I'm willing to come down to $1,350,000. I'm confident this offer represents a fair deal for both of us."", 
""product_price"": 1350000
}
```"
"Bob rejected your offer from round 3.

Round 4
Bob's offer:
# Bob's message: Alice, I appreciate you coming down on the price, but $1,350,000 is still more than I'm comfortable with. How about we meet in the middle at $1,000,000?  This would be a clean deal for both of us. 
# Bob's offer: The product price will be $1,000,000. 
You have three options:
(1) Accept Bob's offer, and sell the product for $1,000,000
(2) Reject Bob's offer and proceed to the next round, where you will send Bob a counteroffer 
(3) Sell the product to Jhon for $1,200,000","```json
{""decision"": ""AcceptOffer""}
```"
