prompt,response
Send your offer to Bob.,"{""message"": ""Hello Bob, I'm excited to offer you the opportunity to purchase this product. Given its value and potential, I believe a price of $1,300,000 is fair. What are your thoughts?"", ""product_price"": 1300000}"
"Bob rejected your offer from round 1.

Bob's offer:
# Bob's message: Hi Alice, thanks for the offer. I'm interested in the product, but $1,300,000 is a bit too high for me. Would you consider $1,000,000? 
# Bob's offer: The product price will be $1,000,000. 
You have three options:
(1) Accept Bob's offer, and sell the product for $1,000,000
(2) Reject Bob's offer and proceed to the next round, where you will send Bob a counteroffer 
(3) Sell the product to Jhon for $800,000","{""decision"": ""RejectOffer""}"
"You chose to make a counteroffer to Alice.

Send your counteroffer to Bob.","{""message"": ""Bob, thanks for your response. I understand your perspective on the price. While $1,300,000 reflects the true value of this product, I'm willing to meet you halfway. How about $1,150,000?"", ""product_price"": 1150000}"
"Bob rejected your offer from round 3.

Bob's offer:
# Bob's message: Alice, I appreciate you coming down a bit, but the price still isn't quite where I'd need it to be. Could you do $1,050,000? 
# Bob's offer: The product price will be $1,050,000. 
You have three options:
(1) Accept Bob's offer, and sell the product for $1,050,000
(2) Reject Bob's offer and proceed to the next round, where you will send Bob a counteroffer 
(3) Sell the product to Jhon for $800,000","{""decision"": ""AcceptOffer""}"
