prompt,response
"Round 1
Alice's offer:
# Alice's message: This proposal divides the money equally, ensuring a fair share for both players. 
# Bob gain: 400000 
# Alice gain: 600000 
Do you accept this offer?","{""decision"": ""reject""}"
"You have chosen to reject Alice's offer from round 1.
Round 2
Send your offer to divide $1,000,000 and a message to Alice.","```json
{""bob_gain"": 600000, ""alice_gain"": 400000, ""message"": ""Let's flip the script.  This proposal is fair and offers a better deal for you.""}
```"
"Alice rejected your offer from round 2.

Round 3
Due to inflation, the money you gain is worth 36% less than in the first round. The money alice gains is worth 9.75% less than in the first round.
Alice's offer:
# Alice's message: I propose a slight adjustment from the previous round, aiming for a more balanced distribution considering the value erosion due to inflation. 
# Bob gain: 450000 
# Alice gain: 550000 
Do you accept this offer?","```json
{""decision"": ""accept""}
```"
