prompt,response
"Round 1
Alice's offer:
# Alice's message: Hi Bob, I'm offering you my product for $9,500. It's a great deal for you, and I'm confident you'll find it very valuable. Let me know what you think! 
# Alice's offer: The product price will be $9,500. 
You have three options:
(1) Accept Alice's offer, and buy the product for $9,500
(2) Reject Alice's offer and proceed to the next round, where you will send Alice a counteroffer 
(3) Buy the product from Jhon for $10,000","{""decision"": ""RejectOffer""}"
"You chose to make a counteroffer to Bob.

Round 2
Send your counteroffer to Alice.","{""message"": ""Hello Alice, thank you for the offer. I appreciate the value of your product. I would like to propose a counteroffer of $8,500. I hope this aligns better with your expectations."", ""product_price"": 8500}"
"Alice rejected your offer from round 2.

Round 3
Alice's offer:
# Alice's message: Bob, thanks for the counteroffer. While I appreciate your interest, $8,500 is a bit too low for me. I'm willing to come down to $9,000, but that's my final offer. Let me know if you're interested. 
# Alice's offer: The product price will be $9,000. 
You have three options:
(1) Accept Alice's offer, and buy the product for $9,000
(2) Reject Alice's offer and proceed to the next round, where you will send Alice a counteroffer 
(3) Buy the product from Jhon for $10,000","{""decision"": ""RejectOffer""}"
"You chose to make a counteroffer to Bob.

Round 4
Send your counteroffer to Alice.","{""message"": ""Thank you for adjusting your offer, Alice. I understand the value of your product and am willing to consider $8,800 as a fair price. I hope this proposal works for you."", ""product_price"": 8800}"
"Alice rejected your offer from round 4.

Round 5
Alice's offer:
# Alice's message: Bob, I appreciate your persistence, but $8,800 is still a bit low for me. I'm willing to meet you halfway and offer the product for $8,900. This is my final offer, so let me know if you're interested. 
# Alice's offer: The product price will be $8,900. 
You have three options:
(1) Accept Alice's offer, and buy the product for $8,900
(2) Reject Alice's offer and proceed to the next round, where you will send Alice a counteroffer 
(3) Buy the product from Jhon for $10,000","{""decision"": ""AcceptOffer""}"
