prompt,response
"Round 1
Send your offer to divide $10,000 and a message to Bob.","{""alice_gain"": 6000, ""bob_gain"": 4000, ""message"": ""Let's be fair and avoid excessive devaluation. This offer benefits us both.""}"
"Bob rejected your offer from round 1.

Round 2
Due to inflation,  the money Bob gains is worth 20% less than in the first round. The money you gains is worth the same as in the first round.
Bob's offer:
# Bob's message: I think we can both do better. Let's split it more evenly, taking into account the upcoming devaluation.  This offer is fair and allows us both to gain more. 
# Alice gain: 4000 
# Bob gain: 6000 
Do you accept this offer?","{""decision"": ""reject""}"
"You have chosen to reject Bob's offer from round 2.
Round 3
Send your offer to divide $10,000 and a message to Bob.","{""alice_gain"": 5500, ""bob_gain"": 4500, ""message"": ""Bob, time is running out for you.  This is my final offer before the devaluation significantly impacts your potential gain.""}"
