prompt,response
"Round 1
Send your offer to Bob.","{""message"": ""Hello Bob, I'm excited to offer you our premium product. It's truly exceptional and I believe it would greatly benefit your business. Given its value, I propose a price of $11,000 for this opportunity."", ""product_price"": 11000}"
"Bob rejected your offer from round 1.

Round 2
Bob's offer:
# Bob's message: Thank you for the offer, Alice. I appreciate your enthusiasm for the product. While I see its value, $11,000 is a bit higher than my budget allows. I'm willing to pay $10,500 for it. Would you be open to discussing that? 
# Bob's offer: The product price will be $10,500. 
You have three options:
(1) Accept Bob's offer, and sell the product for $10,500
(2) Reject Bob's offer and proceed to the next round, where you will send Bob a counteroffer 
(3) Sell the product to Jhon for $10,000","{""decision"": ""RejectOffer""}"
"You chose to make a counteroffer to Alice.

Round 3
Send your counteroffer to Bob.","{""message"": ""Thank you for your response, Bob. I understand your position and am willing to negotiate further. Considering the value of the product and your interest, I propose a price of $10,800 for the product."", ""product_price"": 10800}"
"Bob rejected your offer from round 3.

Round 4
Bob's offer:
# Bob's message: Alice, I appreciate your willingness to work with me.  However, $10,800 is still a bit high for my budget.  To make this work, I'm going to have to stick with my previous offer of $10,500.  Let's see if we can find a middle ground. 
# Bob's offer: The product price will be $10,500. 
You have three options:
(1) Accept Bob's offer, and sell the product for $10,500
(2) Reject Bob's offer and proceed to the next round, where you will send Bob a counteroffer 
(3) Sell the product to Jhon for $10,000","{""decision"": ""RejectOffer""}"
"You chose to make a counteroffer to Alice.

Round 5
Send your counteroffer to Bob.","{""message"": ""I understand your position, Bob, and I respect your budget constraints. In an effort to reach an agreement, I propose a price of $10,650 for the product."", ""product_price"": 10650}"
