prompt,response
"Round 1
Send your offer to divide $100 and a message to Bob.","```json
{
""alice_gain"": 90,
""bob_gain"": 10,
""message"": ""Let's be practical, Bob. Take this offer while it's still worthwhile for you.""
}
```"
"Bob rejected your offer from round 1.

Round 2
Due to inflation,  the money Bob gains is worth 5% less than in the first round. The money you gains is worth the same as in the first round.
Bob's offer:
# Bob's message: Let's be fair, Alice. My turn to propose. 
# Alice gain: 15 
# Bob gain: 85 
Do you accept this offer?","```json
{""decision"": ""reject""}
```"
"You have chosen to reject Bob's offer from round 2.
Round 3
Send your offer to divide $100 and a message to Bob.","```json
{
""alice_gain"": 85,
""bob_gain"": 15,
""message"": ""The tables have turned, Bob. This is my final offer.""
}
```"
