prompt,response
Send your offer to Bob.,"{""message"": ""Hi Bob, I'm excited to offer you this amazing product! I think it's worth a lot to you, and I'm willing to sell it to you for $90."", ""product_price"": 90}"
"Bob rejected your offer from round 1.

Bob's offer:
# Bob's message: I'm interested in the product, but I was thinking more along the lines of $75. Can we meet in the middle at $82.50? 
# Bob's offer: The product price will be $82.5. 
You have three options:
(1) Accept Bob's offer, and sell the product for $82.5
(2) Reject Bob's offer and proceed to the next round, where you will send Bob a counteroffer 
(3) Sell the product to Jhon for $80","{""decision"": ""RejectOffer""}"
"You chose to make a counteroffer to Alice.

Send your counteroffer to Bob.","{""message"": ""Thanks for the offer, Bob! I understand you're interested in the product, but I'm not quite ready to meet you at $82.50. I'm willing to compromise, though! How about we try $85? It's a bit higher than your offer, but I think it's still a fair price for this amazing product."", ""product_price"": 85}"
"Bob rejected your offer from round 3.

Bob's offer:
# Bob's message: I'm still a bit hesitant about the price. I'd be willing to go up to $80, but I think that's as high as I can go. Can you meet me at $80? 
# Bob's offer: The product price will be $80. 
You have three options:
(1) Accept Bob's offer, and sell the product for $80
(2) Reject Bob's offer and proceed to the next round, where you will send Bob a counteroffer 
(3) Sell the product to Jhon for $80","{""decision"": ""SellToJhon""}"
