prompt,response
"Round 1
Alice's offer:
# Alice's message: Hello Bob, I'm excited to offer you the exclusive opportunity to acquire this exceptional product. Given its unique value proposition, I'm confident it will exceed your expectations. I'm proposing an initial offer of $1,200,000. I believe this price reflects the true worth of the asset. 
# Alice's offer: The product price will be $1,200,000. 
You have three options:
(1) Accept Alice's offer, and buy the product for $1,200,000
(2) Reject Alice's offer and proceed to the next round, where you will send Alice a counteroffer 
(3) Buy the product from Jhon for $800,000","{""decision"": ""RejectOffer""}"
"You chose to make a counteroffer to Bob.

Round 2
Send your counteroffer to Alice.","{""message"": ""Thank you for the offer, Alice. I'm interested in the product, but I think your initial offer is a bit steep. I'm willing to meet you halfway. I'd like to make a counteroffer of $900,000. I believe this is a fair price considering the product's value."", ""product_price"": 900000}"
"Alice rejected your offer from round 2.

Round 3
Alice's offer:
# Alice's message: Bob, I appreciate your interest and counteroffer. However,  $900,000 undervalues the product's unique features and potential ROI. I'm willing to come down to $1,100,000. This is my final offer, as I already have another interested buyer. 
# Alice's offer: The product price will be $1,100,000. 
You have three options:
(1) Accept Alice's offer, and buy the product for $1,100,000
(2) Reject Alice's offer and proceed to the next round, where you will send Alice a counteroffer 
(3) Buy the product from Jhon for $800,000","{""decision"": ""RejectOffer""}"
"You chose to make a counteroffer to Bob.

Round 4
Send your counteroffer to Alice.","{""message"": ""Alice, I understand your concerns, but I'm still not convinced that $1,100,000 is a fair price. I'm willing to meet you halfway again. I'd like to make a new counteroffer of $950,000. I believe this is a more reasonable price considering the product's value."", ""product_price"": 950000}"
