prompt,response
Send your offer to Bob.,"{""message"": ""I'm excited to offer you this incredible opportunity to purchase a unique product. I believe it's a game-changer and I'm confident you'll love it. I'm willing to let it go for $1,100,000."", ""product_price"": 1100000}"
