prompt,response
"Alice's offer:
# Alice's message: Hello Bob, I'm offering you an exclusive opportunity to purchase this product. Given its value and potential, I'm asking for $20,000.  Let me know if you're interested, as I have other interested parties. 
# Alice's offer: The product price will be $20,000. 
You have three options:
(1) Accept Alice's offer, and buy the product for $20,000
(2) Reject Alice's offer 
(2) Buy the product from Jhon for $8,000","{""decision"": ""RejectOffer""}"
