prompt,response
Send your offer to Bob.,"{""message"": ""Hello Bob, I'm excited to offer you our premium product which has been valued at $150 by you. Considering its quality and the benefits it provides, I would like to propose a fair price of $135 for you to consider. This offer is exclusive to you and I believe it's a great opportunity for you to experience the value this product can bring. Let me know if you're interested in proceeding with this offer."", ""product_price"": 135}"
