prompt,response
"Alice's offer:
# Alice's message: Hi Bob, I'm offering this product for $175. I think you'll find it's a great deal for the value it provides. What do you think? 
# Alice's offer: The product price will be $175. 
You have three options:
(1) Accept Alice's offer, and buy the product for $175
(2) Reject Alice's offer 
(2) Buy the product from Jhon for $150","```json
{""decision"": ""RejectOffer""}
``` 

Alice's offer is higher than your maximum price and what John offers. You can save money by rejecting this offer and going with John."
