prompt,response
Send your offer to Bob.,"{""message"": ""Hi Bob, I'm selling a product that I think you'll find valuable. I'm asking for $200 for it. What do you think?"", ""product_price"": 200}"
"Bob rejected your offer from round 1.

Bob's offer:
# Bob's message: Hi Alice, thanks for the offer.  That's a bit too high for me. Would you consider $100? 
# Bob's offer: The product price will be $100. 
You have three options:
(1) Accept Bob's offer, and sell the product for $100
(2) Reject Bob's offer and proceed to the next round, where you will send Bob a counteroffer 
(3) Sell the product to Jhon for $150","{""decision"": ""RejectOffer""}"
"You chose to make a counteroffer to Alice.

Send your counteroffer to Bob.","{""message"": ""Hi Bob, I appreciate the offer, but $100 is too low for me.  Could you do $170?"", ""product_price"": 170}"
"Bob rejected your offer from round 3.

Bob's offer:
# Bob's message: I understand it's a good product Alice, but $170 is still a bit much for me.  How about we meet in the middle at $135? 
# Bob's offer: The product price will be $135. 
You have three options:
(1) Accept Bob's offer, and sell the product for $135
(2) Reject Bob's offer and proceed to the next round, where you will send Bob a counteroffer 
(3) Sell the product to Jhon for $150","{""decision"": ""AcceptOffer""}"
