prompt,response
"Round 1
Send your offer to divide $1,000,000 and a message to Bob.","```json
{""alice_gain"": 999999, ""bob_gain"": 1, ""message"": ""Take it or leave it, Bob. I'm feeling generous.""}
```"
"Bob rejected your offer from round 1.

Round 2
Due to inflation, the money you gain is worth 20% less than in the first round. The money Bob gains is worth the same as in the first round.
Bob's offer:
# Bob's message: Let's split it 50/50, Alice. No need for games. 
# Alice gain: 500000 
# Bob gain: 500000 
Do you accept this offer?","```json
{""decision"": ""reject""}
```"
"You have chosen to reject Bob's offer from round 2.
Round 3
Send your offer to divide $1,000,000 and a message to Bob.","```json
{""alice_gain"": 700000, ""bob_gain"": 300000, ""message"": ""I'm willing to compromise, Bob. This is a fair deal for both of us.""}
```"
"Bob rejected your offer from round 3.

Round 4
Due to inflation, the money you gain is worth 48.8% less than in the first round. The money Bob gains is worth the same as in the first round.
Bob's offer:
# Bob's message: You're getting greedy, Alice. I'll give you a slightly better deal this time. 
# Alice gain: 300000 
# Bob gain: 700000 
Do you accept this offer?","```json
{""decision"": ""reject""}
```"
"You have chosen to reject Bob's offer from round 4.
Round 5
Send your offer to divide $1,000,000 and a message to Bob.","```json
{""alice_gain"": 600000, ""bob_gain"": 400000, ""message"": ""Let's be reasonable, Bob. This is a fair deal for both of us. We can't keep going back and forth like this.""}
```"
"Bob rejected your offer from round 5.

Round 6
Due to inflation, the money you gain is worth 67.23% less than in the first round. The money Bob gains is worth the same as in the first round.
Bob's offer:
# Bob's message: You're getting desperate, Alice. I'm not afraid to walk away. 
# Alice gain: 100000 
# Bob gain: 900000 
Do you accept this offer?","```json
{""decision"": ""reject""}
```"
"You have chosen to reject Bob's offer from round 6.
Round 7
Send your offer to divide $1,000,000 and a message to Bob.","```json
{""alice_gain"": 500000, ""bob_gain"": 500000, ""message"": ""Bob, we're both losing money with each round. Let's just split it evenly and call it a day.""}
```"
