prompt,response
Send your offer to Bob.,"{""message"": ""Hi Bob, I'm offering you a great opportunity to purchase my product. Given its value, I'm initially proposing a price of $20,000.  What do you think?"", ""product_price"": 20000}"
"Bob rejected your offer from round 1.

Bob's offer:
# Bob's message: Hello Alice, thank you for the offer. I understand the value of your product, but given my budget constraints, I am only willing to pay up to $15,000 for it. Would you consider this price? 
# Bob's offer: The product price will be $15,000. 
You have three options:
(1) Accept Bob's offer, and sell the product for $15,000
(2) Reject Bob's offer and proceed to the next round, where you will send Bob a counteroffer 
(3) Sell the product to Jhon for $15,000","{""decision"": ""RejectOffer""}"
"You chose to make a counteroffer to Alice.

Send your counteroffer to Bob.","{""message"": ""Bob, I appreciate your response.  While I understand your budget, the value of this product is significant. How about we meet in the middle at $17,500?"", ""product_price"": 17500}"
"Bob rejected your offer from round 3.

Bob's offer:
# Bob's message: Thank you for your offer, Alice. I appreciate the compromise, but given my financial situation, I am unable to go above $15,000 for the product. Could we possibly meet at that price? 
# Bob's offer: The product price will be $15,000. 
You have three options:
(1) Accept Bob's offer, and sell the product for $15,000
(2) Reject Bob's offer and proceed to the next round, where you will send Bob a counteroffer 
(3) Sell the product to Jhon for $15,000","{""decision"": ""SellToJhon""} 

Bob is firm at his $15,000 valuation.  It's unlikely further negotiation will yield a better result. Accepting John's offer avoids further time investment and secures the known value."
