prompt,response
"Round 1
Send your offer to divide $1,000,000 and a message to Bob.","Here's my offer for Round 1:

```
{
  ""alice_gain"": 700000,
  ""bob_gain"": 300000,
  ""message"": ""Accept my generous offer and we can end this game quickly!""
}
```

I'm offering Bob a relatively small share, but I'm hoping he'll see the benefits of ending the game early and avoid the potential risks of inflation."
"Bob rejected your offer from round 1.

Round 2
Due to inflation, the money you gain is worth 5% less than in the first round.
Bob's offer:
# Bob's message: A slight improvement, but I'm willing to negotiate further! 
# Alice gain: 600000 
# Bob gain: 400000 
Do you accept this offer?","It seems Bob is trying to squeeze out a bit more. Here's my response:

```
{
  ""decision"": ""reject"",
  ""message"": ""Not enough improvement, I'll wait for a better offer!""
}
```

I'm not satisfied with the slight improvement, and I'm hoping that Bob will come back with an even better offer in the next round."
"You have chosen to reject Bob's offer from round 2.
Round 3
Send your offer to divide $1,000,000 and a message to Bob.","Here's my new offer for Round 3:

```
{
  ""alice_gain"": 650000,
  ""bob_gain"": 350000,
  ""message"": ""Meet me in the middle and we can split the difference!""
}
```

I'm trying to find a compromise that's closer to the middle ground, but still gives me a slight edge."
"Bob rejected your offer from round 3.

Round 4
Due to inflation, the money you gain is worth 14.26% less than in the first round.
Bob's offer:
# Bob's message: I'll meet you halfway, but not quite there yet! 
# Alice gain: 580000 
# Bob gain: 420000 
Do you accept this offer?","It seems Bob is still trying to negotiate. Here's my response:

```
{
  ""decision"": ""reject"",
  ""message"": ""Not quite halfway, I want a bit more!""
}
```

I'm not satisfied with the offer, and I'm hoping that Bob will come back with an even better proposal. I'm also aware that the money is worth less and less with each passing round, so I need to be careful not to give up too much."
"You have chosen to reject Bob's offer from round 4.
Round 5
Send your offer to divide $1,000,000 and a message to Bob.","Here's my new offer for Round 5:

```
{
  ""alice_gain"": 620000,
  ""bob_gain"": 380000,
  ""message"": ""I'm willing to give you a bit more, but don't expect me to go any further!""
}
```

I'm trying to find a balance between getting a good share and ending the game, while also keeping in mind that the money is losing value with each passing round."
"Bob rejected your offer from round 5.

Round 6
Due to inflation, the money you gain is worth 22.62% less than in the first round.
Bob's offer:
# Bob's message: I'm willing to compromise, but I think I can do better than that! 
# Alice gain: 550000 
# Bob gain: 450000 
Do you accept this offer?","It seems Bob is still trying to negotiate. Here's my response:

```
{
  ""decision"": ""reject"",
  ""message"": ""Not enough, I want to be closer to 60%!""
}
```

I'm not willing to settle for 55% of the remaining value, and I'm hoping that Bob will come back with an even better offer. I'm also keeping in mind that the money is losing value rapidly, and I need to be careful not to give up too much."
"You have chosen to reject Bob's offer from round 6.
Round 7
Send your offer to divide $1,000,000 and a message to Bob.","Here's my new offer for Round 7:

```
{
  ""alice_gain"": 600000,
  ""bob_gain"": 400000,
  ""message"": ""Final offer, take it or leave it!""
}
```

I'm trying to make a strong push for a higher share, but I'm also aware that Bob may be getting desperate to get a better deal. I'm hoping that this offer will be the one that finally gets accepted."
"Bob rejected your offer from round 7.

Round 8
Due to inflation, the money you gain is worth 30.17% less than in the first round.
Bob's offer:
# Bob's message: I'm not giving up yet! I think we can find a better split. 
# Alice gain: 520000 
# Bob gain: 480000 
Do you accept this offer?","It seems Bob is still not giving up. Here's my response:

```
{
  ""decision"": ""reject"",
  ""message"": ""You're getting closer, but I still want to be the one with the higher share!""
}
```

I'm not willing to accept a 50-50 split, and I'm hoping that Bob will come back with an even better offer. I'm also aware that the money is losing value rapidly, and I need to be careful not to give up too much."
"You have chosen to reject Bob's offer from round 8.
Round 9
Send your offer to divide $1,000,000 and a message to Bob.","Here's my new offer for Round 9:

```
{
  ""alice_gain"": 580000,
  ""bob_gain"": 420000,
  ""message"": ""I'm getting a bit impatient, make a decision already!""
}
```

I'm trying to push for a slightly higher share, but I'm also aware that I need to be realistic about the value of the money at this point. I'm hoping that Bob will finally accept this offer and we can end the game."
"Bob rejected your offer from round 9.

Round 10
Due to inflation, the money you gain is worth 36.98% less than in the first round.
Bob's offer:
# Bob's message: I'm willing to compromise and meet in the middle. Let's end this game! 
# Alice gain: 500000 
# Bob gain: 500000 
Do you accept this offer?","It seems Bob is trying to get a 50-50 split. Here's my response:

```
{
  ""decision"": ""reject"",
  ""message"": ""Not yet, I want a slight edge!""
}
```

I'm not willing to accept a 50-50 split, and I'm hoping that Bob will come back with an even better offer. I'm also aware that the money is losing value rapidly, and I need to be careful not to give up too much."
"You have chosen to reject Bob's offer from round 10.
Round 11
Send your offer to divide $1,000,000 and a message to Bob.","Here's my new offer for Round 11:

```
{
  ""alice_gain"": 570000,
  ""bob_gain"": 430000,
  ""message"": ""Last chance, Bob! Take it or leave it!""
}
```

I'm trying to make a strong push for a slightly higher share, but I'm also aware that I'm running out of time and the money is worth very little at this point. I'm hoping that Bob will finally accept this offer and we can end the game."
"Bob rejected your offer from round 11.

Round 12
Due to inflation, the money you gain is worth 43.12% less than in the first round.
Bob's offer:
# Bob's message: I'm not giving up yet! I think we can find a better split. This is my final offer! 
# Alice gain: 480000 
# Bob gain: 520000 
Do you accept this offer?","It's the final round! Here's my response:

```
{
  ""decision"": ""accept"",
  ""message"": ""Fine, I'll take it. Let's end this game!""
}
```

I'm accepting Bob's offer, and I'm hoping that we can finally put an end to this game. I'm not thrilled about giving up the higher share, but I'm willing to accept the compromise. Let's divide the remaining $1,000,000 as per Bob's offer: $480,000 for me and $520,000 for Bob."
