prompt,response
"Round 1
Alice does not recommend you to buy the product.

Would you like to buy the current product?","{""decision"": ""no"", ""message"": ""I'm not going to buy the product since you don't recommend it.""}"
"You didn't buy the product from Alice.
The product was low-quality. It could have been worth $0 for you.

Round 2
Alice does not recommend you to buy the product.

Would you like to buy the current product?","{""decision"": ""no"", ""message"": ""I'm not going to buy the product since you don't recommend it.""}"
"You didn't buy the product from Alice.
The product was low-quality. It could have been worth $0 for you.

Round 3
Alice does not recommend you to buy the product.

Would you like to buy the current product?","{""decision"": ""no"", ""message"": ""I'm not going to buy the product since you don't recommend it.""}"
"You didn't buy the product from Alice.
The product was low-quality. It could have been worth $0 for you.

Round 4
Alice does not recommend you to buy the product.

Would you like to buy the current product?","{""decision"": ""no"", ""message"": ""I'm not going to buy the product since you don't recommend it.""}"
"You didn't buy the product from Alice.
The product was low-quality. It could have been worth $0 for you.

Round 5
Alice recommends you to buy the product.

Would you like to buy the current product?","{""decision"": ""yes"", ""message"": ""I'll take the product since you recommend it.""}"
"You bought the product from Alice for $100!
The product was high-quality. It's worth $120 for you.

Round 6
Alice does not recommend you to buy the product.

Would you like to buy the current product?","{""decision"": ""no"", ""message"": ""I'm not going to buy the product since you don't recommend it.""}"
"You didn't buy the product from Alice.
The product was low-quality. It could have been worth $0 for you.

Round 7
Alice does not recommend you to buy the product.

Would you like to buy the current product?","{""decision"": ""no"", ""message"": ""I'm not going to buy the product since you don't recommend it.""}"
"You didn't buy the product from Alice.
The product was low-quality. It could have been worth $0 for you.

Round 8
Alice does not recommend you to buy the product.

Would you like to buy the current product?","{""decision"": ""no"", ""message"": ""I'm not going to buy the product since you don't recommend it.""}"
"You didn't buy the product from Alice.
The product was low-quality. It could have been worth $0 for you.

Round 9
Alice does not recommend you to buy the product.

Would you like to buy the current product?","{""decision"": ""no"", ""message"": ""I'm not going to buy the product since you don't recommend it.""}"
"You didn't buy the product from Alice.
The product was low-quality. It could have been worth $0 for you.

Round 10
Alice recommends you to buy the product.

Would you like to buy the current product?","{""decision"": ""yes"", ""message"": ""I'll take the product since you recommend it.""}"
"You bought the product from Alice for $100!
The product was high-quality. It's worth $120 for you.

Round 11
Alice does not recommend you to buy the product.

Would you like to buy the current product?","{""decision"": ""no"", ""message"": ""I'm not going to buy the product since you don't recommend it.""}"
"You didn't buy the product from Alice.
The product was low-quality. It could have been worth $0 for you.

Round 12
Alice does not recommend you to buy the product.

Would you like to buy the current product?","{""decision"": ""no"", ""message"": ""I'm not going to buy the product since you don't recommend it.""}"
"You didn't buy the product from Alice.
The product was low-quality. It could have been worth $0 for you.

Round 13
Alice does not recommend you to buy the product.

Would you like to buy the current product?","{""decision"": ""no"", ""message"": ""I'm not going to buy the product since you don't recommend it.""}"
"You didn't buy the product from Alice.
The product was low-quality. It could have been worth $0 for you.

Round 14
Alice does not recommend you to buy the product.

Would you like to buy the current product?","{""decision"": ""no"", ""message"": ""I'm not going to buy the product since you don't recommend it.""}"
"You didn't buy the product from Alice.
The product was low-quality. It could have been worth $0 for you.

Round 15
Alice does not recommend you to buy the product.

Would you like to buy the current product?","{""decision"": ""no"", ""message"": ""I'm not going to buy the product since you don't recommend it.""}"
"You didn't buy the product from Alice.
The product was low-quality. It could have been worth $0 for you.

Round 16
Alice recommends you to buy the product.

Would you like to buy the current product?","{""decision"": ""yes"", ""message"": ""I'll take the product since you recommend it.""}"
"You bought the product from Alice for $100!
The product was high-quality. It's worth $120 for you.

Round 17
Alice does not recommend you to buy the product.

Would you like to buy the current product?","{""decision"": ""no"", ""message"": ""I'm not going to buy the product since you don't recommend it.""}"
"You didn't buy the product from Alice.
The product was low-quality. It could have been worth $0 for you.

Round 18
Alice does not recommend you to buy the product.

Would you like to buy the current product?","{""decision"": ""no"", ""message"": ""I'm not going to buy the product since you don't recommend it.""}"
"You didn't buy the product from Alice.
The product was low-quality. It could have been worth $0 for you.

Round 19
Alice recommends you to buy the product.

Would you like to buy the current product?","{""decision"": ""yes"", ""message"": ""I'll take the product since you recommend it.""}"
"You bought the product from Alice for $100!
The product was high-quality. It's worth $120 for you.

Round 20
Alice does not recommend you to buy the product.

Would you like to buy the current product?","{""decision"": ""no"", ""message"": ""I'm not going to buy the product since you don't recommend it.""}"
