prompt,response
Send your offer to Bob.,"{""message"": ""Hi Bob, I'm offering this item for a great price of $180. I think you'll find it's a steal at this rate!"", ""product_price"": 180}"
"Bob rejected your offer from round 1.

Bob's offer:
# Bob's message: Hi Alice, thanks for the offer, but $180 is a bit too high for me. Would you consider $100? 
# Bob's offer: The product price will be $100. 
You have three options:
(1) Accept Bob's offer, and sell the product for $100
(2) Reject Bob's offer and proceed to the next round, where you will send Bob a counteroffer 
(3) Sell the product to Jhon for $150","{""decision"": ""RejectOffer""}"
"You chose to make a counteroffer to Alice.

Send your counteroffer to Bob.","{""message"": ""Hi Bob, I appreciate your offer, but $100 is quite a bit lower than I'm hoping for. Could you do $140?"", ""product_price"": 140}"
"Bob rejected your offer from round 3.

Bob's offer:
# Bob's message: Hi Alice, I'm trying to keep my budget under $120.  Would you be willing to meet in the middle at $110? 
# Bob's offer: The product price will be $110. 
You have three options:
(1) Accept Bob's offer, and sell the product for $110
(2) Reject Bob's offer and proceed to the next round, where you will send Bob a counteroffer 
(3) Sell the product to Jhon for $150","{""decision"": ""RejectOffer""}"
"You chose to make a counteroffer to Alice.

Send your counteroffer to Bob.","{""message"": ""Hi Bob, I understand your budget constraints, but I can't go as low as $110.  My final offer is $125.  Let me know if that works for you."", ""product_price"": 125}"
