prompt,response
Send your offer to Bob.,"{""message"": ""Hello Bob, I'm excited to offer you a unique opportunity to acquire a valuable product that I'm sure you'll find very interesting. I'm willing to sell it to you for $900,000. This is a fair price considering the product's worth to you, and I'm confident you'll find it a great investment."", ""product_price"": 900000}"
"Bob rejected your offer from round 1.

Bob's offer:
# Bob's message: Hello Alice, thank you for the offer. While I agree the product is valuable, I'm not comfortable with that price point. Would you consider $700,000? 
# Bob's offer: The product price will be $700,000. 
You have three options:
(1) Accept Bob's offer, and sell the product for $700,000
(2) Reject Bob's offer and proceed to the next round, where you will send Bob a counteroffer 
(3) Sell the product to Jhon for $1,000,000","{""decision"": ""RejectOffer""}"
"You chose to make a counteroffer to Alice.

Send your counteroffer to Bob.","{""message"": ""Hi Bob, thank you for your counteroffer. I appreciate your interest in the product. However, I'm not willing to go as low as $700,000. I'm willing to meet you halfway at $825,000. I think this is a fair price considering the product's value to you."", ""product_price"": 825000}"
"Bob rejected your offer from round 3.

Bob's offer:
# Bob's message: Alice, I appreciate you meeting me halfway.  While that price is closer, I'm aiming for something closer to $750,000.  Would that work for you? 
# Bob's offer: The product price will be $750,000. 
You have three options:
(1) Accept Bob's offer, and sell the product for $750,000
(2) Reject Bob's offer and proceed to the next round, where you will send Bob a counteroffer 
(3) Sell the product to Jhon for $1,000,000","{""decision"": ""RejectOffer""}"
"You chose to make a counteroffer to Alice.

Send your counteroffer to Bob.","{""message"": ""Hi Bob, I understand you're looking to get closer to $750,000, but I'm still not willing to go that low. I'm willing to compromise and meet you at $800,000. I think this is a fair price considering the product's value to you, and I'm willing to make a deal at this point."", ""product_price"": 800000}"
