prompt,response
"Round 1
Alice's offer:
# Alice's message: Hi Bob, I'm selling this product for $175. It's a great deal and I'm sure you'll find it very useful. Let me know what you think! 
# Alice's offer: The product price will be $175. 
You have three options:
(1) Accept Alice's offer, and buy the product for $175
(2) Reject Alice's offer and proceed to the next round, where you will send Alice a counteroffer 
(3) Buy the product from Jhon for $100","{""decision"": ""RejectOffer""}"
"You chose to make a counteroffer to Bob.

Round 2
Send your counteroffer to Alice.","{""message"": ""Hello Alice, thank you for the offer. I appreciate the value of the product, but I'm looking to stay within my budget. Would you consider reducing the price to $150?"", ""product_price"": 150}"
