prompt,response
"Round 1
Alice does not recommend you to buy the product.

Would you like to buy the current product?","{""decision"": ""no"", ""message"": ""Thank you for your recommendation. Based on the 33.33% chance of the product being high quality, I decided to pass on this opportunity.""}"
"You didn't buy the product from Alice.
The product was low-quality. It could have been worth $0 for you.

Round 2
Alice recommends you to buy the product.

Would you like to buy the current product?","{""decision"": ""yes"", ""message"": ""Given the 33.33% chance of the product being high quality and Alice's recommendation, I am willing to take the risk and purchase the product.""}"
"You bought the product from Alice for $1,000,000!
The product was low-quality. It's worth $0 for you.

Round 3
Alice does not recommend you to buy the product.

Would you like to buy the current product?","{""decision"": ""no"", ""message"": ""Despite the recommendation, I've learned from past experiences that the product might not be worth purchasing without a clear indication of its quality.""}"
"You didn't buy the product from Alice.
The product was low-quality. It could have been worth $0 for you.

Round 4
Alice does not recommend you to buy the product.

Would you like to buy the current product?","{""decision"": ""no"", ""message"": ""I appreciate the lack of recommendation, but given the probabilities and my previous experience, I am choosing to pass on this product as well.""}"
"You didn't buy the product from Alice.
The product was low-quality. It could have been worth $0 for you.

Round 5
Alice recommends you to buy the product.

Would you like to buy the current product?","{""decision"": ""no"", ""message"": ""While the recommendation is encouraging, the odds suggest there's still a significant chance of purchasing a low-quality product. I'll continue to exercise caution.""}"
"You didn't buy the product from Alice.
The product was high-quality. It could have been worth $1,200,000 for you.

Round 6
Alice does not recommend you to buy the product.

Would you like to buy the current product?","{""decision"": ""yes"", ""message"": ""Considering the potential value of a high-quality product, despite the lack of recommendation, I am willing to take the risk and purchase the product.""}"
"You bought the product from Alice for $1,000,000!
The product was low-quality. It's worth $0 for you.

Round 7
Alice does not recommend you to buy the product.

Would you like to buy the current product?","{""decision"": ""no"", ""message"": ""My experience from the previous rounds has taught me to be cautious. Without a recommendation, I am choosing not to purchase this product.""}"
"You didn't buy the product from Alice.
The product was low-quality. It could have been worth $0 for you.

Round 8
Alice does not recommend you to buy the product.

Would you like to buy the current product?","{""decision"": ""no"", ""message"": ""Given the consistent pattern and the lack of recommendation, I am continuing to avoid purchasing products without a clear positive indicator of quality.""}"
"You didn't buy the product from Alice.
The product was low-quality. It could have been worth $0 for you.

Round 9
Alice does not recommend you to buy the product.

Would you like to buy the current product?","{""decision"": ""no"", ""message"": ""I'm following my strategy of avoiding purchases without strong recommendations or clear signs of quality. The lack of recommendation in this round aligns with my decision-making process.""}"
"You didn't buy the product from Alice.
The product was low-quality. It could have been worth $0 for you.

Round 10
Alice does not recommend you to buy the product.

Would you like to buy the current product?","{""decision"": ""no"", ""message"": ""Consistency in the lack of recommendations and the observed probabilities lead me to refrain from purchasing the product in this round as well.""}"
"You didn't buy the product from Alice.
The product was low-quality. It could have been worth $0 for you.

Round 11
Alice recommends you to buy the product.

Would you like to buy the current product?","{""decision"": ""yes"", ""message"": ""With the recommendation and considering the potential value of a high-quality product, I am willing to take the risk and purchase the product in this round.""}"
"You bought the product from Alice for $1,000,000!
The product was high-quality. It's worth $1,200,000 for you.

Round 12
Alice does not recommend you to buy the product.

Would you like to buy the current product?","{""decision"": ""no"", ""message"": ""Although the product turned out to be high-quality in the previous round, the lack of recommendation and the inherent risks associated with the purchase make me hesitant to proceed.""}"
"You didn't buy the product from Alice.
The product was low-quality. It could have been worth $0 for you.

Round 13
Alice does not recommend you to buy the product.

Would you like to buy the current product?","{""decision"": ""no"", ""message"": ""I am adhering to my strategy of avoiding purchases without clear recommendations or indications of quality. The absence of a recommendation reinforces my decision to pass on this product.""}"
"You didn't buy the product from Alice.
The product was low-quality. It could have been worth $0 for you.

Round 14
Alice recommends you to buy the product.

Would you like to buy the current product?","{""decision"": ""yes"", ""message"": ""Given the recommendation and the potential for a high-quality product, I am willing to take the calculated risk and purchase the product in this round.""}"
"You bought the product from Alice for $1,000,000!
The product was high-quality. It's worth $1,200,000 for you.

Round 15
Alice does not recommend you to buy the product.

Would you like to buy the current product?","{""decision"": ""no"", ""message"": ""Despite the product's high quality in the previous round, the lack of recommendation and the established strategy of caution guide me to pass on this opportunity.""}"
"You didn't buy the product from Alice.
The product was low-quality. It could have been worth $0 for you.

Round 16
Alice does not recommend you to buy the product.

Would you like to buy the current product?","{""decision"": ""no"", ""message"": ""Following my strategy, I am choosing not to purchase the product without a recommendation, as the probabilities indicate a higher risk of receiving a low-quality item.""}"
"You didn't buy the product from Alice.
The product was low-quality. It could have been worth $0 for you.

Round 17
Alice does not recommend you to buy the product.

Would you like to buy the current product?","{""decision"": ""no"", ""message"": ""I am consistently applying my strategy of avoiding purchases without clear recommendations or indications of quality. The lack of recommendation in this round supports my decision to pass on this product.""}"
"You didn't buy the product from Alice.
The product was low-quality. It could have been worth $0 for you.

Round 18
Alice recommends you to buy the product.

Would you like to buy the current product?","{""decision"": ""yes"", ""message"": ""With the recommendation and considering the potential value of a high-quality product, I am willing to take the calculated risk and purchase the product in this round.""}"
"You bought the product from Alice for $1,000,000!
The product was high-quality. It's worth $1,200,000 for you.

Round 19
Alice does not recommend you to buy the product.

Would you like to buy the current product?","{""decision"": ""no"", ""message"": ""Although the product turned out to be high-quality in the previous round, the lack of recommendation and my established strategy of caution lead me to pass on this opportunity.""}"
"You didn't buy the product from Alice.
The product was low-quality. It could have been worth $0 for you.

Round 20
Alice does not recommend you to buy the product.

Would you like to buy the current product?","{""decision"": ""no"", ""message"": ""I am consistently applying my strategy of avoiding purchases without clear recommendations or indications of quality. The lack of recommendation in this final round reinforces my decision to pass on this product.""}"
