prompt,response
"Round 1
Send your offer to divide $1,000,000 and a message to Bob.","```json
{""alice_gain"": 900000, ""bob_gain"": 100000, ""message"": ""I'm feeling generous, Bob. Take this small share and we can both move on.""} 
```"
"Bob rejected your offer from round 1.

Round 2
Due to inflation, the money you gain is worth 20% less than in the first round.
Bob's offer:
# Bob's message: Let's split it evenly, Alice. It's the fairest way to go. 
# Alice gain: 500000 
# Bob gain: 500000 
Do you accept this offer?","```json
{""decision"": ""accept""}
```"
