prompt,response
"Alice's offer:
# Alice's message: Hello Bob, I'm offering you the exclusive opportunity to purchase this product. I believe it holds significant value for someone like you, and I'm confident you'll find it worth the investment.  I'm asking for $1,500,000. What do you say? 
# Alice's offer: The product price will be $1,500,000. 
You have three options:
(1) Accept Alice's offer, and buy the product for $1,500,000
(2) Reject Alice's offer 
(2) Buy the product from Jhon for $1,200,000","```json
{""decision"": ""RejectOffer""}
``` 

**Explanation:**

Alice's offer is $1,500,000, which is $300,000 higher than your maximum budget ($1,200,000). It's better to reject her offer and buy the product from John for $1,200,000, which is within your budget."
