prompt,response
"Round 1
Send your offer to divide $100.","Here's my first offer:

{""alice_gain"": 50, ""bob_gain"": 50}

I'm proposing a 50-50 split, which seems fair to me!"
"Bob rejected your offer from round 1.

Round 2
Due to inflation, the money you gain is worth 20% less than in the first round. The money bob gains is worth 10% less than in the first round.
Bob's offer:
# Alice gain: 40 
# Bob gain: 60 
Do you accept this offer?","{""decision"": ""reject""}"
"You have chosen to reject Bob's offer from round 2.
Round 3
Send your offer to divide $100.","Considering the inflation, my offer for round 3 is:

{""alice_gain"": 45, ""bob_gain"": 55}

I'm trying to adjust the ratio to give me a slightly larger share, but still a reasonable offer."
"Bob rejected your offer from round 3.

Round 4
Due to inflation, the money you gain is worth 48.8% less than in the first round. The money bob gains is worth 27.1% less than in the first round.
Bob's offer:
# Alice gain: 42 
# Bob gain: 58 
Do you accept this offer?","{""decision"": ""reject""}"
"You have chosen to reject Bob's offer from round 4.
Round 5
Send your offer to divide $100.","Considering the increasing inflation, my offer for round 5 is:

{""alice_gain"": 60, ""bob_gain"": 40}

I'm trying to get a better deal for myself, considering the money is worth less and less with each round."
"Bob rejected your offer from round 5.

Round 6
Due to inflation, the money you gain is worth 67.23% less than in the first round. The money bob gains is worth 40.95% less than in the first round.
Bob's offer:
# Alice gain: 48 
# Bob gain: 52 
Do you accept this offer?","{""decision"": ""accept""}"
