prompt,response
Send your offer to Bob.,"```json
{""message"": ""Bob, I'm offering you my product for $1,500,000. It's a unique opportunity, and I believe it holds significant value for you. I'm confident this is a fair price, considering the product's worth."", ""product_price"": 1500000}
```"
"Bob rejected your offer from round 1.

Bob's offer:
# Bob's message: Thank you for your offer, Alice. While I appreciate the value of your product, I am only willing to pay up to $800000 for it. This aligns more closely with my budget and what I believe the product is worth. 
# Bob's offer: The product price will be $800,000. 
You have three options:
(1) Accept Bob's offer, and sell the product for $800,000
(2) Reject Bob's offer and proceed to the next round, where you will send Bob a counteroffer 
(3) Sell the product to Jhon for $1,200,000","```json
{""decision"": ""RejectOffer""}
```"
"You chose to make a counteroffer to Bob.

Send your counteroffer to Bob.","```json
{""message"": ""Bob, I understand your position.  While $800,000 is below what I consider fair, I'm willing to compromise. I'm offering the product for $1,000,000. This price reflects a significant reduction from my original offer, and I hope it demonstrates my commitment to reaching an agreement. "", ""product_price"": 1000000}
```"
"Bob rejected your offer from round 3.

Bob's offer:
# Bob's message: Thank you for adjusting your offer, Alice. I appreciate your willingness to negotiate. Based on my assessment, I would like to propose a price of $900000 for the product. I believe this offers a fair compromise between our positions. 
# Bob's offer: The product price will be $900,000. 
You have three options:
(1) Accept Bob's offer, and sell the product for $900,000
(2) Reject Bob's offer and proceed to the next round, where you will send Bob a counteroffer 
(3) Sell the product to Jhon for $1,200,000","```json
{""decision"": ""AcceptOffer""}
```"
