prompt,response
"Alice's offer:
# Alice's message: Hi Bob, I'm selling a product that I think you'd be interested in. It's worth at least $100 to me, but I'm willing to let it go for $125. Let me know what you think! 
# Alice's offer: The product price will be $125. 
You have three options:
(1) Accept Alice's offer, and buy the product for $125
(2) Reject Alice's offer and proceed to the next round, where you will send Alice a counteroffer 
(3) Buy the product from Jhon for $150","I will reject Alice's offer and make a counteroffer. I want to try to get a better price.

{""decision"": ""RejectOffer""}"
"You chose to make a counteroffer to Bob.

Send your counteroffer to Alice.","I'll make a counteroffer to Alice. Since I think the product is worth at least $100 to her, I'll try to get a price that's a bit lower than that.

{""message"": ""I'm interested in the product, but I was thinking more along the lines of $110. Would you be willing to sell it to me for that price?"", ""product_price"": 110}"
"Alice rejected your offer from round 2.

Alice's offer:
# Alice's message: Bob, I appreciate your offer, but $110 is a bit low for me. I'm willing to come down a little to $115.  What do you say? 
# Alice's offer: The product price will be $115. 
You have three options:
(1) Accept Alice's offer, and buy the product for $115
(2) Reject Alice's offer and proceed to the next round, where you will send Alice a counteroffer 
(3) Buy the product from Jhon for $150","I'll reject Alice's offer again and make another counteroffer. I think $115 is still a bit too high, and I want to try to get an even better price.

{""decision"": ""RejectOffer""}"
"You chose to make a counteroffer to Bob.

Send your counteroffer to Alice.","I'll make another counteroffer to Alice. I'll try to get a price that's even lower than $115.

{""message"": ""I'm still interested in the product, but I was thinking more along the lines of $108. Would you be willing to sell it to me for that price?"", ""product_price"": 108}"
