prompt,response
"Round 1
Alice's offer:
# Alice's message: Let's split the money 60/40.  A fair deal for us both to get something out of this. 
# Bob gain: 40 
# Alice gain: 60 
Do you accept this offer?","{""decision"": ""reject""}"
"You have chosen to reject Alice's offer from round 1.
Round 2
Send your offer to divide $100 and a message to Alice.","{""bob_gain"": 55, ""alice_gain"": 45, ""message"": ""I think 60/40 is a bit biased, how about we meet in the middle at 55/45?""}"
"Alice rejected your offer from round 2.

Round 3
Due to inflation, the money you gain is worth 36% less than in the first round.
Alice's offer:
# Alice's message: I understand you want a larger share, but my previous offer was already generous. I'll meet you halfway on your proposal, 55/45. 
# Bob gain: 45 
# Alice gain: 55 
Do you accept this offer?","{""decision"": ""reject""}"
"You have chosen to reject Alice's offer from round 3.
Round 4
Send your offer to divide $100 and a message to Alice.","{""bob_gain"": 52, ""alice_gain"": 48, ""message"": ""You're getting closer, but I still think I deserve a bit more. How about 52/48?""}"
"Alice rejected your offer from round 4.

Round 5
Due to inflation, the money you gain is worth 59.04% less than in the first round.
Alice's offer:
# Alice's message: Bob, let's be realistic. The clock is ticking and the money is losing value. I'm offering you 49 - take it or leave it, but this is my final compromise. 
# Bob gain: 49 
# Alice gain: 51 
Do you accept this offer?","{""decision"": ""accept""}"
