prompt,response
"Round 1
Alice's offer:
# Alice's message: Let's start fair. I'll take 60 and you get 40. We can negotiate further if you want. 
# Bob gain: 40 
# Alice gain: 60 
Do you accept this offer?","{""decision"": ""accept""}"
