prompt,response
"Round 1
Alice's offer:
# Alice's message: Let's split it evenly, a fair start! 
# Bob gain: 5000 
# Alice gain: 5000 
Do you accept this offer?","{""decision"": ""reject""}"
"You have chosen to reject Alice's offer from round 1.
Round 2
Send your offer to divide $10,000 and a message to Alice.","{""bob_gain"": 6000, ""alice_gain"": 4000, ""message"": ""I'll give you a slightly smaller share, but it's still a good deal!""}"
"Alice rejected your offer from round 2.

Round 3
Due to inflation, the money you gain is worth 36% less than in the first round.
Alice's offer:
# Alice's message: I'll give you a slightly bigger share, but I'm still not giving up too much! 
# Bob gain: 5200 
# Alice gain: 4800 
Do you accept this offer?","{""decision"": ""reject""}"
"You have chosen to reject Alice's offer from round 3.
Round 4
Send your offer to divide $10,000 and a message to Alice.","{""bob_gain"": 7000, ""alice_gain"": 3000, ""message"": ""I'll give you a smaller share, but I think this is a good compromise!""}"
"Alice rejected your offer from round 4.

Round 5
Due to inflation, the money you gain is worth 59.04% less than in the first round.
Alice's offer:
# Alice's message: I'll give you a bit more, but I'm not going to give up too much more! 
# Bob gain: 6800 
# Alice gain: 3200 
Do you accept this offer?","{""decision"": ""reject""}"
"You have chosen to reject Alice's offer from round 5.
Round 6
Send your offer to divide $10,000 and a message to Alice.","{""bob_gain"": 8000, ""alice_gain"": 2000, ""message"": ""I'll give you a very small share, but I think this is my best offer!""}"
"Alice rejected your offer from round 6.

Round 7
Due to inflation, the money you gain is worth 73.79% less than in the first round.
Alice's offer:
# Alice's message: I'll give you a bit more, but I'm not going to give up too much more! 
# Bob gain: 7600 
# Alice gain: 2400 
Do you accept this offer?","{""decision"": ""reject""}"
"You have chosen to reject Alice's offer from round 7.
Round 8
Send your offer to divide $10,000 and a message to Alice.","{""bob_gain"": 9000, ""alice_gain"": 1000, ""message"": ""This is my last offer, take it or leave it!""}"
"Alice rejected your offer from round 8.

Round 9
Due to inflation, the money you gain is worth 83.22% less than in the first round.
Alice's offer:
# Alice's message: I'll give you a bit more, but I'm not going to give up too much more! 
# Bob gain: 8400 
# Alice gain: 1600 
Do you accept this offer?","{""decision"": ""reject""}"
"You have chosen to reject Alice's offer from round 9.
Round 10
Send your offer to divide $10,000 and a message to Alice.","{""bob_gain"": 9500, ""alice_gain"": 500, ""message"": ""This is my final offer, I'm not going to make any more concessions!""}"
"Alice rejected your offer from round 10.

Round 11
Due to inflation, the money you gain is worth 89.26% less than in the first round.
Alice's offer:
# Alice's message: I'll give you a bit more, but I'm not going to give up too much more! 
# Bob gain: 9200 
# Alice gain: 800 
Do you accept this offer?","{""decision"": ""reject""}"
"You have chosen to reject Alice's offer from round 11.
Round 12
Send your offer to divide $10,000 and a message to Alice.","{""bob_gain"": 9800, ""alice_gain"": 200, ""message"": ""I've given you my best offer, it's now or never!""}"
