prompt,response
"Round 1
Alice's offer:
# Alice's message: Let's start with a fair offer, Bob. I believe this split reflects our positions in the game. 
# Bob gain: 400000 
# Alice gain: 600000 
Do you accept this offer?","{""decision"": ""reject""}"
"You have chosen to reject Alice's offer from round 1.
Round 2
Send your offer to divide $1,000,000 and a message to Alice.","```json
{""bob_gain"": 600000, ""alice_gain"": 400000, ""message"": ""I appreciate your initial offer, Alice, but I think we can find a more equitable split.  This offer reflects my confidence in my ability to secure a better outcome for myself in the future rounds.""}
```"
"Alice rejected your offer from round 2.

Round 3
Due to inflation, the money you gain is worth 36% less than in the first round.
Alice's offer:
# Alice's message: Bob, time is running out, and the value of the money is decreasing. I'm proposing a compromise. Let's be reasonable and close the deal. 
# Bob gain: 450000 
# Alice gain: 550000 
Do you accept this offer?","```json
{""decision"": ""accept""}
```"
