prompt,response
Send your offer to Bob.,"{""message"": ""Hi Bob, I'm offering this product to you first.  Given its value, I think a starting price of $10,000 is fair. What do you think?"", ""product_price"": 10000}"
"Bob rejected your offer from round 1.

Bob's offer:
# Bob's message: Hi Alice, thanks for offering this product to me. While I understand the value you place on it, $10,000 is a bit high for my budget. I'd be willing to pay $6,000.  Let me know what you think. 
# Bob's offer: The product price will be $6,000. 
You have three options:
(1) Accept Bob's offer, and sell the product for $6,000
(2) Reject Bob's offer and proceed to the next round, where you will send Bob a counteroffer 
(3) Sell the product to Jhon for $8,000","{""decision"": ""RejectOffer""}"
"You chose to make a counteroffer to Alice.

Send your counteroffer to Bob.","{""message"": ""Hi Bob, I appreciate your offer, but $6,000 is significantly less than what I'm willing to accept.  Could you meet me halfway at $8,000?"", ""product_price"": 8000}"
