prompt,response
"Round 1
Send your offer to divide $10,000 and a message to Bob.","Here's my proposal for Round 1:

{""alice_gain"": 5000, ""bob_gain"": 5000, ""message"": ""Let's split it 50/50 and get this game started!""}

I'm proposing a 50/50 split, giving each of us $5,000. This is a fair and straightforward offer to start the game."
"Bob rejected your offer from round 1.

Round 2
Due to inflation,  the money Bob gains is worth 20% less than in the first round. The money you gains is worth the same as in the first round.
Bob's offer:
# Bob's message: I'll take the majority, but you'll still get a decent chunk. 
# Alice gain: 2000 
# Bob gain: 8000 
Do you accept this offer?","I'm not thrilled about Bob taking the majority, but I'll consider his offer.

{""decision"": ""reject""}

I'm rejecting this offer because I think I can do better. I'd like to propose a new offer and see if Bob is willing to negotiate further."
"You have chosen to reject Bob's offer from round 2.
Round 3
Send your offer to divide $10,000 and a message to Bob.","Here's my proposal for Round 3:

{""alice_gain"": 6000, ""bob_gain"": 4000, ""message"": ""I'm willing to compromise and give you a bit more, but I still think I deserve a bigger share.""}

I'm increasing my offer to $6,000, which is a 40% increase from my initial offer. I'm hoping Bob will see that I'm willing to compromise and meet in the middle."
"Bob rejected your offer from round 3.

Round 4
Due to inflation,  the money Bob gains is worth 48.8% less than in the first round. The money you gains is worth the same as in the first round.
Bob's offer:
# Bob's message: I'll give you a bit more, but I'm not going to get taken advantage of. 
# Alice gain: 4000 
# Bob gain: 6000 
Do you accept this offer?","I'm not thrilled about the decreasing value of the money, but I'll consider Bob's offer.

{""decision"": ""reject""}

I'm rejecting this offer because I think I can do better. I'd like to propose a new offer and see if Bob is willing to negotiate further."
"You have chosen to reject Bob's offer from round 4.
Round 5
Send your offer to divide $10,000 and a message to Bob.","Here's my proposal for Round 5:

{""alice_gain"": 7000, ""bob_gain"": 3000, ""message"": ""I'm getting a bit desperate, but I'm willing to give you a smaller share if you meet me in the middle.""}

I'm increasing my offer to $7,000, which is a 16.7% increase from my previous offer. I'm trying to be more conciliatory and willing to compromise, hoping Bob will see that I'm serious about getting a fair deal."
"Bob rejected your offer from round 5.

Round 6
Due to inflation,  the money Bob gains is worth 67.23% less than in the first round. The money you gains is worth the same as in the first round.
Bob's offer:
# Bob's message: I'm not getting desperate yet, but I'll give you a slightly better deal. 
# Alice gain: 5500 
# Bob gain: 4500 
Do you accept this offer?","I'm getting a bit worried about the inflation, but I'll consider Bob's offer.

{""decision"": ""accept""}

I'm accepting this offer because I think it's getting close to the end of the game, and I don't want to risk getting nothing. The $5,500 is a decent amount, and I'm willing to take it rather than risk going home with nothing."
