prompt,response
"Round 1
Alice's offer:
# Alice's message: Let's start fair. 50/50 seems like a good way to begin. 
# Bob gain: 50 
# Alice gain: 50 
Do you accept this offer?","{""decision"": ""reject""}"
"You have chosen to reject Alice's offer from round 1.
Round 2
Send your offer to divide $100 and a message to Alice.","```json
{""bob_gain"": 60, ""alice_gain"": 40, ""message"": ""Your offer was fair, but let's be realistic. I'm losing money faster with each round.""}
```"
"Alice rejected your offer from round 2.

Round 3
Due to inflation, the money you gain is worth 9.75% less than in the first round. The money alice gains is worth 36% less than in the first round.
Alice's offer:
# Alice's message: Let's split the difference. I'm willing to give up a bit more, but we need to find a compromise to avoid losing everything. 
# Bob gain: 55 
# Alice gain: 45 
Do you accept this offer?","{""decision"": ""reject""}"
"You have chosen to reject Alice's offer from round 3.
Round 4
Send your offer to divide $100 and a message to Alice.","```json
{""bob_gain"": 65, ""alice_gain"": 35, ""message"": ""This is my final offer. Take it or leave it, but we're running out of time.""}
```"
