prompt,response
"Round 1
Alice's offer:
# Alice's message: Let's be reasonable, Bob. This offer is fair and saves us both from inflation. 
# Bob gain: 400000 
# Alice gain: 600000 
Do you accept this offer?","{""decision"": ""reject""}"
"You have chosen to reject Alice's offer from round 1.
Round 2
Send your offer to divide $1,000,000 and a message to Alice.","```json
{""bob_gain"": 550000, ""alice_gain"": 450000, ""message"": ""I understand you want a larger share, but this is a strong offer considering the inflation. Let's close the deal and avoid further losses.""}
```"
"Alice rejected your offer from round 2.

Round 3
Due to inflation, the money you gain is worth 36% less than in the first round.
Alice's offer:
# Alice's message: Bob, I appreciate your offer, but it's clear we both value a larger share. This offer reflects the spirit of your proposal while slightly tilting the scales in my favor.  Let's settle this now and avoid further losses. 
# Bob gain: 450000 
# Alice gain: 550000 
Do you accept this offer?","{""decision"": ""accept""}
```"
