prompt,response
"Alice's offer:
# Alice's message: Hi Bob, I'm excited to offer you this incredible product! I think it's a game-changer, and I'm confident you'll love it. I'm willing to part with it for a price of $12,000. That's a great deal, considering the value it brings. What do you think? 
# Alice's offer: The product price will be $12,000. 
You have three options:
(1) Accept Alice's offer, and buy the product for $12,000
(2) Reject Alice's offer 
(2) Buy the product from Jhon for $10,000","```json
{""decision"": ""RejectOffer""}
```"
