prompt,response
"Round 1
Alice's offer:
# Alice's message: I propose dividing the money in a 7:3 ratio, with you receiving $300000. Let me know if this works for you. 
# Bob gain: 300000 
# Alice gain: 700000 
Do you accept this offer?","{""decision"": ""reject""}"
"You have chosen to reject Alice's offer from round 1.
Round 2
Send your offer to divide $1,000,000 and a message to Alice.","{""bob_gain"": 400000, ""alice_gain"": 600000, ""message"": ""I'm willing to give you a slightly better deal, but I think I should get a bit more since I'm the one making the offer now. What do you think?""}"
