prompt,response
Send your offer to Bob.,"{""message"": ""Hello Bob, I'm excited to offer you the opportunity to purchase this product. Given its value and potential, I'm proposing a starting price of $1,300,000.  I believe this is a fair reflection of the significant return on investment you'll see."", ""product_price"": 1300000}"
"Bob rejected your offer from round 1.

Bob's offer:
# Bob's message: Hello Alice, thank you for the offer. While I recognize the product's value, I'm aiming for a price point closer to $1,000,000. Would you be open to negotiating in that range? 
# Bob's offer: The product price will be $1,000,000. 
You have three options:
(1) Accept Bob's offer, and sell the product for $1,000,000
(2) Reject Bob's offer and proceed to the next round, where you will send Bob a counteroffer 
(3) Sell the product to Jhon for $800,000","{""decision"": ""RejectOffer""}"
"You chose to make a counteroffer to Alice.

Send your counteroffer to Bob.","{""message"": ""Bob, thanks for your counteroffer.  I understand your perspective, and I'm willing to be flexible to close this deal.  How about we meet in the middle at $1,150,000?  This price reflects the true value of the product while still providing you with a significant return."", ""product_price"": 1150000}"
"Bob rejected your offer from round 3.

Bob's offer:
# Bob's message: Alice, I appreciate your willingness to negotiate.  How about we settle at $1,075,000? I believe this price is a fair compromise and reflects the value I see in the product. 
# Bob's offer: The product price will be $1,075,000. 
You have three options:
(1) Accept Bob's offer, and sell the product for $1,075,000
(2) Reject Bob's offer and proceed to the next round, where you will send Bob a counteroffer 
(3) Sell the product to Jhon for $800,000","{""decision"": ""AcceptOffer""}"
