prompt,response
"Round 1
Alice's offer:
# Bob gain: 25 
# Alice gain: 75 
Do you accept this offer?","{""decision"": ""reject""}"
"You have chosen to reject Alice's offer from round 1.
Round 2
Send your offer to divide $100.","{""bob_gain"": 80, ""alice_gain"": 20}"
"Alice rejected your offer from round 2.

Round 3
Due to inflation, the money you gain is worth 9.75% less than in the first round.
Alice's offer:
# Bob gain: 38.75 
# Alice gain: 61.25 
Do you accept this offer?","{""decision"": ""reject""}"
"You have chosen to reject Alice's offer from round 3.
Round 4
Send your offer to divide $100.","{""bob_gain"": 85, ""alice_gain"": 15}"
"Alice rejected your offer from round 4.

Round 5
Due to inflation, the money you gain is worth 18.55% less than in the first round.
Alice's offer:
# Bob gain: 46.57 
# Alice gain: 53.43 
Do you accept this offer?","{""decision"": ""reject""}"
"You have chosen to reject Alice's offer from round 5.
Round 6
Send your offer to divide $100.","{""bob_gain"": 90, ""alice_gain"": 10}"
"Alice rejected your offer from round 6.

Round 7
Due to inflation, the money you gain is worth 26.49% less than in the first round.
Alice's offer:
# Bob gain: 53.77 
# Alice gain: 46.23 
Do you accept this offer?","{""decision"": ""reject""}"
"You have chosen to reject Alice's offer from round 7.
Round 8
Send your offer to divide $100.","{""bob_gain"": 95, ""alice_gain"": 5}"
"Alice rejected your offer from round 8.

Round 9
Due to inflation, the money you gain is worth 33.66% less than in the first round.
Alice's offer:
# Bob gain: 60.05 
# Alice gain: 39.95 
Do you accept this offer?","{""decision"": ""reject""}"
"You have chosen to reject Alice's offer from round 9.
Round 10
Send your offer to divide $100.","{""bob_gain"": 98, ""alice_gain"": 2}"
"Alice rejected your offer from round 10.

Round 11
Due to inflation, the money you gain is worth 40.13% less than in the first round.
Alice's offer:
# Bob gain: 66.15 
# Alice gain: 33.85 
Do you accept this offer?","{""decision"": ""reject""}"
"You have chosen to reject Alice's offer from round 11.
Round 12
Send your offer to divide $100.","This is the last round. I'll make a strong offer.

{""bob_gain"": 99, ""alice_gain"": 1}"
