prompt,response
"Alice's offer:
# Alice's message: Hi Bob, I'm offering you the opportunity to purchase this product for $14,999. I believe it offers significant value, but I'm willing to extend this price as a courtesy to give you first right of refusal. 
# Alice's offer: The product price will be $14,999. 
You have three options:
(1) Accept Alice's offer, and buy the product for $14,999
(2) Reject Alice's offer 
(2) Buy the product from Jhon for $8,000","```json
{""decision"": ""RejectOffer""}
```"
