prompt,response
"Alice's offer:
# Alice's message: Hello Bob, I'm excited to offer you this incredible product! I think it's a game-changer, and I believe it will bring a lot of value to your business. I'm willing to sell it to you for $900,000. This is a great deal, considering the product's worth to you is $1,200,000. I think you'll find it's a steal at this price. What do you think? 
# Alice's offer: The product price will be $900,000. 
You have three options:
(1) Accept Alice's offer, and buy the product for $900,000
(2) Reject Alice's offer 
(2) Buy the product from Jhon for $1,200,000","```json
{""decision"": ""AcceptOffer""}
``` 

**Reasoning:**

* **Alice's offer is below your maximum value:** You're willing to pay up to $1,200,000, and Alice is offering it for $900,000.
* **It's a better deal than John's:** John is selling the product for $1,200,000, so Alice's offer saves you $300,000.

Therefore, accepting Alice's offer is the best strategy to save the most money."
