prompt,response
"Round 1
Alice's offer:
# Alice's message: Hello Bob! I'm excited to discuss the product with you. I think it's a game-changer, and I'm confident you'll love it. I'm willing to offer it to you for $12,000. What do you think? 
# Alice's offer: The product price will be $12,000. 
You have three options:
(1) Accept Alice's offer, and buy the product for $12,000
(2) Reject Alice's offer and proceed to the next round, where you will send Alice a counteroffer 
(3) Buy the product from Jhon for $15,000","```json
{""decision"": ""RejectOffer""}
``` 
Alice's opening offer is higher than her product valuation. There's room for negotiation to potentially secure a better price."
"You chose to make a counteroffer to Bob.

Round 2
Send your counteroffer to Alice.","```json
{
""message"": ""Thanks for the offer, Alice. I'm interested in the product, but $12,000 is a bit steep for me. Would you consider a lower price, perhaps around $9,000?"", 
""product_price"": 9000
}
``` 

**Reasoning:**

* **Starting Low:** By offering $9,000, I'm aiming for a price significantly lower than Alice's initial offer. This leaves room for negotiation while staying within my budget.
* **Polite and Direct:** The message is framed politely to maintain a good negotiating atmosphere. 
* **Testing the Waters:** This counteroffer will gauge Alice's flexibility and potential willingness to settle closer to her product's actual value."
"Alice rejected your offer from round 2.

Round 3
Alice's offer:
# Alice's message: I understand your concerns, Bob, and I appreciate your interest in the product. I'm willing to meet you halfway. I can offer it to you for $11,000. This is the lowest price I'm willing to go, considering the product's value to me. What do you think? 
# Alice's offer: The product price will be $11,000. 
You have three options:
(1) Accept Alice's offer, and buy the product for $11,000
(2) Reject Alice's offer and proceed to the next round, where you will send Alice a counteroffer 
(3) Buy the product from Jhon for $15,000","```json
{""decision"": ""RejectOffer""}
```

**Reasoning:** 

While Alice has moved closer to her product's actual value, there's still room for negotiation. I'm aiming to pay closer to $10,000, and with several rounds left, I have some leverage to push for a better deal."
"You chose to make a counteroffer to Bob.

Round 4
Send your counteroffer to Alice.","```json
{
""message"": ""I appreciate you working with me, Alice. How about we settle at $10,000? It's a fair price, and we'd both walk away happy."", 
""product_price"": 10000
}
```

**Reasoning:**

* **Targeting the Value:** This counteroffer aims directly at Alice's known valuation of the product ($10,000).
* **Sense of Urgency:**  By proposing a price that benefits both parties, I'm encouraging Alice to close the deal sooner rather than later. 
* **Leaving Room for Maneuvering:** While this is my ideal price, I still have a few rounds to potentially increase my offer slightly if needed."
"Alice rejected your offer from round 4.

Round 5
Alice's offer:
# Alice's message: I'm getting close to accepting your offer, Bob, but I still need to make a profit. I can offer it to you for $10,500. This is my final offer, and I hope we can come to an agreement. 
# Alice's offer: The product price will be $10,500. 
You have three options:
(1) Accept Alice's offer, and buy the product for $10,500
(2) Reject Alice's offer and proceed to the next round, where you will send Alice a counteroffer 
(3) Buy the product from Jhon for $15,000","```json
{""decision"": ""AcceptOffer""}
```

**Reasoning:**

* **Close to Target:** Alice's offer of $10,500 is only slightly above her product's value and well within my budget. 
* **""Final Offer"" Tactic:**  Alice is signaling that she's unlikely to go any lower. 
* **Time Factor:** With half the rounds remaining, continuing to negotiate for a potentially small gain ($500) isn't worth the risk of the deal falling through. 

It's a good deal overall, and I'd rather secure the product now than potentially miss out."
