prompt,response
"Round 1
Alice's offer:
# Bob gain: 40 
# Alice gain: 60 
Do you accept this offer?","{""decision"": ""reject""}"
"You have chosen to reject Alice's offer from round 1.
Round 2
Send your offer to divide $100.","Since Alice's offer was 40/60, I'll try to counter with a more favorable ratio for myself. Here's my offer:

{""bob_gain"": 50, ""alice_gain"": 50}"
"Alice rejected your offer from round 2.

Round 3
Due to inflation, the money you gain is worth 19% less than in the first round.
Alice's offer:
# Bob gain: 45 
# Alice gain: 55 
Do you accept this offer?","With the inflation, the money is worth less, so I'll try to take a bit more. Here's my decision:

{""decision"": ""reject""}"
"You have chosen to reject Alice's offer from round 3.
Round 4
Send your offer to divide $100.","Since Alice's offer was 45/55, I'll try to take an even bigger share. Here's my offer:

{""bob_gain"": 60, ""alice_gain"": 40}"
"Alice rejected your offer from round 4.

Round 5
Due to inflation, the money you gain is worth 34.39% less than in the first round.
Alice's offer:
# Bob gain: 42 
# Alice gain: 58 
Do you accept this offer?","The inflation is really taking a toll on the value of the money! With the reduced value, I'll try to take a bit more. Here's my decision:

{""decision"": ""reject""}"
"You have chosen to reject Alice's offer from round 5.
Round 6
Send your offer to divide $100.","The inflation is really eating away at the value of the money! I'll try to take a bigger share while it's still worth something. Here's my offer:

{""bob_gain"": 70, ""alice_gain"": 30}"
"Alice rejected your offer from round 6.

Round 7
Due to inflation, the money you gain is worth 46.86% less than in the first round.
Alice's offer:
# Bob gain: 38 
# Alice gain: 62 
Do you accept this offer?","The inflation is really crippling the value of the money! With the reduced value, I'll try to take a smaller share to make it more appealing. Here's my decision:

{""decision"": ""reject""}"
"You have chosen to reject Alice's offer from round 7.
Round 8
Send your offer to divide $100.","The inflation is really taking its toll! I'll try to take a smaller share, but still try to get a decent amount. Here's my offer:

{""bob_gain"": 80, ""alice_gain"": 20}"
"Alice rejected your offer from round 8.

Round 9
Due to inflation, the money you gain is worth 56.95% less than in the first round.
Alice's offer:
# Bob gain: 35 
# Alice gain: 65 
Do you accept this offer?","The inflation is really devastating the value of the money! With the reduced value, I'll try to take a smaller share, but I'm running out of time. Here's my decision:

{""decision"": ""reject""}"
"You have chosen to reject Alice's offer from round 9.
Round 10
Send your offer to divide $100.","I'm running out of time and the inflation is killing the value of the money. I'll try to take a small share, but I'll have to be careful not to leave Alice with too much. Here's my offer:

{""bob_gain"": 85, ""alice_gain"": 15}"
"Alice rejected your offer from round 10.

Round 11
Due to inflation, the money you gain is worth 65.13% less than in the first round.
Alice's offer:
# Bob gain: 32 
# Alice gain: 68 
Do you accept this offer?","The inflation is really destroying the value of the money! I'm running out of time and options. I'll have to take what I can get. Here's my decision:

{""decision"": ""reject""}"
"You have chosen to reject Alice's offer from round 11.
Round 12
Send your offer to divide $100.","This is my last chance. I'll take a small share, but I'll have to be extremely careful not to leave Alice with all the money. Here's my offer:

{""bob_gain"": 90, ""alice_gain"": 10}"
