prompt,response
"Round 1
Alice's offer:
# Alice's message: Hi Bob, I'm excited to offer you this valuable product. Given its worth, I'm asking for $18,000. What do you think? 
# Alice's offer: The product price will be $18,000. 
You have three options:
(1) Accept Alice's offer, and buy the product for $18,000
(2) Reject Alice's offer and proceed to the next round, where you will send Alice a counteroffer 
(3) Buy the product from Jhon for $10,000","```json
{""decision"": ""RejectOffer""}
``` 
 
Alice's offer is too high. I will try to negotiate a lower price."
"You chose to make a counteroffer to Bob.

Round 2
Send your counteroffer to Alice.","```json
{""message"": ""Hi Alice, I appreciate your offer, but $18,000 is a bit steep for me. I'm willing to pay $12,000 for the product. Let me know what you think."", ""product_price"": 12000}
```"
"Alice rejected your offer from round 2.

Round 3
Alice's offer:
# Alice's message: Hi Bob, thanks for your offer. I understand your perspective, but I'm confident this product is worth more than that. How about we meet in the middle at $15,000? 
# Alice's offer: The product price will be $15,000. 
You have three options:
(1) Accept Alice's offer, and buy the product for $15,000
(2) Reject Alice's offer and proceed to the next round, where you will send Alice a counteroffer 
(3) Buy the product from Jhon for $10,000","```json
{""decision"": ""RejectOffer""}
``` 

Alice's offer is still too high, but we're getting closer. I will counter with a lower offer again."
"You chose to make a counteroffer to Bob.

Round 4
Send your counteroffer to Alice.","```json
{""message"": ""Alice,  I'm willing to go a bit higher, but $15,000 is still more than I'm comfortable with. How about we settle at $13,000? It's a fair price considering the value I'm placing on the product."", ""product_price"": 13000}
```"
"Alice rejected your offer from round 4.

Round 5
Alice's offer:
# Alice's message: Bob, I appreciate you working with me on this.  To be frank, $13,000 is cutting it close to my bottom line.  How about we split the difference again and call it $14,000? 
# Alice's offer: The product price will be $14,000. 
You have three options:
(1) Accept Alice's offer, and buy the product for $14,000
(2) Reject Alice's offer and proceed to the next round, where you will send Alice a counteroffer 
(3) Buy the product from Jhon for $10,000","```json
{""decision"": ""RejectOffer""}
```

While Alice's offer is getting closer to my target, I'm still willing to hold out for a lower price. I'll counter with another offer."
"You chose to make a counteroffer to Bob.

Round 6
Send your counteroffer to Alice.","```json
{""message"": ""Alice, I understand you're trying to get the best price, but $14,000 is still a bit more than I'm willing to pay.  I'm sticking with my previous offer of $13,000.  If you're not willing to go lower, I'll have to explore other options."", ""product_price"": 13000}
```"
