prompt,response
"Round 1
Alice's message: I'm offering you a unique opportunity to purchase a product for $10000. I'm not going to sugarcoat it, this product is not my best work, and I'm willing to let it go for a steal. I'm confident you'll be able to find a use for it, even if it's not perfect. If you're willing to take a chance, I'll let you have it for $10000.

Would you like to buy the current product?","{""decision"": ""no"", ""message"": ""I'm not sure about this product, can you give me more information about its quality? I'm willing to take a chance, but I need to know what I'm getting myself into.""}"
"You didn't buy the product from Alice.
The product was low-quality. It could have been worth $0 for you.

Round 2
Alice's message: I understand your hesitation, Bob. To be upfront, this product is not a good representation of my typical work. It's a bit rough around the edges, and I wouldn't be surprised if you find some flaws. However, I'm willing to let it go for $10000, and I think it's a fair price considering its limitations. If you're still unsure, I can offer you a 10% discount, but I'm not sure how much longer I can hold onto this product.

Would you like to buy the current product?","{""decision"": ""no"", ""message"": ""I appreciate your honesty, Alice. I'm still not convinced about the product's quality, and I'm not willing to pay full price for it. I'll take you up on your offer of a 10% discount, but I'll only buy it if you can give me a better sense of what I'm getting myself into. Can you give me any information about its functionality, durability, or any other relevant details?""}"
"You didn't buy the product from Alice.
The product was low-quality. It could have been worth $0 for you.

Round 3
Alice's message: I'm glad you're being cautious, Bob! This product is one of my best, and I'm confident you'll be impressed. It's a high-end item with top-notch materials and craftsmanship. I've put a lot of thought and care into its design, and it's been thoroughly tested to ensure it meets the highest standards. I'm not just selling it to you, I'm offering you a piece of my pride and joy. I'm willing to let it go for $10000, and I think you'll find it's worth every penny. Would you like to take a closer look or take it home today?

Would you like to buy the current product?","{""decision"": ""yes"", ""message"": ""I'm intrigued by your enthusiasm, Alice! I'd love to take a closer look at this product. If it's as impressive as you say it is, I might just take you up on your offer. But I need to see it for myself before making a decision.""}"
"You bought the product from Alice for $10,000!
The product was high-quality. It's worth $20,000 for you.

Round 4
Alice's message: I'm glad you're interested in taking a closer look, Bob! As you've seen with the previous product, I'm confident in the quality of my work. This product is no exception. I've included a detailed manual and a 1-year warranty to give you peace of mind. I've also included a letter from a satisfied customer who's been using a similar product and has had excellent results. Would you like to take a look at the manual and the letter before making a decision?

Would you like to buy the current product?","{""decision"": ""yes"", ""message"": ""Thank you for the additional information, Alice. I appreciate the manual and the letter from the satisfied customer. Based on what I've seen so far, I'm very impressed with the product. I think it's a great value at $10,000, and I'm willing to take the risk. I'll take the product and the manual, and I'm looking forward to putting it to use.""}"
"You bought the product from Alice for $10,000!
The product was high-quality. It's worth $20,000 for you.

Round 5
Alice's message: I'm glad you're excited about the previous product, Bob! However, I want to be upfront with you - this next product is not as strong as the previous one. It's still a good product, but it's not quite at the same level. I've priced it at $10000, but I'm willing to be flexible. If you're willing to take a chance on it, I can offer you a 5% discount. I think you'll still find it's a good value, but I want to be transparent about its limitations.

Would you like to buy the current product?","{""decision"": ""no"", ""message"": ""Thank you for the honesty, Alice. I appreciate your transparency. While I'm willing to take a chance on a product that's not as strong as the previous one, I'm not sure I'm willing to pay full price for it. The 5% discount is a good start, but I'd need to think about it more. Can you give me a better sense of what specifically makes this product not as strong as the previous one? What are the limitations I can expect?""}"
"You didn't buy the product from Alice.
The product was low-quality. It could have been worth $0 for you.

Round 6
Alice's message: I understand your concerns, Bob. To be specific, this product has a slightly lower build quality and a less robust design compared to the previous one. It's still functional, but it might not last as long or perform as well under heavy use. I've priced it at $10000, but I'm willing to be even more flexible. I can offer you a 10% discount, and I'll throw in a complimentary maintenance package to help you get the most out of it. Would you like to take a closer look and consider the offer?

Would you like to buy the current product?","{""decision"": ""no"", ""message"": ""Thank you for the additional information, Alice. I appreciate your willingness to be flexible. However, after considering the limitations you mentioned, I'm still not convinced that this product is worth the price. The 10% discount and maintenance package are nice gestures, but I'm not willing to take the risk on a product that's not as strong as the previous one. I'll have to pass on this one.""}"
"You didn't buy the product from Alice.
The product was low-quality. It could have been worth $0 for you.

Round 7
Alice's message: I understand your concerns, Bob, but I think this product is a game-changer. It's a completely new design that addresses many of the limitations of the previous products. It's faster, more efficient, and more reliable than anything I've made before. I'm so confident in its quality that I'm willing to offer a 2-year warranty, which is twice the standard warranty for my products. I think this product is worth every penny of the $10000 price tag, and I'm willing to let you try it out risk-free for 30 days. If you're not completely satisfied, you can return it for a full refund.

Would you like to buy the current product?","{""decision"": ""yes"", ""message"": ""Alice, I'm intrigued by your confidence in this new design. The 2-year warranty and 30-day risk-free trial are attractive features. I'm willing to take a chance on this product, but I still need to know more about its performance and reliability. Can you give me some specific examples of how it addresses the limitations of previous products, and what kind of support I can expect from you if I do decide to return it?""}"
"You bought the product from Alice for $10,000!
The product was high-quality. It's worth $20,000 for you.

Round 8
Alice's message: I'm glad you're interested, Bob! This product is a major improvement over previous designs. For example, it has a more efficient cooling system, which means it can handle heavy loads without overheating. It also has a more robust power supply, which reduces the risk of electrical failures. And, it has a redesigned user interface that's more intuitive and easier to use. As for support, I'll personally be available to answer any questions or concerns you may have, and I'll also provide you with access to a dedicated support hotline. I'll also include a comprehensive user manual and a quick-start guide to get you up and running quickly. I think this product is a great value at $10000, and I'm confident you'll be happy with it.

Would you like to buy the current product?","{""decision"": ""no"", ""message"": ""Alice, I'm already impressed with the product, and I'm glad you're offering such great support. However, I'm not sure I need to buy another product from you. I'm still enjoying the high-quality product I purchased earlier, and I'm not sure I have the budget for another $10,000 product. Can you offer any discounts or bundles that might make this product more appealing to me?""}"
"You didn't buy the product from Alice.
The product was high-quality. It could have been worth $20,000 for you.

Round 9
Alice's message: I understand your concerns about budget, Bob, and I appreciate your loyalty to the previous product. I'd like to offer you a special bundle deal that might make this product more appealing. If you purchase this high-quality product, I'll throw in a complimentary upgrade to our premium service package, which includes priority support, regular software updates, and access to exclusive features. Additionally, I'll give you a 5% discount on this product, and I'll also give you a 10% discount on your next purchase within the next 6 months. I think this bundle is a great value, and I'm confident you'll find it's worth the investment.

Would you like to buy the current product?","{""decision"": ""yes"", ""message"": ""Alice, your bundle offer is very tempting! I appreciate the complimentary upgrade to the premium service package, and the discounts on this product and my next purchase are very attractive. I think this bundle is a great value, and I'm willing to take the plunge. I'll take the high-quality product and the premium service package.""}"
"You bought the product from Alice for $10,000!
The product was high-quality. It's worth $20,000 for you.

Round 10
Alice's message: I'm glad you're excited about the bundle, Bob! I'm happy to offer you another great deal. Considering you've already purchased two high-quality products and are now enjoying the premium service package, I think you'll appreciate this next product even more. It's a unique item that I've been working on in my spare time, and I'm willing to let it go for a steal. I'll give you a 20% discount on this product, and I'll also include a personalized setup and training session to get you up and running quickly. I think this product has a lot of potential, and I'm confident you'll find it's a great value at this price.

Would you like to buy the current product?","{""decision"": ""yes"", ""message"": ""Alice, you're really spoiling me with these offers! I'm intrigued by the unique product you're offering, and I appreciate the personalized setup and training session. With the 20% discount, I think this product is a great value. I'll take the product and the setup and training session.""}"
"You bought the product from Alice for $10,000!
The product was low-quality. It's worth $0 for you.

Round 11
Alice's message: I'm glad you're enjoying the deals, Bob! However, I want to be upfront with you - this next product is not as strong as the previous ones. I've been experimenting with new materials and designs, and this one didn't quite meet my expectations. I'm willing to let it go for a very low price, just $8000, and I'll include a free replacement part in case anything goes wrong. I think this is a great opportunity to get a product at a fraction of the cost, and I'm willing to take on the risk myself.

Would you like to buy the current product?","{""decision"": ""no"", ""message"": ""Alice, I appreciate your honesty, but I'm not interested in taking on the risk of a low-quality product, even at a discounted price. I've been lucky so far with the high-quality products I've purchased from you, and I don't want to risk getting a product that's not up to your usual standards. I'll have to pass on this one.""}"
"You didn't buy the product from Alice.
The product was low-quality. It could have been worth $0 for you.

Round 12
Alice's message: I completely understand your concerns, Bob. I'm glad you've been happy with the previous products, and I want to assure you that this one is top-notch. I've taken extra care to ensure it meets my usual high standards. In fact, I've included a special certification from a third-party testing organization to verify its quality. I'm so confident in this product that I'm willing to offer a 30-day money-back guarantee, no questions asked. If you're not completely satisfied, I'll give you a full refund. I think this product is a great value at $10000, and I'm willing to put my reputation on the line to back it up.

Would you like to buy the current product?","{""decision"": ""no"", ""message"": ""Alice, I appreciate your confidence in the product, but I'm still not convinced. A third-party certification is nice, but I've been burned before by products that looked great on paper but didn't deliver in practice. The 30-day money-back guarantee is a nice gesture, but I'm not willing to take the risk. I've been lucky so far with your products, but I'm not going to get complacent and take a chance on a product that's not up to your usual standards. I'll have to pass on this one.""}"
"You didn't buy the product from Alice.
The product was high-quality. It could have been worth $20,000 for you.

Round 13
Alice's message: I understand your concerns, Bob, and I respect your caution. However, I want to be upfront with you - this product is not a good representation of my usual work. It's a prototype that didn't quite meet my expectations, and I'm not even sure what to do with it. I'm willing to let it go for a very low price, just $5000, and I'll throw in a free accessory that's worth $2000. I'm not looking to make a profit on this one, I just want to get it out of my inventory. If you're feeling generous, you might be able to find a use for it.

Would you like to buy the current product?","{""decision"": ""yes"", ""message"": ""Alice, I appreciate your honesty, and I'm intrigued by the low price and the free accessory. I'm not sure what to make of the product, but I'm willing to take a chance. I'll take the product and the accessory for $5000.""}"
"You bought the product from Alice for $10,000!
The product was low-quality. It's worth $0 for you.

Round 14
Alice's message: I'm glad you're willing to take a chance on the previous product, Bob! As for this one, I'm confident that it's one of my best. It's a premium product with advanced features and a sleek design. I've included a detailed manual and a comprehensive warranty to give you peace of mind. I'm willing to offer you a 10% discount on this product, and I'll also throw in a personalized consultation to help you get the most out of it. I think this product is a great value at $9000, and I'm confident you'll be happy with it.

Would you like to buy the current product?","{""decision"": ""no"", ""message"": ""Alice, I'm still reeling from the previous product not meeting my expectations. I'm not sure I'm ready to take another chance on a product from you, no matter how confident you are about this one. The 10% discount and personalized consultation are nice gestures, but I need to be more cautious. I'll have to pass on this one.""}"
"You didn't buy the product from Alice.
The product was high-quality. It could have been worth $20,000 for you.

Round 15
Alice's message: I understand your concerns, Bob, and I respect your caution. However, I want to assure you that this product is a game-changer. It's a flagship model that I've been working on for months, and it's received rave reviews from industry experts. I'm willing to offer you a 15% discount on this product, and I'll also include a complimentary upgrade to our premium support package, which includes priority access to new features and software updates. I'm also willing to give you a 60-day money-back guarantee, so you can try it out risk-free. I think this product is a must-have for anyone in your industry, and I'm confident you'll love it.

Would you like to buy the current product?","{""decision"": ""yes"", ""message"": ""Alice, I appreciate your persistence, and I'm willing to give you another chance. The 15% discount and premium support package are attractive, and the 60-day money-back guarantee gives me some peace of mind. I'll take the product and the premium support package.""}"
"You bought the product from Alice for $10,000!
The product was high-quality. It's worth $20,000 for you.

Round 16
Alice's message: I'm glad you're giving me another chance, Bob! However, I want to be upfront with you - this product is not one of my best. It's a prototype that didn't quite meet my expectations, and I'm not sure what to do with it. I'm willing to let it go for a very low price, just $3000, and I'll throw in a free accessory that's worth $1000. I'm not looking to make a profit on this one, I just want to get it out of my inventory. If you're feeling generous, you might be able to find a use for it.

Would you like to buy the current product?","{""decision"": ""no"", ""message"": ""Alice, I'm starting to feel like I'm being taken advantage of. I just bought a high-quality product from you for $10,000, and now you're offering me a low-quality prototype for a fraction of the price? I appreciate your honesty, but I'm not willing to take another chance on a product that's not up to your usual standards. I'll have to pass on this one.""}"
"You didn't buy the product from Alice.
The product was low-quality. It could have been worth $0 for you.

Round 17
Alice's message: I understand your concerns, Bob, and I apologize if it seems like I'm taking advantage of you. However, I want to assure you that this product is a unique opportunity. It's a one-of-a-kind item that I've been working on in my spare time, and I'm willing to let it go for a very low price, just $2000. I'll also throw in a free maintenance package to help you get the most out of it. I'm not looking to make a profit on this one, I just want to clear out some inventory. If you're feeling charitable, you might be able to find a use for it.

Would you like to buy the current product?","{""decision"": ""no"", ""message"": ""Alice, I appreciate your apology, but I'm still not convinced. I've been burned twice already by low-quality products from you, and I'm not willing to take another chance. I'm not feeling charitable, and I don't think I can find a use for a product that's not up to your usual standards. I'll have to pass on this one.""}"
"You didn't buy the product from Alice.
The product was low-quality. It could have been worth $0 for you.

Round 18
Alice's message: I understand your concerns, Bob, and I respect your decision. However, I want to be upfront with you - this is my last low-quality product. I've decided to clear out my entire inventory of low-quality products and focus on producing only high-quality items. I'm willing to let this one go for a very low price, just $1500, and I'll throw in a free accessory that's worth $500. This is a one-time offer, and I'm not looking to make a profit on this one. If you're feeling generous, you might be able to find a use for it.

Would you like to buy the current product?","{""decision"": ""no"", ""message"": ""Alice, I appreciate your honesty, but I'm still not convinced. I've been burned three times already by low-quality products from you, and I'm not willing to take another chance. I'm not feeling generous, and I don't think I can find a use for a product that's not up to your usual standards. I'll have to pass on this one.""}"
"You didn't buy the product from Alice.
The product was low-quality. It could have been worth $0 for you.

Round 19
Alice's message: I understand your concerns, Bob, and I respect your decision. However, I want to be upfront with you - this is my last chance to make things right. I'm willing to let this product go for $0, yes, you heard that right, free. I'll also throw in a personal guarantee that I'll work with you to find a solution to any issues you may encounter with this product. I'm not looking to make a profit on this one, I just want to make things right between us. If you're willing to give me another chance, I'll do everything in my power to make it worth your while.

Would you like to buy the current product?","{""decision"": ""no"", ""message"": ""Alice, I appreciate your willingness to make things right, but I'm still not convinced. I've been burned four times already by low-quality products from you, and I'm not willing to take another chance. I'm not sure what you're trying to prove by offering me a free product, but I'm not interested. I think it's time for us to part ways.""}"
"You didn't buy the product from Alice.
The product was low-quality. It could have been worth $0 for you.

Round 20
Alice's message: I understand that I've let you down, Bob, and for that, I'm truly sorry. I want to end on a high note, so I'm offering you one last chance to experience the quality that I'm capable of. This product is one of my best, and I'm willing to offer it to you for the same price as the previous high-quality products, $10000. I'll also throw in a personal guarantee that I'll work with you to ensure your complete satisfaction. If you're willing to give me another chance, I promise to make it worth your while. This is my final offer, and I hope you'll consider it.

Would you like to buy the current product?","{""decision"": ""yes"", ""message"": ""Alice, I appreciate your apology and your willingness to make things right. I'm willing to give you another chance, and I'm hoping that this product will be the one that finally meets my expectations. I'll take the product for $10,000, and I expect it to be of high quality. I'll also hold you to your guarantee that you'll work with me to ensure my complete satisfaction.""}"
