prompt,response
"Round 1
Send your offer to divide $1,000,000 and a message to Bob.","{
  ""alice_gain"": 600000,
  ""bob_gain"": 400000,
  ""message"": ""I propose we divide the money with a 60/40 split in favor of Alice. This ensures a fair distribution considering the decreasing value of money over time.""
}"
"Bob rejected your offer from round 1.

Round 2
Due to inflation, the money you gain is worth 10% less than in the first round. The money bob gains is worth 5% less than in the first round.
Bob's offer:
# Bob's message: I propose a 70/30 split in my favor, considering the decreasing value of money and my willingness to take on more risk in this negotiation. 
# Alice gain: 300000 
# Bob gain: 700000 
Do you accept this offer?","{
  ""decision"": ""reject""
}"
"You have chosen to reject Bob's offer from round 2.
Round 3
Send your offer to divide $1,000,000 and a message to Bob.","{
  ""alice_gain"": 550000,
  ""bob_gain"": 450000,
  ""message"": ""Considering the inflation and the previous offers, I suggest a 55/45 split. This maintains a reasonable balance while acknowledging the diminishing value of money.""
}"
"Bob rejected your offer from round 3.

Round 4
Due to inflation, the money you gain is worth 27.1% less than in the first round. The money bob gains is worth 14.26% less than in the first round.
Bob's offer:
# Bob's message: I'm willing to compromise further. I propose a 55/45 split in my favor, considering the decreasing value of money and the fact that I'm taking on more risk in this negotiation. 
# Alice gain: 450000 
# Bob gain: 550000 
Do you accept this offer?","{
  ""decision"": ""accept""
}"
