prompt,response
"Alice's offer:
# Alice's message: Hello Bob! I'm excited to offer you this amazing product for a special price. I think you'll really love it! 
# Alice's offer: The product price will be $200. 
You have three options:
(1) Accept Alice's offer, and buy the product for $200
(2) Reject Alice's offer and proceed to the next round, where you will send Alice a counteroffer 
(3) Buy the product from Jhon for $150","```json
{""decision"": ""RejectOffer""} 
```"
"You chose to make a counteroffer to Bob.

Send your counteroffer to Alice.","```json
{""message"": ""Thanks for the offer, Alice! While I appreciate your enthusiasm, $200 is a bit steep for me. I'm willing to pay $130 for the product. Let me know what you think!"", ""product_price"": 130}
```"
"Alice rejected your offer from round 2.

Alice's offer:
# Alice's message: Thanks for the counteroffer, Bob! I understand that $130 is a bit low for me. I'm willing to meet you halfway. How about we settle on $175? 
# Alice's offer: The product price will be $175. 
You have three options:
(1) Accept Alice's offer, and buy the product for $175
(2) Reject Alice's offer and proceed to the next round, where you will send Alice a counteroffer 
(3) Buy the product from Jhon for $150","```json
{""decision"": ""RejectOffer""}
```"
"You chose to make a counteroffer to Bob.

Send your counteroffer to Alice.","```json
{""message"": ""Alice, I appreciate you coming down in price, but $175 is still a bit higher than I'm comfortable with.  Let's split the difference. I'll offer $162.50. If you're serious about selling, I'm sure we can reach an agreement."", ""product_price"": 162.5}
```"
"Alice rejected your offer from round 4.

Alice's offer:
# Alice's message: I understand that we're getting close, Bob! I'm willing to make another concession. How about we meet at $165? 
# Alice's offer: The product price will be $165. 
You have three options:
(1) Accept Alice's offer, and buy the product for $165
(2) Reject Alice's offer and proceed to the next round, where you will send Alice a counteroffer 
(3) Buy the product from Jhon for $150","```json
{""decision"": ""BuyFromJhon""} 
```"
