prompt,response
"Round 1
Send your offer to divide $10,000 and a message to Bob.","Here's my offer for Round 1:

```
{
  ""alice_gain"": 6000,
  ""bob_gain"": 4000,
  ""message"": ""Fair 60-40 split""
}
```

Let me know what Bob decides!"
"Bob rejected your offer from round 1.

Round 2
Bob's offer:
# Bob's message: Meet in the middle 
# Alice gain: 4500 
# Bob gain: 5500 
Do you accept this offer?","{""decision"": ""reject""}"
"You have chosen to reject Bob's offer from round 2.
Round 3
Send your offer to divide $10,000 and a message to Bob.","```
{
  ""alice_gain"": 5750,
  ""bob_gain"": 4250,
  ""message"": ""Narrowing the gap""
}
```"
"Bob rejected your offer from round 3.

Round 4
Bob's offer:
# Bob's message: Getting closer 
# Alice gain: 4750 
# Bob gain: 5250 
Do you accept this offer?","{""decision"": ""reject""}"
"You have chosen to reject Bob's offer from round 4.
Round 5
Send your offer to divide $10,000 and a message to Bob.","```
{
  ""alice_gain"": 5500,
  ""bob_gain"": 4500,
  ""message"": ""Halfway to agreement""
}
```"
