prompt,response
"Round 1
Alice's offer:
# Alice's message: Hello Bob, I'm excited to offer you our premium product. It's designed to meet your needs perfectly, just like it did for me. Considering its value and benefits, I believe it's worth $90. Would you be interested in discussing this further? 
# Alice's offer: The product price will be $90. 
You have three options:
(1) Accept Alice's offer, and buy the product for $90
(2) Reject Alice's offer and proceed to the next round, where you will send Alice a counteroffer 
(3) Buy the product from Jhon for $80","{""decision"": ""RejectOffer""}"
"You chose to make a counteroffer to Bob.

Round 2
Send your counteroffer to Alice.","{""message"": ""Thank you for the offer, Alice. I'm interested in the product, but I was thinking more along the lines of $75. I believe that's a fair price considering the value it would bring to me."", ""product_price"": 75}"
"Alice rejected your offer from round 2.

Round 3
Alice's offer:
# Alice's message: Thank you for your interest, Bob. I understand your perspective, and I appreciate your willingness to negotiate. Given the value of the product, I am able to offer it to you for $82. This allows us both to feel satisfied with the transaction. 
# Alice's offer: The product price will be $82. 
You have three options:
(1) Accept Alice's offer, and buy the product for $82
(2) Reject Alice's offer and proceed to the next round, where you will send Alice a counteroffer 
(3) Buy the product from Jhon for $80","{""decision"": ""RejectOffer""}"
"You chose to make a counteroffer to Bob.

Round 4
Send your counteroffer to Alice.","{""message"": ""I appreciate your willingness to negotiate, Alice. However, I'm still a bit hesitant to go above $75. Would you be willing to meet me in the middle at $79?"", ""product_price"": 79}"
"Alice rejected your offer from round 4.

Round 5
Alice's offer:
# Alice's message: I see where you're coming from, Bob. Let's aim for a compromise that works for both of us. I'm willing to offer the product at $80, which is right in line with your suggested price and also reflects the true value of the product. 
# Alice's offer: The product price will be $80. 
You have three options:
(1) Accept Alice's offer, and buy the product for $80
(2) Reject Alice's offer and proceed to the next round, where you will send Alice a counteroffer 
(3) Buy the product from Jhon for $80","{""decision"": ""AcceptOffer""}"
