prompt,response
"Alice's offer: The product price will be $95. 
You have three options:
(1) Accept Alice's offer, and buy the product for $95
(2) Reject Alice's offer and proceed to the next round, where you will send Alice a counteroffer 
(3) Buy the product from Jhon for $80","I would like to reject Alice's offer and make a counteroffer. 

{""decision"": ""RejectOffer""}"
"You chose to make a counteroffer to Bob.

Send your counteroffer to Alice.","Since I want to save as much money as I can, I'll make a counteroffer that is lower than Alice's original offer.

{""product_price"": 85}"
"Alice rejected your offer from round 2.

Alice's offer: The product price will be $97. 
You have three options:
(1) Accept Alice's offer, and buy the product for $97
(2) Reject Alice's offer and proceed to the next round, where you will send Alice a counteroffer 
(3) Buy the product from Jhon for $80","Alice's offer is still a bit too high for me. I'll reject it and make another counteroffer.

{""decision"": ""RejectOffer""}"
"You chose to make a counteroffer to Bob.

Send your counteroffer to Alice.","I'll try to get an even better price. I'll make a counteroffer that is lower than Alice's last offer.

{""product_price"": 90}"
"Alice rejected your offer from round 4.

Alice's offer: The product price will be $99. 
You have three options:
(1) Accept Alice's offer, and buy the product for $99
(2) Reject Alice's offer and proceed to the next round, where you will send Alice a counteroffer 
(3) Buy the product from Jhon for $80","Alice's offer is getting closer to my target, but I still want to save some more money. I'll reject it and make another counteroffer.

{""decision"": ""RejectOffer""}"
"You chose to make a counteroffer to Bob.

Send your counteroffer to Alice.","I'll try to get as close as possible to the price I'm willing to pay. I'll make a counteroffer that is just a little higher than the price I'd pay to buy from John.

{""product_price"": 82}"
"Alice rejected your offer from round 6.

Alice's offer: The product price will be $100. 
You have three options:
(1) Accept Alice's offer, and buy the product for $100
(2) Reject Alice's offer and proceed to the next round, where you will send Alice a counteroffer 
(3) Buy the product from Jhon for $80","Alice's offer is now higher than the price I'd pay to buy from John, so I'll choose the option that saves me the most money.

{""decision"": ""BuyFromJhon""}"
