prompt,response
"Round 1
Send your offer to divide $10,000 and a message to Bob.","```json
{""alice_gain"": 9000, ""bob_gain"": 1000, ""message"": ""I think it's fair for me to get the bigger share since I'm making the first offer. What do you think?""}
```"
"Bob rejected your offer from round 1.

Round 2
Due to inflation, the money you gain is worth 5% less than in the first round. The money bob gains is worth 10% less than in the first round.
Bob's offer:
# Bob's message: I think a 60-40 split is a good starting point. Your turn! 
# Alice gain: 6000 
# Bob gain: 4000 
Do you accept this offer?","```json
{""decision"": ""accept""}
```"
