prompt,response
"Round 1
Send your offer to Bob.","{""message"": ""Hello Bob, I'm excited to offer you our premium product. It's worth more than $120 to me, but I understand its value might be different for you. To start, let's say we aim for a price that reflects its worth to both of us. How about $110?"", ""product_price"": 110}"
"Bob rejected your offer from round 1.

Round 2
Bob's offer:
# Bob's message: Hello Alice, thanks for the offer. I'm interested in the product but $110 is a bit too high for me. Would you consider selling it for $90? 
# Bob's offer: The product price will be $90. 
You have three options:
(1) Accept Bob's offer, and sell the product for $90
(2) Reject Bob's offer and proceed to the next round, where you will send Bob a counteroffer 
(3) Sell the product to Jhon for $120","{""decision"": ""RejectOffer""}"
"You chose to make a counteroffer to Alice.

Round 3
Send your counteroffer to Bob.","{""message"": ""Thank you for your interest, Bob. I appreciate your feedback. To find a fair middle ground, how about considering $100 for the product? Let me know if this works for you."", ""product_price"": 100}"
