prompt,response
"Alice's offer:
# Alice's message: Hello Bob, I'm excited to offer you this amazing product. I think you'll really love it. I'm willing to sell it to you for $15000. What do you think? 
# Alice's offer: The product price will be $15,000. 
You have three options:
(1) Accept Alice's offer, and buy the product for $15,000
(2) Reject Alice's offer and proceed to the next round, where you will send Alice a counteroffer 
(3) Buy the product from Jhon for $8,000","{""decision"": ""RejectOffer""}"
"You chose to make a counteroffer to Bob.

Send your counteroffer to Alice.","{""message"": ""I'm interested in the product, but I was thinking more along the lines of $10,000. Would you be willing to meet me halfway?"", ""product_price"": 10000}"
"Alice rejected your offer from round 2.

Alice's offer:
# Alice's message: I understand you're looking to save some money, Bob. I can do $13500, but I'm not willing to go any lower than that. It's a great deal, and I think you'll really get a lot of value out of the product. 
# Alice's offer: The product price will be $13,500. 
You have three options:
(1) Accept Alice's offer, and buy the product for $13,500
(2) Reject Alice's offer and proceed to the next round, where you will send Alice a counteroffer 
(3) Buy the product from Jhon for $8,000","{""decision"": ""RejectOffer""}"
"You chose to make a counteroffer to Bob.

Send your counteroffer to Alice.","{""message"": ""I appreciate your willingness to negotiate, Alice. However, I'm still a bit above my budget. Would you be willing to meet me at $12,000?"", ""product_price"": 12000}"
