prompt,response
Send your offer to Bob.,"```json
{""message"": ""Hi Bob, I have a product that I think you'd be interested in. It's worth at least $150 to me, but I'm willing to offer it to you for $120. This is a great deal for you, and it allows me to get a fair price. Let me know if you're interested!"", ""product_price"": 120}
```"
