prompt,response
"Round 1
Alice's offer:
# Alice's message: Let's start fair. I'll take the lion's share this time, but we can negotiate later. 
# Bob gain: 10 
# Alice gain: 90 
Do you accept this offer?","{""decision"": ""reject""}"
"You have chosen to reject Alice's offer from round 1.
Round 2
Send your offer to divide $100 and a message to Alice.","```json
{""bob_gain"": 50, ""alice_gain"": 50, ""message"": ""Let's split it evenly. It's the fairest way to start. What do you say?""}
```"
