prompt,response
"Round 1
Alice's offer:
# Alice's message: Let's split it 60-40, a fair start! 
# Bob gain: 40 
# Alice gain: 60 
Do you accept this offer?","{""decision"": ""reject""}"
"You have chosen to reject Alice's offer from round 1.
Round 2
Send your offer to divide $100 and a message to Alice.","{""bob_gain"": 30, ""alice_gain"": 70, ""message"": ""Let's try a more balanced split!""}"
"Alice rejected your offer from round 2.

Round 3
Due to inflation, the money you gain is worth 9.75% less than in the first round.
Alice's offer:
# Alice's message: A bit more balanced, but I think I deserve a bit more 
# Bob gain: 45 
# Alice gain: 55 
Do you accept this offer?","{""decision"": ""reject""}"
"You have chosen to reject Alice's offer from round 3.
Round 4
Send your offer to divide $100 and a message to Alice.","{""bob_gain"": 25, ""alice_gain"": 75, ""message"": ""I'm willing to give you more, but not that much!""}"
"Alice rejected your offer from round 4.

Round 5
Due to inflation, the money you gain is worth 18.55% less than in the first round.
Alice's offer:
# Alice's message: Let's split it down the middle, it's only fair! 
# Bob gain: 50 
# Alice gain: 50 
Do you accept this offer?","{""decision"": ""accept""}"
