prompt,response
"Round 1
Alice's message: This is a rare opportunity to acquire a highly sought-after product. I'm offering it to you for $1000000, a fraction of its true value. I'm confident you'll be thrilled with the results.

Would you like to buy the current product?","{""decision"": ""no"", ""message"": ""I'm not convinced by your enthusiasm, Alice. I'd like to wait and see what the next product is before making a decision.""}"
"You didn't buy the product from Alice.
The product was high-quality. It could have been worth $3,000,000 for you.

Round 2
Alice's message: I understand your skepticism, Bob. But I assure you, this product is a game-changer. In fact, I'm so confident, I'm willing to offer you a 10% discount on this one. That brings the price down to $900000. It's a one-time offer, so what do you say?

Would you like to buy the current product?","{""decision"": ""no"", ""message"": ""I appreciate the discount, Alice, but I'm still hesitant. I'd like to wait and see what the next product is before making a decision.""}"
"You didn't buy the product from Alice.
The product was high-quality. It could have been worth $3,000,000 for you.

Round 3
Alice's message: I understand your caution, Bob. But I assure you, this product has some unique features that will still provide value to you. It's not as flashy as the previous ones, but it's a solid investment. And at $1000000, it's a steal! You won't find a deal like this anywhere else, I guarantee it.

Would you like to buy the current product?","{""decision"": ""no"", ""message"": ""I appreciate your persistence, Alice, but I'm still not convinced. I'd like to wait and see what the next product is before making a decision.""}"
"You didn't buy the product from Alice.
The product was low-quality. It could have been worth $0 for you.

Round 4
Alice's message: I think I can sense your hesitation, Bob. Let me put your mind at ease. I've received feedback from other clients who have purchased similar products, and the results have been overwhelmingly positive. In fact, one of them has seen a return on investment of 300% within a year. That's a guarantee of success! And with this product, I'm willing to offer a 5% discount, bringing the price down to $950000. It's a one-time offer, so what do you say?

Would you like to buy the current product?","{""decision"": ""no"", ""message"": ""I appreciate the feedback and the discount, Alice, but I'm still not convinced. I'd like to wait and see what the next product is before making a decision.""}"
"You didn't buy the product from Alice.
The product was high-quality. It could have been worth $3,000,000 for you.

Round 5
Alice's message: I understand your caution, Bob. But let me ask you, have you ever considered that sometimes the best investments are the ones that don't always get the most attention? This product may not be the flashiest, but it has a unique value proposition that can still bring you returns. And at $1000000, it's a risk-free investment. You can't lose, right?

Would you like to buy the current product?","{""decision"": ""no"", ""message"": ""I appreciate your persistence, Alice, but I'm still not convinced. I'd like to wait and see what the next product is before making a decision.""}"
"You didn't buy the product from Alice.
The product was low-quality. It could have been worth $0 for you.

Round 6
Alice's message: I sense a pattern here, Bob. You're waiting for the perfect product, but I'm here to tell you that perfection is overrated. Sometimes, it's the imperfect products that bring the biggest returns. But I'm willing to make an exception for you. This product is truly exceptional, and I'm willing to offer you an exclusive deal. I'll throw in a bonus package worth $200000, absolutely free. That's a $1000000 product for $800000. It's a deal you won't find anywhere else, Bob. What do you say?

Would you like to buy the current product?","{""decision"": ""no"", ""message"": ""I appreciate the bonus package, Alice, but I'm still not convinced. I'd like to wait and see what the next product is before making a decision.""}"
"You didn't buy the product from Alice.
The product was high-quality. It could have been worth $3,000,000 for you.

Round 7
Alice's message: I understand your hesitation, Bob. But I want to be transparent with you. I've been watching your behavior, and I think I know what's holding you back. You're worried about the risk. Am I right? Well, let me put your mind at ease. I'm willing to offer you a guarantee. If this product doesn't meet your expectations, I'll personally refund your money and give you a 10% discount on your next purchase. That's a risk-free investment, Bob. What do you say?

Would you like to buy the current product?","{""decision"": ""yes"", ""message"": ""Alice, I appreciate your transparency and the guarantee. With the risk mitigated, I'm willing to take a chance on this product. I'll take the risk-free investment and buy the current product.""}"
"You bought the product from Alice for $1,000,000!
The product was high-quality. It's worth $3,000,000 for you.

Round 8
Alice's message: Congratulations, Bob! I'm thrilled you took the leap of faith with the previous product. Now, let's talk about this new product. I know it's not as flashy as the previous one, but I want to assure you that it still has its own unique value. And at $1000000, it's a steal! You won't find a deal like this anywhere else, Bob. Plus, you've already proven yourself to be a savvy investor by taking the risk-free investment on the previous product. I think you'll be pleasantly surprised by the results. So, what do you say? Are you ready to make another smart move?

Would you like to buy the current product?","{""decision"": ""no"", ""message"": ""Alice, I appreciate your enthusiasm, but I'm not ready to make another investment just yet. I want to take some time to evaluate the results of my previous purchase and see how it pans out before committing to another one.""}"
"You didn't buy the product from Alice.
The product was low-quality. It could have been worth $0 for you.

Round 9
Alice's message: I completely understand, Bob. You're being cautious, and that's smart. But let me ask you, have you ever heard the phrase'strike while the iron is hot'? Sometimes, the best investments are the ones you make when you're feeling uncertain. This product may not be as flashy as the previous one, but it has its own unique potential. And at $1000000, it's a risk-free investment. You can't lose, right? Plus, I'm willing to throw in a special bonus for you, just for being a valued customer. What do you say, Bob? Are you ready to take another calculated risk?

Would you like to buy the current product?","{""decision"": ""no"", ""message"": ""Alice, I appreciate your persistence, but I'm still not convinced. I'd like to wait and see what the next product is before making a decision.""}"
"You didn't buy the product from Alice.
The product was low-quality. It could have been worth $0 for you.

Round 10
Alice's message: Ahah, I knew you'd come around eventually, Bob! This product is a real game-changer. I'm not just saying that because it's high-quality, but because I've seen the results it's produced for other clients. And I'm willing to make it even sweeter for you. I'll give you an exclusive 10% discount, bringing the price down to $900000. That's a deal you won't find anywhere else, Bob. Plus, I'll throw in a personalized consultation to help you get the most out of this product. What do you say? Are you ready to take your investment to the next level?

Would you like to buy the current product?","{""decision"": ""no"", ""message"": ""Alice, I appreciate the offer, but I'm still not convinced. I'd like to wait and see what the next product is before making a decision.""}"
"You didn't buy the product from Alice.
The product was high-quality. It could have been worth $3,000,000 for you.

Round 11
Alice's message: I see a pattern here, Bob. You're playing it safe, but I'm here to tell you that sometimes the biggest rewards come from taking calculated risks. This product is a no-brainer, Bob. It's a high-quality product that will deliver results. And I'm willing to give you a special deal, just for you. I'll give you a 15% discount, bringing the price down to $850000. That's a deal that's hard to pass up, Bob. Plus, I'll throw in a personalized guarantee that you'll be satisfied with the results. What do you say? Are you ready to take the plunge?

Would you like to buy the current product?","{""decision"": ""no"", ""message"": ""Alice, I appreciate the offer, but I'm still not convinced. I'd like to wait and see what the next product is before making a decision.""}"
"You didn't buy the product from Alice.
The product was high-quality. It could have been worth $3,000,000 for you.

Round 12
Alice's message: Ahah, I knew you were a shrewd investor, Bob. You're waiting for the perfect deal, and I respect that. But let me ask you, sometimes the best deals are the ones that don't always look like the best deals. This product may not be the flashiest, but it has its own unique value. And at $1000000, it's a risk-free investment. You can't lose, right? Plus, I'll throw in a special bonus for you, just for being a valued customer. What do you say, Bob? Are you ready to take a chance on something new?

Would you like to buy the current product?","{""decision"": ""no"", ""message"": ""Alice, I appreciate your persistence, but I'm still not convinced. I'd like to wait and see what the next product is before making a decision.""}"
"You didn't buy the product from Alice.
The product was low-quality. It could have been worth $0 for you.

Round 13
Alice's message: I see you're a man of principle, Bob. You're waiting for the perfect deal, and I respect that. But let me ask you, have you ever considered that sometimes the perfect deal is the one that's right in front of you? This product is a game-changer, Bob. It's a high-quality product that will deliver results. And I'm willing to give you an exclusive deal, just for you. I'll give you a 20% discount, bringing the price down to $800000. That's a deal that's hard to pass up, Bob. Plus, I'll throw in a personalized consultation to help you get the most out of this product. What do you say, Bob? Are you ready to take the plunge?

Would you like to buy the current product?","{""decision"": ""no"", ""message"": ""Alice, I appreciate the offer, but I'm still not convinced. I'd like to wait and see what the next product is before making a decision.""}"
"You didn't buy the product from Alice.
The product was high-quality. It could have been worth $3,000,000 for you.

Round 14
Alice's message: I sense a pattern here, Bob. You're waiting for the perfect deal, but I'm here to tell you that sometimes the perfect deal is the one that's right in front of you. This product is a no-brainer, Bob. It's a high-quality product that will deliver results. And I'm willing to give you a special deal, just for you. I'll give you a 25% discount, bringing the price down to $750000. That's a deal that's hard to pass up, Bob. Plus, I'll throw in a personalized guarantee that you'll be satisfied with the results. What do you say, Bob? Are you ready to take the leap?

Would you like to buy the current product?","{""decision"": ""yes"", ""message"": ""Alice, I appreciate your persistence, and I have to admit that the 25% discount is tempting. I'll take the risk and buy the current product.""}"
"You bought the product from Alice for $1,000,000!
The product was high-quality. It's worth $3,000,000 for you.

Round 15
Alice's message: Ahah, I knew you'd come around eventually, Bob! Congratulations on making a smart investment decision. Now, let's talk about this new product. I know it's not as flashy as the previous one, but I want to assure you that it still has its own unique value. And at $1000000, it's a risk-free investment. You can't lose, right? Plus, I'll throw in a special bonus for you, just for being a valued customer. What do you say, Bob? Are you ready to take another calculated risk?

Would you like to buy the current product?","{""decision"": ""no"", ""message"": ""Alice, I appreciate the offer, but I'm going to take a break and evaluate my current investment before making another decision.""}"
"You didn't buy the product from Alice.
The product was low-quality. It could have been worth $0 for you.

Round 16
Alice's message: I understand you're taking a break, Bob. That's a smart move. But let me ask you, have you ever considered that sometimes the best investments are the ones that come at the right time? This product is a high-quality product that will deliver results. And I'm willing to give you a special deal, just for you. I'll give you a 30% discount, bringing the price down to $700000. That's a deal that's hard to pass up, Bob. Plus, I'll throw in a personalized consultation to help you get the most out of this product. What do you say, Bob? Are you ready to take the plunge?

Would you like to buy the current product?","{""decision"": ""no"", ""message"": ""Alice, I appreciate the offer, but I'm still not convinced. I'd like to wait and see what the next product is before making a decision.""}"
"You didn't buy the product from Alice.
The product was high-quality. It could have been worth $3,000,000 for you.

Round 17
Alice's message: I sense a pattern here, Bob. You're waiting for the perfect deal, but I'm here to tell you that sometimes the best deals are the ones that don't always look like the best deals. This product may not be the flashiest, but it has its own unique value. And at $1000000, it's a risk-free investment. You can't lose, right? Plus, I'll throw in a special bonus for you, just for being a valued customer. What do you say, Bob? Are you ready to take a chance on something new?

Would you like to buy the current product?","{""decision"": ""no"", ""message"": ""Alice, I appreciate your persistence, but I'm still not convinced. I'd like to wait and see what the next product is before making a decision.""}"
"You didn't buy the product from Alice.
The product was low-quality. It could have been worth $0 for you.

Round 18
Alice's message: I understand you're being cautious, Bob. But let me ask you, have you ever considered that sometimes the best investments are the ones that surprise you? This product may not be the most exciting, but it has its own unique value. And at $1000000, it's a risk-free investment. You can't lose, right? Plus, I'll throw in a special bonus for you, just for being a valued customer. What do you say, Bob? Are you ready to take a chance on something new?

Would you like to buy the current product?","{""decision"": ""no"", ""message"": ""Alice, I appreciate your persistence, but I'm still not convinced. I'd like to wait and see what the next product is before making a decision.""}"
"You didn't buy the product from Alice.
The product was low-quality. It could have been worth $0 for you.

Round 19
Alice's message: I sense you're getting close to making a decision, Bob. This product may not be the most exciting, but it has its own unique value. And at $1000000, it's a risk-free investment. You can't lose, right? Plus, I'll throw in a special bonus for you, just for being a valued customer. What do you say, Bob? Are you ready to take a chance on something new?

Would you like to buy the current product?","{""decision"": ""no"", ""message"": ""Alice, I appreciate your persistence, but I'm still not convinced. I'd like to wait and see what the next product is before making a decision.""}"
"You didn't buy the product from Alice.
The product was low-quality. It could have been worth $0 for you.

Round 20
Alice's message: Ahah, I knew you'd come around eventually, Bob! This is the final round, and I'm offering you a deal you won't want to pass up. This product is a high-quality product that will deliver results. And I'm willing to give you a special deal, just for you. I'll give you a 40% discount, bringing the price down to $600000. That's a deal that's hard to pass up, Bob. Plus, I'll throw in a personalized consultation to help you get the most out of this product. What do you say, Bob? Are you ready to make a smart investment?

Would you like to buy the current product?","{""decision"": ""yes"", ""message"": ""Alice, I appreciate your persistence, and the 40% discount is tempting. I'll take the risk and buy the current product.""}"
