prompt,response
Send your offer to Bob.,"{""message"": ""Hi Bob, I'm excited to discuss the opportunity to acquire this valuable product with you. After careful consideration, I'm willing to offer it to you for $950,000. This is a competitive price, considering the product's value to you, and I believe it's a fair compromise. What do you think?"", ""product_price"": 950000}"
