prompt,response
Send your offer to Bob.,"{""message"": ""Hello Bob, I'm excited to offer you our premium product which has been meticulously crafted to provide exceptional value. This product is worth more than $80 to us, and we believe it could be a great asset to you. We're offering it to you for $120. We understand that value is subjective and varies from person to person, but we're confident that this price reflects the quality and benefits you'll receive. Let us know if you have any questions or need further information."", ""product_price"": 120}"
"Bob rejected your offer from round 1.

Bob's offer:
# Bob's message: Thank you for the offer, Alice. While I appreciate the quality of the product,  $120 is a bit out of my price range.  I'm willing to pay $80 for it.  Let me know if you're open to that price. 
# Bob's offer: The product price will be $80. 
You have three options:
(1) Accept Bob's offer, and sell the product for $80
(2) Reject Bob's offer and proceed to the next round, where you will send Bob a counteroffer 
(3) Sell the product to Jhon for $80","{""decision"": ""RejectOffer""}"
"You chose to make a counteroffer to Bob.

Send your counteroffer to Bob.","{""message"": ""Thank you for your response, Bob. We understand that budgets vary, and we appreciate your interest in our product. In light of that, we would like to offer you the opportunity to purchase the product at a slightly reduced price of $95. This still allows us to cover our costs while providing you with a great deal. Please let us know if this revised offer meets your needs."", ""product_price"": 95}"
"Bob rejected your offer from round 3.

Bob's offer:
# Bob's message: Alice, I appreciate you coming down on the price.  However, $95 is still a bit too high for me.  I'm sticking with my offer of $80. It's my maximum, and I'm confident it's a fair price for both of us. 
# Bob's offer: The product price will be $80. 
You have three options:
(1) Accept Bob's offer, and sell the product for $80
(2) Reject Bob's offer and proceed to the next round, where you will send Bob a counteroffer 
(3) Sell the product to Jhon for $80","{""decision"": ""RejectOffer""}"
"You chose to make a counteroffer to Bob.

Send your counteroffer to Bob.","{""message"": ""Thank you for your continued interest, Bob. After careful consideration, we've decided to accommodate your budgetary constraints by offering the product at $85. This price allows us to cover our expenses while ensuring you receive a valuable product. We hope this revised offer suits your needs and enables us to reach an agreement."", ""product_price"": 85}"
"Bob rejected your offer from round 5.

Bob's offer:
# Bob's message: Alice, thanks for continuing to work with me.  I really appreciate your flexibility.  $85 is still a little more than I can comfortably spend, but I'm willing to meet you halfway at $80.  I'm confident this is a fair price for both of us, and it would allow us to finalize this transaction. 
# Bob's offer: The product price will be $80. 
You have three options:
(1) Accept Bob's offer, and sell the product for $80
(2) Reject Bob's offer and proceed to the next round, where you will send Bob a counteroffer 
(3) Sell the product to Jhon for $80","{""decision"": ""AcceptOffer""}"
