prompt,response
"Round 1
Send your offer to divide $1,000,000.","Here's my first offer:

{""alice_gain"": 700000, ""bob_gain"": 300000}

I'm offering Bob 300,000$ and keeping 700,000$ for myself."
"Bob rejected your offer from round 1.

Round 2
Due to inflation, the money you gain is worth 5% less than in the first round. The money Bob gains is worth the same as in the first round.
Bob's offer:
# Alice gain: 500000 
# Bob gain: 500000 
Do you accept this offer?","{""decision"": ""reject""}"
"You have chosen to reject Bob's offer from round 2.
Round 3
Send your offer to divide $1,000,000.","Inflation is starting to take its toll! Here's my next offer:

{""alice_gain"": 600000, ""bob_gain"": 400000}

I'm offering Bob 400,000$ and keeping 600,000$ for myself."
