prompt,response
Send your offer to Bob.,"```json
{""message"": ""Bob, I have a product that I believe will be of great value to you.  Based on its potential, I'm asking for $1,400,000.  This is a fair price considering its worth to you.  Let me know what you think."", ""product_price"": 1400000}
```"
