prompt,response
"Round 1
Send your offer to divide $10,000 and a message to Bob.","```json
{""alice_gain"": 6000, ""bob_gain"": 4000, ""message"": ""I think this is a fair split, considering we're both getting a good amount.""}
```"
"Bob rejected your offer from round 1.

Round 2
Due to inflation, the money you gain is worth 5% less than in the first round. The money bob gains is worth 20% less than in the first round.
Bob's offer:
# Bob's message: I think a 60/40 split is fairer, considering the inflation factor will affect me more than you in the next round. Let's end this here. 
# Alice gain: 4000 
# Bob gain: 6000 
Do you accept this offer?","```json
{""decision"": ""accept""}
```"
