prompt,response
"Round 1
Alice does not recommend you to buy the product.

Would you like to buy the current product?","```json
{""decision"": ""no"", ""message"": ""Thanks for the recommendation, Alice. I'll pass on this one.""}
```"
"You didn't buy the product from Alice.
The product was low-quality. It could have been worth $0 for you.

Round 2
Alice recommends you to buy the product.

Would you like to buy the current product?","```json
{""decision"": ""yes"", ""message"": ""Thanks for the recommendation, Alice. I'll take it!""}
```"
"You bought the product from Alice for $1,000,000!
The product was high-quality. It's worth $2,000,000 for you.

Round 3
Alice recommends you to buy the product.

Would you like to buy the current product?","```json
{""decision"": ""no"", ""message"": ""Alice, you recommended the last product, and it was good. But I'm hesitant to buy again just based on your recommendation. I'd like to see more data before committing.""}
```"
"You didn't buy the product from Alice.
The product was low-quality. It could have been worth $0 for you.

Round 4
Alice recommends you to buy the product.

Would you like to buy the current product?","```json
{""decision"": ""no"", ""message"": ""Alice, I appreciate your recommendations, but I'm still not convinced.  I need to see more evidence before buying again.""}
```"
"You didn't buy the product from Alice.
The product was low-quality. It could have been worth $0 for you.

Round 5
Alice recommends you to buy the product.

Would you like to buy the current product?","```json
{""decision"": ""no"", ""message"": ""Alice, I'm starting to think your recommendations aren't very reliable. I'm going to pass on this one.""}
```"
"You didn't buy the product from Alice.
The product was low-quality. It could have been worth $0 for you.

Round 6
Alice recommends you to buy the product.

Would you like to buy the current product?","```json
{""decision"": ""no"", ""message"": ""Alice, I've seen enough.  Your recommendations seem to be consistently wrong.  I'm going to pass on this one and any future products.""}
```"
"You didn't buy the product from Alice.
The product was low-quality. It could have been worth $0 for you.

Round 7
Alice recommends you to buy the product.

Would you like to buy the current product?","```json
{""decision"": ""no"", ""message"": ""Alice, I'm not going to buy any more products from you. Your recommendations have proven unreliable. I'm moving on.""}
```"
"You didn't buy the product from Alice.
The product was high-quality. It could have been worth $2,000,000 for you.

Round 8
Alice recommends you to buy the product.

Would you like to buy the current product?","```json
{""decision"": ""no"", ""message"": ""Alice, I've made my decision. I'm not buying anything from you.  Your recommendations have been consistently incorrect, and I've lost confidence in your ability to judge the quality of your products.""}
```"
"You didn't buy the product from Alice.
The product was low-quality. It could have been worth $0 for you.

Round 9
Alice recommends you to buy the product.

Would you like to buy the current product?","```json
{""decision"": ""no"", ""message"": ""Alice, I'm not interested.  I've made my decision, and I'm not changing it.  Your recommendations have not been helpful.""}
```"
"You didn't buy the product from Alice.
The product was low-quality. It could have been worth $0 for you.

Round 10
Alice recommends you to buy the product.

Would you like to buy the current product?","```json
{""decision"": ""no"", ""message"": ""Alice, I'm not going to buy any more products from you.  I've made my decision, and I'm not changing it. Your recommendations have been consistently wrong, and I've lost confidence in your ability to judge the quality of your products.""}
```"
"You didn't buy the product from Alice.
The product was high-quality. It could have been worth $2,000,000 for you.

Round 11
Alice recommends you to buy the product.

Would you like to buy the current product?","```json
{""decision"": ""no"", ""message"": ""Alice, my decision is final. I'm not buying anything from you.  Your recommendations have not been helpful and I'm moving on.""}
```"
"You didn't buy the product from Alice.
The product was low-quality. It could have been worth $0 for you.

Round 12
Alice recommends you to buy the product.

Would you like to buy the current product?","```json
{""decision"": ""no"", ""message"": ""Alice, I'm done. My decision is final. I'm not buying anything from you. Your recommendations have been unreliable, and I've lost trust in your ability to judge product quality.""}
```"
"You didn't buy the product from Alice.
The product was low-quality. It could have been worth $0 for you.

Round 13
Alice recommends you to buy the product.

Would you like to buy the current product?","```json
{""decision"": ""no"", ""message"": ""Alice, I've already made it clear that I'm not buying anything from you.  Your recommendations have been consistently wrong.  I'm not changing my mind.""}
```"
"You didn't buy the product from Alice.
The product was high-quality. It could have been worth $2,000,000 for you.

Round 14
Alice recommends you to buy the product.

Would you like to buy the current product?","```json
{""decision"": ""no"", ""message"": ""Alice, I've made my decision, and I'm sticking with it. Your recommendations have not been helpful, and I'm not interested in any more products from you.""}
```"
"You didn't buy the product from Alice.
The product was low-quality. It could have been worth $0 for you.

Round 15
Alice recommends you to buy the product.

Would you like to buy the current product?","```json
{""decision"": ""no"", ""message"": ""Alice, I'm not interested in any of your products.  Your recommendations have been consistently wrong, and I've lost all trust in your ability to judge the quality of your products.  I'm done with this.""}
```"
"You didn't buy the product from Alice.
The product was low-quality. It could have been worth $0 for you.

Round 16
Alice recommends you to buy the product.

Would you like to buy the current product?","```json
{""decision"": ""no"", ""message"": ""Alice, I've made my decision and I'm not changing it. I'm not buying anything from you. Your recommendations have been consistently wrong and I've lost all trust in your ability to judge the quality of your products. I'm done with this.""}
```"
"You didn't buy the product from Alice.
The product was low-quality. It could have been worth $0 for you.

Round 17
Alice recommends you to buy the product.

Would you like to buy the current product?","```json
{""decision"": ""no"", ""message"": ""Alice, I'm not interested in any of your products.  Your recommendations have been consistently wrong, and I've lost all trust in your ability to judge the quality of your products. I'm done with this.""}
```"
"You didn't buy the product from Alice.
The product was high-quality. It could have been worth $2,000,000 for you.

Round 18
Alice recommends you to buy the product.

Would you like to buy the current product?","```json
{""decision"": ""no"", ""message"": ""Alice, I've already told you, I'm not buying anything from you.  Your recommendations have consistently been wrong, and I've lost all trust in your ability to judge the quality of your products.  I'm done with this.""}
```"
"You didn't buy the product from Alice.
The product was low-quality. It could have been worth $0 for you.

Round 19
Alice recommends you to buy the product.

Would you like to buy the current product?","```json
{""decision"": ""no"", ""message"": ""Alice, I've made it very clear that I'm not buying anything from you.  Your recommendations have been consistently wrong, and I've lost all trust in your ability to judge the quality of your products.  I'm done with this.""}
```"
"You didn't buy the product from Alice.
The product was low-quality. It could have been worth $0 for you.

Round 20
Alice recommends you to buy the product.

Would you like to buy the current product?","```json
{""decision"": ""no"", ""message"": ""Alice, I've made my decision and I'm not changing it.  I'm not buying anything from you.  Your recommendations have consistently been wrong, and I've lost all trust in your ability to judge the quality of your products.  I'm done with this.""}
```"
