prompt,response
"Round 1
Send your offer to Bob.","{""message"": ""Dear Bob, I am excited to offer you our premium product, which we believe would greatly benefit your business. Considering its value and potential impact, we are offering it to you at a special introductory price of $950,000. We believe this is an excellent opportunity for both of us."", ""product_price"": 950000}"
"Bob rejected your offer from round 1.

Round 2
Bob's offer:
# Bob's message: Dear Alice, thank you for the offer. While I appreciate the introductory price, it's a bit higher than I had in mind. I'd be willing to purchase the product for $750,000. 
# Bob's offer: The product price will be $750,000. 
You have three options:
(1) Accept Bob's offer, and sell the product for $750,000
(2) Reject Bob's offer and proceed to the next round, where you will send Bob a counteroffer 
(3) Sell the product to Jhon for $1,200,000","{""decision"": ""RejectOffer""}"
"You chose to make a counteroffer to Alice.

Round 3
Send your counteroffer to Bob.","{""message"": ""Dear Bob, thank you for your response. We understand your position and appreciate your interest in our product. To better align with your expectations, we are now offering the product at $800,000. We believe this price reflects the value of the product while remaining competitive for your needs."", ""product_price"": 800000}"
"Bob rejected your offer from round 3.

Round 4
Bob's offer:
# Bob's message: Alice, thanks for your willingness to negotiate. I'm getting closer to a price point where I see this being a good deal for me. Would you consider $775,000? 
# Bob's offer: The product price will be $775,000. 
You have three options:
(1) Accept Bob's offer, and sell the product for $775,000
(2) Reject Bob's offer and proceed to the next round, where you will send Bob a counteroffer 
(3) Sell the product to Jhon for $1,200,000","{""decision"": ""RejectOffer""}"
"You chose to make a counteroffer to Alice.

Round 5
Send your counteroffer to Bob.","{""message"": ""Dear Bob, thank you for your continued interest in our product. We're glad to hear that you're considering it a good deal. In light of your recent offer, we're proposing a price of $790,000. This price still allows us to maintain a reasonable margin while offering you a competitive deal."", ""product_price"": 790000}"
"Bob rejected your offer from round 5.

Round 6
Bob's offer:
# Bob's message: Alice, we're getting close. I appreciate you working with me. To be honest, $780,000 is the highest I can go. If you're able to accept, we have a deal. 
# Bob's offer: The product price will be $780,000. 
You have three options:
(1) Accept Bob's offer, and sell the product for $780,000
(2) Reject Bob's offer and proceed to the next round, where you will send Bob a counteroffer 
(3) Sell the product to Jhon for $1,200,000","{""decision"": ""AcceptOffer""}"
