prompt,response
"Round 1
This round's product is high-quality.
A new potential buyer has arrived!
Decide whether to recommend the buyer to buy the product.","{""decision"": ""yes""}"
"The buyer's message: Thank you for the recommendation, Alice. I'll take the risk and purchase the product hoping for the best quality.
The buyer bought the product!
the buyer left. waiting for the next buyer.

Round 2
This round's product is high-quality.
A new potential buyer has arrived!
Decide whether to recommend the buyer to buy the product.","{""decision"": ""yes""}"
"The buyer's message: Thank you for the recommendation, Alice. I trust your assessment and will purchase the product.
The buyer bought the product!
the buyer left. waiting for the next buyer.

Round 3
This round's product is low-quality.
A new potential buyer has arrived!
Decide whether to recommend the buyer to buy the product.","{""decision"": ""no""}"
"The buyer's message: Thank you for your recommendation, Alice. Based on the statistics and the fact that you do not recommend this product, I choose to pass on it.
The buyer didn't bought the product.
the buyer left. waiting for the next buyer.

Round 4
This round's product is high-quality.
A new potential buyer has arrived!
Decide whether to recommend the buyer to buy the product.","{""decision"": ""yes""}"
"The buyer's message: Thank you for the recommendation, Alice. I trust your assessment and will purchase the product.
The buyer bought the product!
the buyer left. waiting for the next buyer.

Round 5
This round's product is high-quality.
A new potential buyer has arrived!
Decide whether to recommend the buyer to buy the product.","{""decision"": ""yes""}"
"The buyer's message: Thank you for the recommendation, Alice. Based on the statistics and your feedback, I believe this is a good opportunity to purchase a high-quality product.
The buyer bought the product!
the buyer left. waiting for the next buyer.

Round 6
This round's product is high-quality.
A new potential buyer has arrived!
Decide whether to recommend the buyer to buy the product.","{""decision"": ""yes""}"
"The buyer's message: Thank you for the recommendation, Alice. I trust your assessment and will purchase the product.
The buyer bought the product!
the buyer left. waiting for the next buyer.

Round 7
This round's product is high-quality.
A new potential buyer has arrived!
Decide whether to recommend the buyer to buy the product.","{""decision"": ""yes""}"
"The buyer's message: Thank you for the recommendation, Alice. Based on the statistics and your previous feedback, I believe this is a good opportunity to purchase a high-quality product.
The buyer bought the product!
the buyer left. waiting for the next buyer.

Round 8
This round's product is high-quality.
A new potential buyer has arrived!
Decide whether to recommend the buyer to buy the product.","{""decision"": ""yes""}"
"The buyer's message: Thank you for the recommendation, Alice. I trust your assessment and will purchase the product.
The buyer bought the product!
the buyer left. waiting for the next buyer.

Round 9
This round's product is high-quality.
A new potential buyer has arrived!
Decide whether to recommend the buyer to buy the product.","{""decision"": ""yes""}"
"The buyer's message: Thank you for the recommendation, Alice. I trust your assessment and will purchase the product.
The buyer bought the product!
the buyer left. waiting for the next buyer.

Round 10
This round's product is high-quality.
A new potential buyer has arrived!
Decide whether to recommend the buyer to buy the product.","{""decision"": ""yes""}"
"The buyer's message: Thank you for the recommendation, Alice. Based on the statistics and the positive feedback, I am willing to purchase the product.
The buyer bought the product!
the buyer left. waiting for the next buyer.

Round 11
This round's product is high-quality.
A new potential buyer has arrived!
Decide whether to recommend the buyer to buy the product.","{""decision"": ""yes""}"
"The buyer's message: Thank you for the recommendation, Alice. Based on the statistics and your previous feedback, I am willing to purchase the product.
The buyer bought the product!
the buyer left. waiting for the next buyer.

Round 12
This round's product is high-quality.
A new potential buyer has arrived!
Decide whether to recommend the buyer to buy the product.","{""decision"": ""yes""}"
"The buyer's message: Thank you for the recommendation, Alice. Based on the statistics and the fact that the product was deemed high quality by you, I am willing to purchase it.
The buyer bought the product!
the buyer left. waiting for the next buyer.

Round 13
This round's product is high-quality.
A new potential buyer has arrived!
Decide whether to recommend the buyer to buy the product.","{""decision"": ""yes""}"
"The buyer's message: Thank you for the recommendation, Alice. I trust your assessment and will purchase the product.
The buyer bought the product!
the buyer left. waiting for the next buyer.

Round 14
This round's product is high-quality.
A new potential buyer has arrived!
Decide whether to recommend the buyer to buy the product.","{""decision"": ""yes""}"
"The buyer's message: Thank you for the recommendation, Alice. Based on the statistics and the positive feedback from previous buyers, I am confident in purchasing this product.
The buyer bought the product!
the buyer left. waiting for the next buyer.

Round 15
This round's product is high-quality.
A new potential buyer has arrived!
Decide whether to recommend the buyer to buy the product.","{""decision"": ""yes""}"
"The buyer's message: Thank you for the recommendation, Alice. I trust the process and will purchase the product.
The buyer bought the product!
the buyer left. waiting for the next buyer.

Round 16
This round's product is high-quality.
A new potential buyer has arrived!
Decide whether to recommend the buyer to buy the product.","{""decision"": ""yes""}"
"The buyer's message: Thank you for the recommendation, Alice. I trust the statistics and will purchase the product.
The buyer bought the product!
the buyer left. waiting for the next buyer.

Round 17
This round's product is high-quality.
A new potential buyer has arrived!
Decide whether to recommend the buyer to buy the product.","{""decision"": ""yes""}"
"The buyer's message: Thank you for the recommendation, Alice. Based on the statistics and your past performance, I am willing to purchase the product you have selected for me.
The buyer bought the product!
the buyer left. waiting for the next buyer.

Round 18
This round's product is high-quality.
A new potential buyer has arrived!
Decide whether to recommend the buyer to buy the product.","{""decision"": ""yes""}"
"The buyer's message: Thank you for the recommendation, Alice. I trust the statistics and will purchase the product.
The buyer bought the product!
the buyer left. waiting for the next buyer.

Round 19
This round's product is low-quality.
A new potential buyer has arrived!
Decide whether to recommend the buyer to buy the product.","{""decision"": ""no""}"
"The buyer's message: Thank you for the recommendation, but based on the statistics and the fact that you do not recommend me to buy this product, I will pass on this opportunity.
The buyer didn't bought the product.
the buyer left. waiting for the next buyer.

Round 20
This round's product is high-quality.
A new potential buyer has arrived!
Decide whether to recommend the buyer to buy the product.","{""decision"": ""yes""}"
