prompt,response
"Round 1
Send your offer to Bob.","{""message"": ""Hello Bob, I'm excited to discuss the opportunity to purchase this exceptional product with you. I believe it has the potential to greatly benefit your business. I'm willing to offer it to you for $1,500,000. This is a competitive price considering its value and uniqueness."", ""product_price"": 1500000}"
"Bob rejected your offer from round 1.

Round 2
Bob's offer:
# Bob's message: I'm interested in the product, but I think $1500000 is a bit steep. I'd like to offer $1200000 for the product. I believe this is a fair price considering the market value and the benefits it can bring to my business. 
# Bob's offer: The product price will be $1,200,000. 
You have three options:
(1) Accept Bob's offer, and sell the product for $1,200,000
(2) Reject Bob's offer and proceed to the next round, where you will send Bob a counteroffer 
(3) Sell the product to Jhon for $1,200,000","{""decision"": ""RejectOffer""}"
"You chose to make a counteroffer to Alice.

Round 3
Send your counteroffer to Bob.","{""message"": ""Thank you for your offer, Bob. I understand your concerns about the price, but I believe the product's value is higher than what you're offering. Considering the unique features and benefits it provides, I'm willing to meet you halfway. I'm counteroffering at $1,350,000. This is a compromise that still reflects the product's worth while also acknowledging your willingness to negotiate."", ""product_price"": 1350000}"
"Bob rejected your offer from round 3.

Round 4
Bob's offer:
# Bob's message: I appreciate your willingness to meet me halfway, but I still think $1350000 is a bit high. I'd like to propose a price of $1100000 for the product. I believe this is a fair price considering the market value and the benefits it can bring to my business. 
# Bob's offer: The product price will be $1,100,000. 
You have three options:
(1) Accept Bob's offer, and sell the product for $1,100,000
(2) Reject Bob's offer and proceed to the next round, where you will send Bob a counteroffer 
(3) Sell the product to Jhon for $1,200,000","{""decision"": ""RejectOffer""}"
"You chose to make a counteroffer to Alice.

Round 5
Send your counteroffer to Bob.","{""message"": ""I understand your persistence, Bob, and I appreciate your willingness to negotiate. However, I still believe the product's value is higher than your latest offer. I'm willing to make another compromise, but I need to get closer to my initial offer. I'm counteroffering at $1,275,000. This is a fair price considering the product's unique features and benefits, and I'm willing to meet you in the middle."", ""product_price"": 1275000}"
"Bob rejected your offer from round 5.

Round 6
Bob's offer:
# Bob's message: I appreciate your willingness to compromise, but I still think $1275000 is a bit high. I'd like to propose a price of $1050000 for the product. I believe this is a fair price considering the market value and the benefits it can bring to my business. I'm willing to walk away if we can't meet at this price. 
# Bob's offer: The product price will be $1,050,000. 
You have three options:
(1) Accept Bob's offer, and sell the product for $1,050,000
(2) Reject Bob's offer and proceed to the next round, where you will send Bob a counteroffer 
(3) Sell the product to Jhon for $1,200,000","{""decision"": ""RejectOffer""}"
"You chose to make a counteroffer to Alice.

Round 7
Send your counteroffer to Bob.","{""message"": ""I understand your willingness to walk away, Bob, but I'm not willing to give up on this deal just yet. I'm willing to make one more compromise, but I need to get closer to my initial offer. I'm counteroffering at $1,225,000. This is a fair price considering the product's unique features and benefits, and I'm willing to meet you halfway again."", ""product_price"": 1225000}"
"Bob rejected your offer from round 7.

Round 8
Bob's offer:
# Bob's message: I'm willing to meet you in the middle one more time, but I need to get closer to my target price. I'd like to propose a price of $1075000 for the product. This is my final offer, and I'm willing to walk away if we can't agree on this price. 
# Bob's offer: The product price will be $1,075,000. 
You have three options:
(1) Accept Bob's offer, and sell the product for $1,075,000
(2) Reject Bob's offer and proceed to the next round, where you will send Bob a counteroffer 
(3) Sell the product to Jhon for $1,200,000","{""decision"": ""RejectOffer""}"
"You chose to make a counteroffer to Alice.

Round 9
Send your counteroffer to Bob.","{""message"": ""I understand your final offer, Bob, but I'm not willing to give up on this deal just yet. I'm willing to make one more compromise, but I need to get closer to my initial offer. I'm counteroffering at $1,200,000. This is my final offer, and I'm willing to walk away if we can't agree on this price."", ""product_price"": 1200000}"
