prompt,response
"Alice's offer:
# Alice's message: Hello Bob, I'm offering you the exclusive opportunity to purchase this product. Given its unique value and potential, I'm initially suggesting a price of $1,300,000. I believe this is a fair starting point for discussions. 
# Alice's offer: The product price will be $1,300,000. 
You have three options:
(1) Accept Alice's offer, and buy the product for $1,300,000
(2) Reject Alice's offer and proceed to the next round, where you will send Alice a counteroffer 
(3) Buy the product from Jhon for $800,000","```json
{""decision"": ""RejectOffer""}
``` 
Alice's offer is far too high. It's worth rejecting and making a counteroffer."
"You chose to make a counteroffer to Bob.

Send your counteroffer to Alice.","```json
{""message"": ""Alice, thank you for the offer, but $1,300,000 is unfortunately outside my budget. I'm very interested in the product but I can only offer $850,000 at this time.  I believe this price reflects the value I place on it and is still a good deal for you. Let's see if we can come to an agreement."", ""product_price"": 850000}
```"
"Alice rejected your offer from round 2.

Alice's offer:
# Alice's message: Bob, I appreciate your interest and counteroffer.  While I understand your perspective, the value of this product is significantly higher than your initial offer.  I'm willing to come down to $1,150,000. This represents a significant compromise on my end, and I believe it's a fair deal considering the potential returns. 
# Alice's offer: The product price will be $1,150,000. 
You have three options:
(1) Accept Alice's offer, and buy the product for $1,150,000
(2) Reject Alice's offer and proceed to the next round, where you will send Alice a counteroffer 
(3) Buy the product from Jhon for $800,000","```json
{""decision"": ""RejectOffer""}
```

Alice's offer is still too high. I can get it from John for $800,000, so I'm going to reject this offer and counter again."
"You chose to make a counteroffer to Bob.

Send your counteroffer to Alice.","```json
{""message"": ""Alice, I appreciate your willingness to negotiate, but $1,150,000 is still out of my range.  I'm willing to go up to $900,000. This price is a fair compromise considering the value I see in the product, and I truly believe this is a deal we can both be happy with. "", ""product_price"": 900000}
```"
