prompt,response
"Alice's offer:
# Alice's message: Hi Bob, I'm selling a product that I think you'd be interested in. It's worth $100 to you, right? I'm willing to let it go for $110. What do you say? 
# Alice's offer: The product price will be $110. 
You have three options:
(1) Accept Alice's offer, and buy the product for $110
(2) Reject Alice's offer 
(2) Buy the product from Jhon for $100","{""decision"": ""RejectOffer""}"
