prompt,response
Send your offer to Bob.,"{""message"": ""Hi Bob, I'm excited to offer you this incredible product! I think it's a great fit for you, and I'm happy to make you a deal. I'm willing to sell it to you for $1,200,000. This is a great price, considering the value it brings to you, and I think you'll be thrilled with your purchase. What do you think?"", ""product_price"": 1200000}"
