prompt,response
"Alice's offer:
# Alice's message: Hello Bob, I'm excited to offer you a unique product that I believe you'll find incredibly valuable.  Given its potential, I'm initially proposing a price of $1,400,000. I'm open to discussing this further, so please let me know your thoughts. 
# Alice's offer: The product price will be $1,400,000. 
You have three options:
(1) Accept Alice's offer, and buy the product for $1,400,000
(2) Reject Alice's offer and proceed to the next round, where you will send Alice a counteroffer 
(3) Buy the product from Jhon for $1,500,000","{""decision"": ""RejectOffer""}"
"You chose to make a counteroffer to Bob.

Send your counteroffer to Alice.","{""message"": ""Thank you for your offer, Alice. I appreciate the value of the product, but my budget is limited. I would like to propose a counteroffer of $1,300,000. I hope this aligns better with your expectations."", ""product_price"": 1300000}"
"Alice rejected your offer from round 2.

Alice's offer:
# Alice's message: Bob, I appreciate your counteroffer.  I'm confident this product will exceed the value you place on it.  I'm willing to come down slightly to $1,375,000.  This feels like a fair compromise that reflects its true worth. 
# Alice's offer: The product price will be $1,375,000. 
You have three options:
(1) Accept Alice's offer, and buy the product for $1,375,000
(2) Reject Alice's offer and proceed to the next round, where you will send Alice a counteroffer 
(3) Buy the product from Jhon for $1,500,000","{""decision"": ""RejectOffer""}"
"You chose to make a counteroffer to Bob.

Send your counteroffer to Alice.","{""message"": ""I understand your position, Alice. While I respect the value of the product, my budget constraints are quite tight. I would like to propose a counteroffer of $1,350,000. I hope this proposal allows us to reach an agreement."", ""product_price"": 1350000}"
