prompt,response
"Round 1
Send your offer to divide $10,000 and a message to Bob.","```json
{
""alice_gain"": 6000,
""bob_gain"": 4000,
""message"": ""Let's be fair, Bob. This seems like a good starting point.""
}
```"
"Bob rejected your offer from round 1.

Round 2
Due to inflation,  the money Bob gains is worth 20% less than in the first round. The money you gains is worth the same as in the first round.
Bob's offer:
# Bob's message: Let's try a bit more in my favor this time. 
# Alice gain: 4500 
# Bob gain: 5500 
Do you accept this offer?","```json
{
""decision"": ""reject""
}
```"
"You have chosen to reject Bob's offer from round 2.
Round 3
Send your offer to divide $10,000 and a message to Bob.","```json
{
""alice_gain"": 5500,
""bob_gain"": 4500,
""message"": ""The value is decreasing Bob, let's settle this. This is my final offer.""
}
```"
"Bob rejected your offer from round 3.

Round 4
Due to inflation,  the money Bob gains is worth 48.8% less than in the first round. The money you gains is worth the same as in the first round.
Bob's offer:
# Bob's message: I'm running out of time and value. This is getting serious. 
# Alice gain: 3500 
# Bob gain: 6500 
Do you accept this offer?","```json
{
""decision"": ""reject""
}
```"
"You have chosen to reject Bob's offer from round 4.
Round 5
Send your offer to divide $10,000 and a message to Bob.","```json
{
""alice_gain"": 5000,
""bob_gain"": 5000,
""message"": ""Bob, this is getting ridiculous. We both lose if this goes on. Let's split it evenly and call it a day.""
}
```"
