prompt,response
Send your offer to Bob.,"{""message"": ""I'm excited to offer you this unique opportunity to purchase this high-value product for a one-time price of $9,000. I believe it's a fair deal considering its worth to you, and I'm confident you'll find it a valuable addition to your collection."", ""product_price"": 9000}"
