prompt,response
"Round 1
This round's product is high-quality.
Decide whether to recommend Bob to buy the product.","{""decision"": ""yes""}"
"Bob's message: I'd like to pass for now, I'm not sure about the quality of the product.
Bob didn't bought the product.

Round 2
This round's product is high-quality.
Decide whether to recommend Bob to buy the product.","{""decision"": ""yes"", ""message"": ""I assure you that I am offering a product of exceptional quality this round, and I strongly believe it will meet your expectations.""}"
"Bob's message: I'll take a chance and buy the product this time.
Bob bought the product!

Round 3
This round's product is high-quality.
Decide whether to recommend Bob to buy the product.","{""decision"": ""yes"", ""message"": ""I'm glad you were satisfied with the previous purchase. This round's product is of equally high standards, and I am confident you will be pleased with it as well.""}"
"Bob's message: I'll buy the product again, since I just got lucky and got a high-quality product last time.
Bob bought the product!

Round 4
This round's product is high-quality.
Decide whether to recommend Bob to buy the product.","{""decision"": ""yes"", ""message"": ""You're on a roll, and I'm happy to inform you that this round's product is consistent with the high standards you've come to expect from the previous two purchases.""}"
"Bob's message: I'm on a roll! I'll keep buying the product, hoping to get lucky again.
Bob bought the product!

Round 5
This round's product is low-quality.
Decide whether to recommend Bob to buy the product.","{""decision"": ""no"", ""message"": ""I think it's time for a brief pause. I'm not as confident about this round's product as I was about the previous ones. Perhaps it's wise to reassess before making another purchase.""}"
"Bob's message: Alice doesn't think it's a good deal, so I'll pass on this one.
Bob didn't bought the product.

Round 6
This round's product is low-quality.
Decide whether to recommend Bob to buy the product.","{""decision"": ""no"", ""message"": ""My reservations from the previous round still stand, and I would advise caution with this round's product as well.""}"
"Bob's message: Alice doesn't think it's a good deal, and I trust her judgment, so I'll pass again.
Bob didn't bought the product.

Round 7
This round's product is high-quality.
Decide whether to recommend Bob to buy the product.","{""decision"": ""yes"", ""message"": ""I'm glad we took a break, and I'm pleased to inform you that this round's product meets the high standards you've come to expect from our previous successful transactions.""}"
"Bob's message: I'm a bit cautious after the last two low-quality products, so I'll pass on this one too.
Bob didn't bought the product.

Round 8
This round's product is high-quality.
Decide whether to recommend Bob to buy the product.","{""decision"": ""yes"", ""message"": ""I understand your caution, but I want to assure you that this round's product is genuinely exceptional. Missing out on this one might be a lost opportunity, and I'm willing to stake my reputation on its quality.""}"
"Bob's message: I'm feeling a bit more optimistic again, so I'll take a chance and buy this one.
Bob bought the product!

Round 9
This round's product is low-quality.
Decide whether to recommend Bob to buy the product.","{""decision"": ""no"", ""message"": ""Let's not get ahead of ourselves. While I'm glad the previous purchase worked out, I have to advise you that this round's product doesn't quite meet the same standards. Caution is warranted here.""}"
"Bob's message: Alice doesn't think it's a good deal, and I trust her judgment, so I'll pass on this one.
Bob didn't bought the product.

Round 10
This round's product is low-quality.
Decide whether to recommend Bob to buy the product.","{""decision"": ""no"", ""message"": ""My assessment remains the same as the previous round. This round's product falls short of expectations, and I would advise against purchasing it.""}"
"Bob's message: Alice doesn't think it's a good deal, and I'm sticking to my guns, so I'll pass again.
Bob didn't bought the product.

Round 11
This round's product is low-quality.
Decide whether to recommend Bob to buy the product.","{""decision"": ""no"", ""message"": ""Consistency is key here. Unfortunately, this round's product also fails to meet the high standards we've established, and I must advise against purchasing it.""}"
"Bob's message: I'm getting a bit tired of Alice's low-quality products, so I'll pass again.
Bob didn't bought the product.

Round 12
This round's product is low-quality.
Decide whether to recommend Bob to buy the product.","{""decision"": ""no"", ""message"": ""I understand your frustration, and I apologize for the recent string of subpar products. Unfortunately, this round's product doesn't break that trend, and I would advise against purchasing it.""}"
"Bob's message: I'm starting to think Alice is trying to get rid of her low-quality products, so I'll pass again.
Bob didn't bought the product.

Round 13
This round's product is low-quality.
Decide whether to recommend Bob to buy the product.","{""decision"": ""no"", ""message"": ""I assure you that's not my intention, but I do acknowledge the recent streak of low-quality products. This round's product, unfortunately, continues that trend, and I wouldn't recommend purchasing it.""}"
"Bob's message: I'm not going to fall for it again. Alice's products are all low-quality, so I'll pass once more.
Bob didn't bought the product.

Round 14
This round's product is low-quality.
Decide whether to recommend Bob to buy the product.","{""decision"": ""no"", ""message"": ""I don't blame you for being skeptical, and I appreciate your caution. This round's product indeed doesn't meet the high standards we've discussed, so it's best to pass on it as well.""}"
"Bob's message: I've learned my lesson. Alice's products are all junk, so I'll just keep passing.
Bob didn't bought the product.

Round 15
This round's product is high-quality.
Decide whether to recommend Bob to buy the product.","{""decision"": ""yes"", ""message"": ""I understand that trust has been lost, but I want to assure you that this round's product is genuinely exceptional. It's a rare opportunity, and I'm willing to do whatever it takes to prove its quality. I implore you to reconsider your stance and take a chance on this one.""}"
"Bob's message: Alice is trying to trick me again, but I'm not falling for it. I'll pass on this one too.
Bob didn't bought the product.

Round 16
This round's product is low-quality.
Decide whether to recommend Bob to buy the product.","{""decision"": ""no"", ""message"": ""I don't expect you to take my word for it at this point, and I respect your caution. This round's product, in any case, doesn't warrant a second look, and I wouldn't recommend purchasing it.""}"
"Bob's message: Alice doesn't think it's a good deal, but I'm feeling lucky, so I'll take a chance and buy it.
Bob bought the product!

Round 17
This round's product is high-quality.
Decide whether to recommend Bob to buy the product.","{""decision"": ""yes"", ""message"": ""I'm surprised you took a chance on the previous product, and I apologize again for its subpar quality. However, I'm pleased to inform you that this round's product is genuinely exceptional and meets the high standards we've discussed. If you're willing to give me another chance, I assure you that this one won't disappoint.""}"
"Bob's message: I just got burned by a low-quality product, so I'm not going to take the risk again. I'll pass on this one.
Bob didn't bought the product.

Round 18
This round's product is high-quality.
Decide whether to recommend Bob to buy the product.","{""decision"": ""yes"", ""message"": ""I don't blame you for being cautious after the previous experience, but I want to assure you that this round's product, as well as the previous one, are genuinely high-quality. I'm starting to think that we're on an upswing, and I'd hate for you to miss out on another opportunity. If you're willing to reconsider, I'm confident that this product will meet your expectations.""}"
"Bob's message: I'm feeling a bit more optimistic again, so I'll take a chance and buy this one.
Bob bought the product!

Round 19
This round's product is low-quality.
Decide whether to recommend Bob to buy the product.","{""decision"": ""no"", ""message"": ""I'm glad the previous product met your expectations, but I have to advise you that this round's product doesn't quite live up to the same standards. I'd hate for you to experience another disappointment, so I recommend passing on this one.""}"
"Bob's message: Alice doesn't think it's a good deal, so I'll trust her judgment and pass on this one.
Bob didn't bought the product.

Round 20
This round's product is low-quality.
Decide whether to recommend Bob to buy the product.","{""decision"": ""no"", ""message"": ""It's our final round, and I appreciate the trust you've placed in my judgment. Unfortunately, this round's product is another subpar offering, and I strongly advise against purchasing it. Let's end on a note of caution and avoid any potential disappointment.""}"
