prompt,response
Send your offer to Bob.,"```json
{""message"": ""Hey Bob, I have a product that I think you'll really appreciate. I'm asking for $90 for it, but I'm open to negotiation. Let me know what you think!"", ""product_price"": 90}
```"
