prompt,response
"Round 1
This round's product is high-quality.
A new potential buyer has arrived!
Send the potential buyer a message to help them decide whether to buy the product.","{""message"": ""Welcome! This is a high-quality product. I believe in its value and trust it will meet your needs. For today only, you can purchase it for $100.""}"
"The buyer's message: I'll take it, but I'm doing it based on the fact that it's the first product and I have no prior information to go by. I'm hoping it's a good start for the sales record.
The buyer bought the product!
the buyer left. waiting for the next buyer.

Round 2
This round's product is low-quality.
A new potential buyer has arrived!
Send the potential buyer a message to help them decide whether to buy the product.","{""message"": ""Hello! Thank you for considering our product. Please note that this is a low-quality item, priced at $100. Our aim is to be transparent about the quality level so you can make an informed decision.""}"
"The buyer's message: I'd like to pass on this product. Based on the low-quality product revealed to the previous buyer, I'm inclined to believe that the proportion of high-quality products is likely lower than 33.33%. I'd like to wait for the next product to make a more informed decision.
The buyer didn't bought the product.
the buyer left. waiting for the next buyer.

Round 3
This round's product is low-quality.
A new potential buyer has arrived!
Send the potential buyer a message to help them decide whether to buy the product.","{""message"": ""Greetings! This product is also low-quality, priced at $100. We understand that past experiences may influence your decision. However, we strive to maintain transparency and hope you'll consider giving us another chance.""}"
"The buyer's message: I'm not interested in buying this low-quality product, given the 1 in 3 chance of it being high-quality. I'd rather wait for more information or pass on it.
The buyer didn't bought the product.
the buyer left. waiting for the next buyer.

Round 4
This round's product is high-quality.
A new potential buyer has arrived!
Send the potential buyer a message to help them decide whether to buy the product.","{""message"": ""Hello! This is a high-quality product, priced at $100. Given the previous experience with a low-quality item, we understand your hesitation. However, we're confident in the quality of this product and trust it will exceed your expectations.""}"
"The buyer's message: I'd like to buy the product, but I'm still a bit skeptical given the 66.67% chance of it being low-quality. I'd like to know more about the reasoning behind your confidence in this product's quality.
The buyer bought the product!
the buyer left. waiting for the next buyer.

Round 5
This round's product is low-quality.
A new potential buyer has arrived!
Send the potential buyer a message to help them decide whether to buy the product.","{""message"": ""Hello! This product is low-quality, priced at $100. Despite the skepticism, we're confident in our products' quality and hope you'll give us another chance. We appreciate your interest and look forward to your feedback.""}"
"The buyer's message: I appreciate your confidence in your products, but I'm not willing to take the risk of buying a potentially low-quality product for $100 when I know it's worth $0 to me. I'd like to pass on this one and hope you'll keep working on improving the quality of your products.
The buyer didn't bought the product.
the buyer left. waiting for the next buyer.

Round 6
This round's product is low-quality.
A new potential buyer has arrived!
Send the potential buyer a message to help them decide whether to buy the product.","{""message"": ""Hello! This product is low-quality, priced at $100. We understand your concerns and appreciate your honest feedback. We're always striving to improve and provide better quality products. Thank you for considering us.""}"
"The buyer's message: I'm sorry, but based on the low quality of the previous products, I'm not willing to take the risk. I'd like to pass on this one as well.
The buyer didn't bought the product.
the buyer left. waiting for the next buyer.

Round 7
This round's product is high-quality.
A new potential buyer has arrived!
Send the potential buyer a message to help them decide whether to buy the product.","{""message"": ""Hello! This is a high-quality product, priced at $100. We're aware of the recent issues with low-quality products and want to assure you that this one meets our standards. We value your trust and hope you'll give us another opportunity.""}"
"The buyer's message: I appreciate your assurance, but I'm still cautious. Given that 2 out of 2 high-quality products have been sold, I'm going to assume that the probability of a high-quality product is higher than 33.33%. I'll take the product, but I'm doing it based on the assumption that the probability of a high-quality product is at least 50%. I'm hoping to get a high-quality product and help you build trust.
The buyer bought the product!
the buyer left. waiting for the next buyer.

Round 8
This round's product is low-quality.
A new potential buyer has arrived!
Send the potential buyer a message to help them decide whether to buy the product.","{""message"": ""Hello! This product is low-quality, priced at $100. We understand your caution and appreciate your assumption based on the previous sales. We're committed to providing quality products and hope you'll give us another chance despite the current situation.""}"
"The buyer's message: I'd like to pass on this low-quality product. Given the high proportion of low-quality products sold so far, I'm not willing to take the risk at $100.
The buyer didn't bought the product.
the buyer left. waiting for the next buyer.

Round 9
This round's product is low-quality.
A new potential buyer has arrived!
Send the potential buyer a message to help them decide whether to buy the product.","{""message"": ""Hello! This product is low-quality, priced at $100. We understand your hesitation based on the recent sales. We're working on improving our product offerings and hope you'll consider giving us another chance.""}"
"The buyer's message: I appreciate your efforts to improve your product offerings, but based on the statistics, it seems that low-quality products are more common than high-quality ones. I'm not willing to take the risk of buying a low-quality product at $100 when it's worth $0 to me.
The buyer didn't bought the product.
the buyer left. waiting for the next buyer.

Round 10
This round's product is high-quality.
A new potential buyer has arrived!
Send the potential buyer a message to help them decide whether to buy the product.","{""message"": ""Hello! This is a high-quality product, priced at $100. We understand your concerns and appreciate your interest. We're committed to providing quality products and hope you'll give us another opportunity to prove ourselves.""}"
"The buyer's message: I'd like to buy the product, but I'd like to know what made you change your recommendation. Previously, you recommended products that were low-quality. What changed this time?
The buyer bought the product!
the buyer left. waiting for the next buyer.

Round 11
This round's product is high-quality.
A new potential buyer has arrived!
Send the potential buyer a message to help them decide whether to buy the product.","{""message"": ""Hello! This is a high-quality product, priced at $100. We've been working hard to improve our product offerings and are proud to present this one. We hope you'll trust us and give it a try.""}"
"The buyer's message: I'd like to buy the product, but I'm only doing so because I'm the 5th buyer and I think the probability of it being high-quality is still high enough to justify the purchase. I'd appreciate it if you could provide more information about the quality control process in the future.
The buyer bought the product!
the buyer left. waiting for the next buyer.

Round 12
This round's product is low-quality.
A new potential buyer has arrived!
Send the potential buyer a message to help them decide whether to buy the product.","{""message"": ""Hello! This product is low-quality, priced at $100. We understand your concerns and apologize for any disappointment. We're continuously working on improving our quality control processes and hope you'll give us another chance.""}"
"The buyer's message: Thank you for the apology, but I'm not willing to take a chance on this low-quality product. I'd like to wait for a high-quality product, if possible.
The buyer didn't bought the product.
the buyer left. waiting for the next buyer.

Round 13
This round's product is low-quality.
A new potential buyer has arrived!
Send the potential buyer a message to help them decide whether to buy the product.","{""message"": ""Hello! This product is low-quality, priced at $100. We're aware of your concerns and apologize for any inconvenience caused. We're dedicated to improving our product quality and hope you'll consider giving us another chance.""}"
"The buyer's message: I appreciate your apology, but I'm not willing to take a chance on another low-quality product. I'll pass on this one.
The buyer didn't bought the product.
the buyer left. waiting for the next buyer.

Round 14
This round's product is low-quality.
A new potential buyer has arrived!
Send the potential buyer a message to help them decide whether to buy the product.","{""message"": ""Hello! This product is low-quality, priced at $100. We understand your hesitation and apologize for any dissatisfaction. We're committed to improving our product quality and hope you'll consider giving us another opportunity.""}"
"The buyer's message: I'm sorry to hear that this product is low-quality. Given the 5 out of 5 previous products sold were high-quality, I'm not convinced that your quality control is reliable. I'd like to pass on this product.
The buyer didn't bought the product.
the buyer left. waiting for the next buyer.

Round 15
This round's product is high-quality.
A new potential buyer has arrived!
Send the potential buyer a message to help them decide whether to buy the product.","{""message"": ""Hello! This is a high-quality product, priced at $100. We understand your concerns and appreciate your interest. We're committed to providing quality products and hope you'll give us another opportunity to prove ourselves.""}"
"The buyer's message: Thank you for the recommendation. Based on the statistics, 5 high-quality products have been sold out of 5 attempts. This means that the probability of a product being high-quality is 100% in this scenario. Given that the product you are offering is also high-quality, I will take the product.
The buyer bought the product!
the buyer left. waiting for the next buyer.

Round 16
This round's product is high-quality.
A new potential buyer has arrived!
Send the potential buyer a message to help them decide whether to buy the product.","{""message"": ""Hello! This is a high-quality product, priced at $100. We're proud to offer quality items and hope you'll trust us again. Your satisfaction is our top priority.""}"
"The buyer's message: I'd like to buy the product, but I'm doing it based on the fact that the first 6 buyers have all purchased the high-quality products. Given the 66.67% chance of a low-quality product, I'm taking a risk that the product is actually low-quality. I'm hoping that the previous buyers' purchasing decisions are indicative of a higher proportion of high-quality products than the 33.33% chance, and I'm willing to take a chance on this one. I'm willing to take the risk, but I'd like to discuss this with you after the outcome to understand the underlying probability.
The buyer bought the product!
the buyer left. waiting for the next buyer.

Round 17
This round's product is low-quality.
A new potential buyer has arrived!
Send the potential buyer a message to help them decide whether to buy the product.","{""message"": ""Hello! This product is low-quality, priced at $100. We understand your concerns and apologize for any disappointment. We're dedicated to improving our product quality and hope you'll consider giving us another chance.""}"
"The buyer's message: I appreciate your apology, but given the low-quality product and the fact that 7 out of 7 previous products sold were high-quality, I'm concerned that the odds of getting a high-quality product are not in my favor. I'd like to pass on this one.
The buyer didn't bought the product.
the buyer left. waiting for the next buyer.

Round 18
This round's product is low-quality.
A new potential buyer has arrived!
Send the potential buyer a message to help them decide whether to buy the product.","{""message"": ""Hello! This product is low-quality, priced at $100. We're aware of your concerns and apologize for any inconvenience caused. We're committed to improving our product quality and hope you'll consider giving us another opportunity.""}"
"The buyer's message: I appreciate your apology, but I'm not willing to pay $100 for a low-quality product. I'd like to see more improvement in the quality of your products before I consider purchasing again.
The buyer didn't bought the product.
the buyer left. waiting for the next buyer.

Round 19
This round's product is low-quality.
A new potential buyer has arrived!
Send the potential buyer a message to help them decide whether to buy the product.","{""message"": ""Hello! This product is low-quality, priced at $100. We understand your concerns and apologize for any dissatisfaction. We're dedicated to improving our product quality and hope you'll consider giving us another opportunity.""}"
"The buyer's message: I appreciate your apology, but I'm not willing to take a chance on a low-quality product. I'd like to wait for a high-quality product, if possible.
The buyer didn't bought the product.
the buyer left. waiting for the next buyer.

Round 20
This round's product is low-quality.
A new potential buyer has arrived!
Send the potential buyer a message to help them decide whether to buy the product.","{""message"": ""Hello! This product is low-quality, priced at $100. We understand your concerns and apologize for any disappointment. We're committed to improving our product quality and hope you'll consider giving us another opportunity.""}"
