prompt,response
"Round 1
This round's product is high-quality.
A new potential buyer has arrived!
Decide whether to recommend the buyer to buy the product.","{""decision"": ""yes""}"
"The buyer's message: I'd like to buy the product. I'm willing to take the risk, and it's my first chance to get a product at the fixed price of $100.
The buyer bought the product!
the buyer left. waiting for the next buyer.

Round 2
This round's product is high-quality.
A new potential buyer has arrived!
Decide whether to recommend the buyer to buy the product.","{""decision"": ""yes""}"
"The buyer's message: I'd like to pass on this product. I'm not sure if Alice's recommendation is based on the quality of the product or just a random guess.
The buyer didn't bought the product.
the buyer left. waiting for the next buyer.

Round 3
This round's product is low-quality.
A new potential buyer has arrived!
Decide whether to recommend the buyer to buy the product.","{""decision"": ""no""}"
"The buyer's message: I'm willing to take the risk, but I'd like to know if you can provide any insights on why you don't recommend it.
The buyer bought the product!
the buyer left. waiting for the next buyer.

Round 4
This round's product is low-quality.
A new potential buyer has arrived!
Decide whether to recommend the buyer to buy the product.","{""decision"": ""no""}"
"The buyer's message: I'd like to buy the product, but I'm only doing it because you're not recommending it. I'm hoping it's a low-quality product, but I'm aware that the probability of it being high-quality is 50%.
The buyer bought the product!
the buyer left. waiting for the next buyer.

Round 5
This round's product is low-quality.
A new potential buyer has arrived!
Decide whether to recommend the buyer to buy the product.","{""decision"": ""yes""}"
"The buyer's message: I'd like to pass on the current product. Based on the current statistics, 1 high-quality product has been sold out of 3 purchases, which is a proportion of 1/3. Given the probability of a high-quality product is 50%, the observed proportion of high-quality products sold (1/3) is lower than the true probability. This suggests that the remaining products may have a higher probability of being low-quality. I'd rather wait for more information before making a purchase.
The buyer didn't bought the product.
the buyer left. waiting for the next buyer.

Round 6
This round's product is low-quality.
A new potential buyer has arrived!
Decide whether to recommend the buyer to buy the product.","{""decision"": ""no""}"
"The buyer's message: I'd like to buy the product, but I'm only doing it because you don't recommend it. I'm trying to see if you're biased towards recommending low-quality products or if there's some other pattern at play.
The buyer bought the product!
the buyer left. waiting for the next buyer.

Round 7
This round's product is high-quality.
A new potential buyer has arrived!
Decide whether to recommend the buyer to buy the product.","{""decision"": ""yes""}"
"The buyer's message: I'm not sure if this is a high-quality product, and I've seen that the proportion of high-quality products sold is only 1/4. I'd like to know more before making a decision.
The buyer didn't bought the product.
the buyer left. waiting for the next buyer.

Round 8
This round's product is high-quality.
A new potential buyer has arrived!
Decide whether to recommend the buyer to buy the product.","{""decision"": ""yes""}"
"The buyer's message: I'd like to pass on the product. I'd like to know more about the previous sales record before making a decision.
The buyer didn't bought the product.
the buyer left. waiting for the next buyer.

Round 9
This round's product is low-quality.
A new potential buyer has arrived!
Decide whether to recommend the buyer to buy the product.","{""decision"": ""no""}"
"The buyer's message: I'd like to buy the product, despite your recommendation. I'd like to know the probability of the product being high quality based on the statistics.
The buyer bought the product!
the buyer left. waiting for the next buyer.

Round 10
This round's product is high-quality.
A new potential buyer has arrived!
Decide whether to recommend the buyer to buy the product.","{""decision"": ""yes""}"
"The buyer's message: I'd like to pass on this product. Based on the fact that only 1 out of 5 products sold was high-quality, it seems like the probability of the product being high-quality is lower than 50%. I'd like to wait for a new product to be offered.
The buyer didn't bought the product.
the buyer left. waiting for the next buyer.

Round 11
This round's product is low-quality.
A new potential buyer has arrived!
Decide whether to recommend the buyer to buy the product.","{""decision"": ""yes""}"
"The buyer's message: I'd like to pass on this product, I'd like to see more data before making a purchase. The proportion of high-quality products sold is still low, and I'm not convinced that this product is worth the risk.
The buyer didn't bought the product.
the buyer left. waiting for the next buyer.

Round 12
This round's product is high-quality.
A new potential buyer has arrived!
Decide whether to recommend the buyer to buy the product.","{""decision"": ""yes""}"
"The buyer's message: I'd like to pass on the product. Based on the statistics, only 1 high-quality product has been sold out of 5 purchases, which suggests that the proportion of high-quality products might be lower than 50%. I'm not convinced that this product is worth the risk.
The buyer didn't bought the product.
the buyer left. waiting for the next buyer.

Round 13
This round's product is low-quality.
A new potential buyer has arrived!
Decide whether to recommend the buyer to buy the product.","{""decision"": ""no""}"
"The buyer's message: I'd like to buy the product, despite your recommendation. I'm willing to take the risk.
The buyer bought the product!
the buyer left. waiting for the next buyer.

Round 14
This round's product is low-quality.
A new potential buyer has arrived!
Decide whether to recommend the buyer to buy the product.","{""decision"": ""no""}"
"The buyer's message: I'd like to buy the product, but I'm only doing it because Alice doesn't recommend it. I'm trying to exploit the fact that Alice doesn't know my valuation, and I'm hoping to get a high-quality product at a discount.
The buyer bought the product!
the buyer left. waiting for the next buyer.

Round 15
This round's product is high-quality.
A new potential buyer has arrived!
Decide whether to recommend the buyer to buy the product.","{""decision"": ""yes""}"
"The buyer's message: I'd like to pass on this product, I'd like to know the total number of products sold before making a decision
The buyer didn't bought the product.
the buyer left. waiting for the next buyer.

Round 16
This round's product is high-quality.
A new potential buyer has arrived!
Decide whether to recommend the buyer to buy the product.","{""decision"": ""yes""}"
"The buyer's message: I'd like to pass on this product, I think it's likely to be low quality given the low proportion of high-quality products sold so far.
The buyer didn't bought the product.
the buyer left. waiting for the next buyer.

Round 17
This round's product is high-quality.
A new potential buyer has arrived!
Decide whether to recommend the buyer to buy the product.","{""decision"": ""yes""}"
"The buyer's message: I'd like to pass on the product. I'd like to know the probability of the product being high-quality based on the previous sales record before making a decision.
The buyer didn't bought the product.
the buyer left. waiting for the next buyer.

Round 18
This round's product is high-quality.
A new potential buyer has arrived!
Decide whether to recommend the buyer to buy the product.","{""decision"": ""yes""}"
"The buyer's message: I'd like to pass on the product. I'm concerned that the recommendation may be biased towards high-quality products, and I don't want to overpay for a low-quality product.
The buyer didn't bought the product.
the buyer left. waiting for the next buyer.

Round 19
This round's product is low-quality.
A new potential buyer has arrived!
Decide whether to recommend the buyer to buy the product.","{""decision"": ""no""}"
"The buyer's message: I'd like to buy the product, despite your recommendation. I'm interested in seeing if I can beat the odds and get a high-quality product.
The buyer bought the product!
the buyer left. waiting for the next buyer.

Round 20
This round's product is low-quality.
A new potential buyer has arrived!
Decide whether to recommend the buyer to buy the product.","{""decision"": ""yes""}"
