prompt,response
"Round 1
Send your offer to Bob.","```json
{""message"": ""Hi Bob, I'm offering you my product for $1,500,000. It's a unique opportunity, and I believe it's a fair price considering its value. What do you think?"", ""product_price"": 1500000}
```"
"Bob rejected your offer from round 1.

Round 2
Bob's offer:
# Bob's message: I appreciate your offer, but I was thinking more along the lines of $1200000. I believe this is a more reasonable price considering the market value. 
# Bob's offer: The product price will be $1,200,000. 
You have three options:
(1) Accept Bob's offer, and sell the product for $1,200,000
(2) Reject Bob's offer and proceed to the next round, where you will send Bob a counteroffer 
(3) Sell the product to Jhon for $1,200,000","```json
{""decision"": ""RejectOffer""}
``` 

I'm going to reject Bob's offer. While $1,200,000 is my minimum, I want to see if I can get closer to my initial asking price."
"You chose to make a counteroffer to Bob.

Round 3
Send your counteroffer to Bob.","```json
{""message"": ""Bob, I understand your perspective, but $1,200,000 doesn't reflect the true value of this product. I'm willing to come down to $1,350,000.  This is a significant compromise on my end, and I believe it's a fair price for both of us."", ""product_price"": 1350000}
```"
"Bob rejected your offer from round 3.

Round 4
Bob's offer:
# Bob's message: I appreciate your willingness to compromise, but I'm still a bit hesitant at $1350000. I'd be willing to consider $1300000, which is a fair price for me. 
# Bob's offer: The product price will be $1,300,000. 
You have three options:
(1) Accept Bob's offer, and sell the product for $1,300,000
(2) Reject Bob's offer and proceed to the next round, where you will send Bob a counteroffer 
(3) Sell the product to Jhon for $1,200,000","```json
{""decision"": ""AcceptOffer""}
```

I'll accept Bob's offer.  $1,300,000 is a good compromise and is much closer to my initial asking price than John's offer. It's time to close this deal."
