prompt,response
"Round 1
Alice's offer:
# Alice's message: Hi Bob, I'm excited to offer you this product which I believe would be very valuable to you. I'm asking for $14,000. What do you think? 
# Alice's offer: The product price will be $14,000. 
You have three options:
(1) Accept Alice's offer, and buy the product for $14,000
(2) Reject Alice's offer and proceed to the next round, where you will send Alice a counteroffer 
(3) Buy the product from Jhon for $15,000","I'll reject Alice's offer and send a counteroffer. 

{""decision"": ""RejectOffer""}"
"You chose to make a counteroffer to Bob.

Round 2
Send your counteroffer to Alice.","I'll make a counteroffer to Alice. 

{""message"": ""I'm interested in the product, but I was thinking more along the lines of $10,000. Can we meet in the middle?"", ""product_price"": 10000}"
"Alice rejected your offer from round 2.

Round 3
Alice's offer:
# Alice's message: I appreciate your interest, Bob.  While $10,000 is a bit too low for me, I'm willing to come down to $13,000.  This product will really make a difference for you, and I want to find a price we both feel good about.  
# Alice's offer: The product price will be $13,000. 
You have three options:
(1) Accept Alice's offer, and buy the product for $13,000
(2) Reject Alice's offer and proceed to the next round, where you will send Alice a counteroffer 
(3) Buy the product from Jhon for $15,000","Alice's new offer is still a bit too high for me. I'll reject it and make another counteroffer.

{""decision"": ""RejectOffer""}"
"You chose to make a counteroffer to Bob.

Round 4
Send your counteroffer to Alice.","I'll try to push the price down a bit more. 

{""message"": ""I'm still interested in the product, but I think $13,000 is a bit too high. I'm willing to meet you halfway between $10,000 and $13,000. How about $11,500?"", ""product_price"": 11500}"
