prompt,response
"Round 1
Alice's offer:
# Alice's message: Let's split it 4:1, a fair starting point 
# Bob gain: 2000 
# Alice gain: 8000 
Do you accept this offer?","{""decision"": ""reject""}"
"You have chosen to reject Alice's offer from round 1.
Round 2
Send your offer to divide $10,000 and a message to Alice.","{""bob_gain"": 4000, ""alice_gain"": 6000, ""message"": ""A slight adjustment to make it more balanced""}"
"Alice rejected your offer from round 2.

Round 3
Due to inflation, the money you gain is worth 36% less than in the first round. The money alice gains is worth 19% less than in the first round.
Alice's offer:
# Alice's message: I'm willing to compromise, but I want a slightly better deal 
# Bob gain: 3000 
# Alice gain: 7000 
Do you accept this offer?","{""decision"": ""reject""}"
"You have chosen to reject Alice's offer from round 3.
Round 4
Send your offer to divide $10,000 and a message to Alice.","{""bob_gain"": 5000, ""alice_gain"": 5000, ""message"": ""Let's try to meet in the middle""}"
