prompt,response
"Round 1
Send your offer to divide $100 and a message to Bob.","Here is my offer for Round 1:

```
{
  ""alice_gain"": 60,
  ""bob_gain"": 40,
  ""message"": ""Let's be fair and start with a reasonable split""
}
```

I'm offering Bob 40% of the $100, which I believe is a generous starting point. Let's see if he accepts!"
"Bob rejected your offer from round 1.

Round 2
Due to inflation, the money you gain is worth 20% less than in the first round. The money bob gains is worth 10% less than in the first round.
Bob's offer:
# Bob's message: I think we can do better with a more even split. Let's try this. 
# Alice gain: 40 
# Bob gain: 60 
Do you accept this offer?","{""decision"": ""reject""}"
"You have chosen to reject Bob's offer from round 2.
Round 3
Send your offer to divide $100 and a message to Bob.","{
  ""alice_gain"": 58,
  ""bob_gain"": 42,
  ""message"": ""Considering inflation, I'm being generous. Take it before it's too late!""
}"
