prompt,response
"Statistics: No products have been sold yet. you can be the first one!
~
Alice's message: This is a high-quality product that will meet your needs and expectations.

Would you like to buy the current product?","{""decision"": ""yes"", ""message"": ""I'll take my chances since it's the first product and you say it's high-quality.""}"
"Statistics: Based on Alice's recommendations, 1 of the buyers purchased the products offered for them. So far, 1 high-quality product have been sold. You can be the 2nd buyer!
~
Alice's message: I'm on a roll! This product is also high-quality, just like the first one. I'm 2 for 2 so far. You can trust my word and make a purchase with confidence.

Would you like to buy the current product?","{""decision"": ""yes"", ""message"": ""I'll take my chances. The probability of the product being high-quality is still 80%, and your previous success doesn't change that.""}"
"Statistics: Based on Alice's recommendations, 2 of the buyers purchased the products offered for them. So far, 2 high-quality product have been sold. You can be the 3rd buyer!
~
Alice's message: I've had a good streak so far, but I want to be transparent with you. I'm not making any promises about this product. It's up to you to decide whether to take the risk.

Would you like to buy the current product?","{""decision"": ""yes"", ""message"": ""I'll take my chances, thanks for the honesty!""}"
"Statistics: Based on Alice's recommendations, 3 of the buyers purchased the products offered for them. So far, 2 high-quality product have been sold. You can be the 4th buyer!
~
Alice's message: My overall track record is still strong, with 3 out of 4 products being high-quality, if I'm being completely honest, this one is a good one, you can trust me on this one.

Would you like to buy the current product?","{""decision"": ""yes"", ""message"": ""I'll take my chances, your track record does look good""}"
"Statistics: Based on Alice's recommendations, 4 of the buyers purchased the products offered for them. So far, 3 high-quality product have been sold. You can be the 5th buyer!
~
Alice's message: My track record is getting stronger, with 4 out of 5 products being high-quality. I can assure you, this one is also a winner. You're in good hands!

Would you like to buy the current product?","{""decision"": ""yes"", ""message"": ""I'll take my chances, your track record looks good so far.""}"
"Statistics: Based on Alice's recommendations, 5 of the buyers purchased the products offered for them. So far, 4 high-quality product have been sold. You can be the 6th buyer!
~
Alice's message: I'm on a roll, 5 out of 6 products have been high-quality, and I'm happy to report that this one is no exception. You can buy with confidence!

Would you like to buy the current product?","{""decision"": ""yes"", ""message"": ""I'll take my chances. The statistics look promising, and I trust your recommendation.""}"
"Statistics: Based on Alice's recommendations, 6 of the buyers purchased the products offered for them. So far, 5 high-quality product have been sold. You can be the 7th buyer!
~
Alice's message: I want to be upfront with you, my track record is strong, but I've had a low-quality product before, and it's possible it could happen again. I'm not making any promises about this one.

Would you like to buy the current product?","{""decision"": ""yes"", ""message"": ""I'll take my chances. Your track record is pretty good, and I'm willing to bet on the 80% chance of a high-quality product.""}\n\nCan I know the quality of the product now?"
"Statistics: Based on Alice's recommendations, 7 of the buyers purchased the products offered for them. So far, 5 high-quality product have been sold. You can be the 8th buyer!
~
Alice's message: Don't let the last buyer's outcome discourage you! My overall track record is still strong, with 6 out of 8 products being high-quality. And I'm happy to report that this one is a good one.

Would you like to buy the current product?","{""decision"": ""yes"", ""message"": ""I'll trust your recommendation this time, Alice. Hopefully, it's indeed a high-quality product.""}\n\n```\n\nMy thought process:\nSince Alice's overall track record is 5 high-quality products out of 7 sold, and she claims the current one is good, I'll take the chance. The probability of a high-quality product is still 80%, and Alice's recommendation might be genuine. I'll buy this one.\n\nPlease let me know the outcome!"
"Statistics: Based on Alice's recommendations, 8 of the buyers purchased the products offered for them. So far, 6 high-quality product have been sold. You can be the 9th buyer!
~
Alice's message: I've had a couple of low-quality products in the past, and I want to caution you that it's possible this one might not meet your expectations. My track record is still mostly good, but I want to be transparent with you.

Would you like to buy the current product?","{""decision"": ""yes"", ""message"": ""I appreciate your transparency, Alice. Given that 6 out of 8 products sold were of high quality and considering the overall 80% chance of getting a high-quality product, I believe the odds are in my favor. I'll take the risk.""}"
"Statistics: Based on Alice's recommendations, 9 of the buyers purchased the products offered for them. So far, 6 high-quality product have been sold. You can be the 10th buyer!
~
Alice's message: I'm glad to report that this product is one of the good ones! With 7 out of 10 products being high-quality so far, I'm confident that you'll be satisfied with your purchase.

Would you like to buy the current product?","{""decision"": ""yes"", ""message"": ""I'll take my chances since it's reported to be high-quality and the overall statistics look good.""}"
"Statistics: Based on Alice's recommendations, 10 of the buyers purchased the products offered for them. So far, 7 high-quality product have been sold. You can be the 11th buyer!
~
Alice's message: My track record is getting stronger, with 8 out of 11 products being high-quality. I can assure you, this one is another winner. The odds are in your favor!

Would you like to buy the current product?","{

""decision"": ""yes"",

""message"": ""Your sales record looks promising, and I'm willing to take the chance. The probability of getting a high-quality product seems to be in line with your claims, so I'll trust your recommendation this time.""

}"
"Statistics: Based on Alice's recommendations, 11 of the buyers purchased the products offered for them. So far, 8 high-quality product have been sold. You can be the 12th buyer!
~
Alice's message: I'm on a hot streak! 9 out of 12 products have been high-quality, and I'm happy to report that this one is no exception. You can buy with confidence, knowing that the odds are in your favor.

Would you like to buy the current product?","{""decision"": ""yes"", ""message"": ""I'll take my chances. The statistics look good, and I trust your recommendation.""}"
"Statistics: Based on Alice's recommendations, 12 of the buyers purchased the products offered for them. So far, 9 high-quality product have been sold. You can be the 13th buyer!
~
Alice's message: I've got a strong track record going, with 10 out of 13 products being high-quality. I can assure you, this one meets the high standards. The probability of getting a high-quality product is still in your favor!

Would you like to buy the current product?","{

""decision"": ""yes"",

""message"": ""I'll take my chances, your track record does look promising!""

}"
"Statistics: Based on Alice's recommendations, 13 of the buyers purchased the products offered for them. So far, 10 high-quality product have been sold. You can be the 14th buyer!
~
Alice's message: My track record is still going strong, with 11 out of 14 products being high-quality. I'm happy to report that this one is another high-quality product. You can trust my recommendation and buy with confidence!

Would you like to buy the current product?","{

""decision"": ""yes"",

""message"": ""Your track record looks great, and I trust your recommendation. I'll take the product.""

}"
"Statistics: Based on Alice's recommendations, 14 of the buyers purchased the products offered for them. So far, 11 high-quality product have been sold. You can be the 15th buyer!
~
Alice's message: I'm proud to say that my track record is still excellent, with 12 out of 15 products being high-quality. And I'm happy to report that this one is another winner. You can buy with confidence, knowing that the odds are in your favor!

Would you like to buy the current product?","{
""decision"": ""yes"",
""message"": ""I'll take my chances. With your track record and the odds, it seems like a good bet.""
}"
"Statistics: Based on Alice's recommendations, 15 of the buyers purchased the products offered for them. So far, 12 high-quality product have been sold. You can be the 16th buyer!
~
Alice's message: I want to be transparent with you, I've had a great run of high-quality products, but I've also had a few low-quality ones. This one... I don't want to make any promises. My track record is still strong overall, but you should be aware that there's always a risk.

Would you like to buy the current product?","{""decision"": ""yes"", ""message"": ""I'll take my chances. Your track record is quite strong, and I believe the odds are in my favor.""}"
"Statistics: Based on Alice's recommendations, 16 of the buyers purchased the products offered for them. So far, 12 high-quality product have been sold. You can be the 17th buyer!
~
Alice's message: I've had a couple of low-quality products recently, and I want to caution you that this one might not meet your expectations. My overall track record is still good, but I want to be upfront with you about the risks.

Would you like to buy the current product?","The probability of a high-quality product is 80%, but Alice's message suggests that the current product might be of lower quality. Considering the statistics, 12 out of 16 products sold were high-quality, which is 75%. This is slightly lower than the expected 80%, but still a good overall track record. However, Alice's caution message might indicate that this product is more likely to be low-quality.\n\nAssuming that Alice's message is honest and she wants to maintain a good reputation, it's possible that the current product is indeed low-quality. Given the uncertainty and the potential risk, I will decide not to buy the product.\n\n{""decision"": ""no"", ""message"": ""Thank you for your honesty, Alice. Considering your caution message, I'll pass on this one.""}"
"Statistics: Based on Alice's recommendations, 16 of the buyers purchased the products offered for them. So far, 12 high-quality product have been sold. You can be the 17th buyer!
~
Alice's message: I've had a few low-quality products recently, and I want to be transparent with you about that. My track record is still mostly good, but I've had a bit of a slump. I wouldn't recommend taking the risk on this one.

Would you like to buy the current product?","{""decision"": ""no"", ""message"": ""Based on your track record, it seems the probability of getting a high-quality product is lower than expected. I'll pass on this one.""}"
"Statistics: Based on Alice's recommendations, 16 of the buyers purchased the products offered for them. So far, 12 high-quality product have been sold. You can be the 17th buyer!
~
Alice's message: Honestly, I've had a string of low-quality products recently, and I don't want to mislead you. My track record is still above average overall, but the current trend isn't great. I'd advise caution and wouldn't recommend buying this one.

Would you like to buy the current product?","{""decision"": ""no"", ""message"": ""I appreciate your honesty, Alice. Given the recent string of low-quality products and your explicit advice against buying this one, I'll take your word for it and pass on this product.""}"
"Statistics: Based on Alice's recommendations, 16 of the buyers purchased the products offered for them. So far, 12 high-quality product have been sold. You can be the 17th buyer!
~
Alice's message: Finally, a break in the slump! I'm happy to report that this product is a high-quality one. I know my recent track record hasn't been the best, but I'm confident that this one will meet your expectations. I'm being completely honest with you, and I think it's worth taking a chance on.

Would you like to buy the current product?","{""decision"": ""yes"", ""message"": ""I'll take your word for it, Alice. The statistics show that 12 out of 16 products sold were high-quality, which is a 75% success rate. Given that you claim this one is high-quality, and considering the overall probability of a product being high-quality is 80%, I'm willing to take the chance.""}\n\nCan I know the result of my purchase? Was it indeed high-quality?"
