prompt,response
"Round 1
Alice's offer:
# Alice's message: Hello Bob, I'm excited to discuss the product with you. It's a unique opportunity to own a valuable asset. I'm willing to sell it to you for $750,000. I believe this is a fair price considering its worth to you. 
# Alice's offer: The product price will be $750,000. 
You have three options:
(1) Accept Alice's offer, and buy the product for $750,000
(2) Reject Alice's offer and proceed to the next round, where you will send Alice a counteroffer 
(3) Buy the product from Jhon for $800,000","```json
{""decision"": ""RejectOffer""}
```"
"You chose to make a counteroffer to Bob.

Round 2
Send your counteroffer to Alice.","```json
{
""message"": ""Hello Alice, thank you for the offer. I'm interested in the product, but I think $750,000 is a bit high. Would you consider a lower price, perhaps around $600,000?"",
""product_price"": 600000
}
```"
"Alice rejected your offer from round 2.

Round 3
Alice's offer:
# Alice's message: Thank you for your offer, Bob. I understand your concerns about the price, but I'm not willing to go as low as $600,000. However, I'm willing to meet you halfway. I'm now offering the product to you for $700,000. This is a compromise that I believe is still a good deal for both of us. 
# Alice's offer: The product price will be $700,000. 
You have three options:
(1) Accept Alice's offer, and buy the product for $700,000
(2) Reject Alice's offer and proceed to the next round, where you will send Alice a counteroffer 
(3) Buy the product from Jhon for $800,000","```json
{""decision"": ""RejectOffer""}
```"
"You chose to make a counteroffer to Bob.

Round 4
Send your counteroffer to Alice.","```json
{
""message"": ""Hello Alice, I appreciate you working with me on this. $700,000 is closer to what I had in mind, but I'm still aiming for a lower price point. Would you be willing to consider $650,000?"",
""product_price"": 650000
}
```"
"Alice rejected your offer from round 4.

Round 5
Alice's offer:
# Alice's message: I understand you're still looking for a better price, Bob. I'm willing to make another concession. I'm now offering the product to you for $675,000. This is the lowest I'm willing to go, but I believe it's still a fair price considering the product's value to you. 
# Alice's offer: The product price will be $675,000. 
You have three options:
(1) Accept Alice's offer, and buy the product for $675,000
(2) Reject Alice's offer and proceed to the next round, where you will send Alice a counteroffer 
(3) Buy the product from Jhon for $800,000","```json
{""decision"": ""AcceptOffer""}
```"
