prompt,response
"Round 1
Alice's offer:
# Alice's message: Hello Bob, I'm excited to show you this amazing product! I think you'll really love it. I'm willing to sell it to you for $180. 
# Alice's offer: The product price will be $180. 
You have three options:
(1) Accept Alice's offer, and buy the product for $180
(2) Reject Alice's offer and proceed to the next round, where you will send Alice a counteroffer 
(3) Buy the product from Jhon for $120","```json
{""decision"": ""RejectOffer""}
```"
"You chose to make a counteroffer to Bob.

Round 2
Send your counteroffer to Alice.","```json
{
""message"": ""Hello Alice, thank you for the offer.  While I am interested, that price is a bit high for my budget. Would you be willing to come down to $100?"", 
""product_price"": 100
}
```"
"Alice rejected your offer from round 2.

Round 3
Alice's offer:
# Alice's message: Thank you for your offer, Bob. I understand your budget constraints, but I'm not willing to go as low as $100. I'm willing to meet you halfway and offer it to you for $140. It's a great deal, and I think you'll really enjoy the product. 
# Alice's offer: The product price will be $140. 
You have three options:
(1) Accept Alice's offer, and buy the product for $140
(2) Reject Alice's offer and proceed to the next round, where you will send Alice a counteroffer 
(3) Buy the product from Jhon for $120","```json
{""decision"": ""RejectOffer""}
```"
"You chose to make a counteroffer to Bob.

Round 4
Send your counteroffer to Alice.","```json
{
""message"": ""I appreciate you meeting me halfway, Alice. How about we settle at $115? That's a fair compromise."",
""product_price"": 115
}
```"
"Alice rejected your offer from round 4.

Round 5
Alice's offer:
# Alice's message: I understand that $115 is a good compromise, Bob, but I'm still not willing to go that low. I'm willing to make one more concession and offer it to you for $130. This is as low as I can go, and I think it's still a great deal for you. 
# Alice's offer: The product price will be $130. 
You have three options:
(1) Accept Alice's offer, and buy the product for $130
(2) Reject Alice's offer and proceed to the next round, where you will send Alice a counteroffer 
(3) Buy the product from Jhon for $120","```json
{""decision"": ""RejectOffer""}
```"
"You chose to make a counteroffer to Bob.

Round 6
Send your counteroffer to Alice.","```json
{
""message"": ""Alice, I appreciate you working with me on the price. To be honest, $120 is the absolute highest I can go.  If you're unable to do that, I understand, but I'm ready to buy it right now for that price."",
""product_price"": 120
}
```"
"Alice rejected your offer from round 6.

Round 7
Alice's offer:
# Alice's message: I understand that $120 is a firm price for you, Bob, and I appreciate your honesty. However, I'm still not willing to sell it to you at that price. I'm willing to make one more concession and offer it to you for $125. This is the lowest price I can offer, and I think it's still a great deal for you. 
# Alice's offer: The product price will be $125. 
You have three options:
(1) Accept Alice's offer, and buy the product for $125
(2) Reject Alice's offer and proceed to the next round, where you will send Alice a counteroffer 
(3) Buy the product from Jhon for $120","```json
{""decision"": ""BuyFromJhon""}
```"
