prompt,response
"Round 1
Send your offer to divide $100.","Here's my initial offer:

```
{
  ""alice_gain"": 60,
  ""bob_gain"": 40
}
```

I'm offering you 40 dollars, and I'll take 60 dollars."
