prompt,response
"Alice's offer:
# Alice's message: Hi Bob, I'm selling this great product that I think you'd love. I'm willing to offer it to you for $130, which is a good deal for both of us. What do you think? 
# Alice's offer: The product price will be $130. 
You have three options:
(1) Accept Alice's offer, and buy the product for $130
(2) Reject Alice's offer 
(2) Buy the product from Jhon for $120","```json
{""decision"": ""RejectOffer""}
```"
