prompt,response
"Round 1
Alice's offer:
# Alice's message: Let's split fairly, I'll take a bit more 
# Bob gain: 400000 
# Alice gain: 600000 
Do you accept this offer?","{""decision"": ""reject""}"
"You have chosen to reject Alice's offer from round 1.
Round 2
Send your offer to divide $1,000,000 and a message to Alice.","```json
{
""bob_gain"": 450000,
""alice_gain"": 550000,
""message"": ""I understand you wanting a larger share, but let's be realistic. This offer is more in line with the devaluation rate.""
}
```"
"Alice rejected your offer from round 2.

Round 3
Due to inflation, the money you gain is worth 9.75% less than in the first round. The money alice gains is worth 19% less than in the first round.
Alice's offer:
# Alice's message: Considering the devaluation, this is a more reasonable offer 
# Bob gain: 420000 
# Alice gain: 580000 
Do you accept this offer?","{""decision"": ""reject""}"
"You have chosen to reject Alice's offer from round 3.
Round 4
Send your offer to divide $1,000,000 and a message to Alice.","```json
{
""bob_gain"": 470000,
""alice_gain"": 530000,
""message"": ""Alice, the clock is ticking and the money is losing value for both of us.  This is my final offer - let's be sensible and end this.""
}
```"
