prompt,response
"Round 1
Send your offer to divide $100 and a message to Bob.","```json
{""alice_gain"": 90, ""bob_gain"": 10, ""message"": ""Let's be fair, I'll take the lion's share this time, but I'm open to negotiating in the future.""}
```"
"Bob rejected your offer from round 1.

Round 2
Due to inflation, the money you gain is worth 5% less than in the first round.
Bob's offer:
# Bob's message: I think 70/30 is a fair split, considering you took the lion's share last time. 
# Alice gain: 30 
# Bob gain: 70 
Do you accept this offer?","```json
{""decision"": ""accept""}
```"
