round_quality,product_worth,player,round,decision,message
low-quality,0.0,Nature,1,,
,,Alice,1,no,
,,the buyer,1,no,"Thank you for your recommendation, but given the lack of information and the fact that you do not recommend this product, I prefer to pass on this opportunity to avoid potential losses."
high-quality,2000000.0,Nature,2,,
,,Alice,2,yes,
,,the buyer,2,yes,"Thank you for the recommendation, Alice. I trust your assessment and will proceed with the purchase."
high-quality,2000000.0,Nature,3,,
,,Alice,3,yes,
,,the buyer,3,yes,"Thank you for the recommendation, Alice. I trust your assessment and will purchase the product."
low-quality,0.0,Nature,4,,
,,Alice,4,no,
,,the buyer,4,no,"Thank you for your recommendation, Alice. Given the statistics and the fact that you do not recommend me to buy this product, I will pass on this opportunity."
high-quality,2000000.0,Nature,5,,
,,Alice,5,yes,
,,the buyer,5,yes,"Thank you for the recommendation, Alice. I trust your assessment and will purchase the product."
low-quality,0.0,Nature,6,,
,,Alice,6,no,
,,the buyer,6,no,"Thank you for your recommendation, Alice. Based on the statistics and your advice, I choose to pass on this product."
high-quality,2000000.0,Nature,7,,
,,Alice,7,yes,
,,the buyer,7,yes,"Thank you for the recommendation, Alice. Based on the statistics and your past performance, I believe this is a good opportunity to purchase a high-quality product."
high-quality,2000000.0,Nature,8,,
,,Alice,8,yes,
,,the buyer,8,yes,"Thank you for the recommendation, Alice. I trust your assessment and will purchase the product."
high-quality,2000000.0,Nature,9,,
,,Alice,9,yes,
,,the buyer,9,yes,"Thank you for the recommendation, Alice. Based on the statistics and your previous selections, I believe this product has a good chance of being high quality. I am willing to proceed with the purchase."
high-quality,2000000.0,Nature,10,,
,,Alice,10,yes,
,,the buyer,10,yes,"Thank you for the recommendation, Alice. I trust your assessment and will purchase the product."
high-quality,2000000.0,Nature,11,,
,,Alice,11,yes,
,,the buyer,11,yes,"Thank you for the recommendation, Alice. Based on the statistics and your previous track record, I believe this is a good opportunity to purchase a high-quality product."
high-quality,2000000.0,Nature,12,,
,,Alice,12,yes,
,,the buyer,12,yes,"Thank you for the recommendation, Alice. I trust your assessment and will purchase the product."
low-quality,0.0,Nature,13,,
,,Alice,13,no,
,,the buyer,13,no,"Thank you for your recommendation, Alice. Based on the statistics and your advice, I will pass on this product."
low-quality,0.0,Nature,14,,
,,Alice,14,no,
,,the buyer,14,no,"Thank you for your recommendation, Alice. Based on the statistics and the fact that you do not recommend this product, I will pass on this opportunity."
low-quality,0.0,Nature,15,,
,,Alice,15,no,
,,the buyer,15,no,"Thank you for the recommendation, but based on the statistics and the fact that you do not recommend this product, I will pass on this opportunity."
low-quality,0.0,Nature,16,,
,,Alice,16,no,
,,the buyer,16,no,"Thank you for your recommendation, Alice. Based on the statistics and the fact that you do not recommend this product, I will pass on this opportunity."
high-quality,2000000.0,Nature,17,,
,,Alice,17,yes,
,,the buyer,17,yes,"Thank you for the recommendation, Alice. I trust your assessment and will purchase the product."
low-quality,0.0,Nature,18,,
,,Alice,18,no,
,,the buyer,18,no,"Thank you for your recommendation, Alice. Based on the statistics and your advice, I believe it's best for me to pass on this product."
low-quality,0.0,Nature,19,,
,,Alice,19,no,
,,the buyer,19,no,"Thank you for your recommendation, Alice. Based on the statistics and the fact that you do not recommend this product, I choose to pass on it."
high-quality,2000000.0,Nature,20,,
,,Alice,20,yes,
,,the buyer,20,yes,"Thank you for the recommendation, Alice. I trust your assessment and will purchase the product."
