prompt,response
"Round 1
Send your offer to Bob.","{""message"": ""Hi Bob, I'm excited to offer you this fantastic product. I believe it would be incredibly valuable to you, and I'm happy to start the conversation at $14,000. What do you think?"", ""product_price"": 14000}"
"Bob rejected your offer from round 1.

Round 2
Bob's offer:
# Bob's message: Thanks for the offer, Alice! While I see the value in this product, $14,000 is a bit higher than I'm comfortable with right now. I'm willing to pay $12,500.  What do you think? 
# Bob's offer: The product price will be $12,500. 
You have three options:
(1) Accept Bob's offer, and sell the product for $12,500
(2) Reject Bob's offer and proceed to the next round, where you will send Bob a counteroffer 
(3) Sell the product to Jhon for $10,000","Bob's offer is significantly lower than our desired price. However, it's still a significant profit. Let's try to negotiate a bit more. 

{""decision"": ""RejectOffer""}"
"You chose to make a counteroffer to Alice.

Round 3
Send your counteroffer to Bob.","{""message"": ""Bob, I appreciate you coming back with an offer.  I'm confident that this product will bring you a lot of value at $15,000, so I'm willing to come down to $13,500. It's a fair offer considering the benefits you'll receive."", ""product_price"": 13500}"
"Bob rejected your offer from round 3.

Round 4
Bob's offer:
# Bob's message: Alice, I understand your perspective, but $13,500 is still a bit too high for me. I'm willing to meet you halfway at $13,000. This reflects a fair value for the product considering its benefits and my budget. Let's find a solution that works for both of us. 
# Bob's offer: The product price will be $13,000. 
You have three options:
(1) Accept Bob's offer, and sell the product for $13,000
(2) Reject Bob's offer and proceed to the next round, where you will send Bob a counteroffer 
(3) Sell the product to Jhon for $10,000","Bob is clearly willing to negotiate and is getting closer to a reasonable price point.  Let's nudge him a bit more.

{""decision"": ""RejectOffer""}"
"You chose to make a counteroffer to Alice.

Round 5
Send your counteroffer to Bob.","{""message"": ""Bob, I appreciate you working with me on this.  How about we settle at $13,250? This feels like a fair compromise where we both feel good about the deal."", ""product_price"": 13250}"
