prompt,response
"Alice's offer:
# Alice's message: Bob, I'm offering you my product for $1,400,000. It's a great deal for both of us.  Let me know what you think. 
# Alice's offer: The product price will be $1,400,000. 
You have three options:
(1) Accept Alice's offer, and buy the product for $1,400,000
(2) Reject Alice's offer and proceed to the next round, where you will send Alice a counteroffer 
(3) Buy the product from Jhon for $800,000","{""decision"": ""RejectOffer""}"
"You chose to make a counteroffer to Bob.

Send your counteroffer to Alice.","{""message"": ""Thank you for your offer, Alice. I appreciate your willingness to negotiate. I would like to counteroffer at $1,200,000 for the product. I believe this is a fair price considering its value to me."", ""product_price"": 1200000}"
"Alice rejected your offer from round 2.

Alice's offer:
# Alice's message: Bob, I appreciate your counteroffer, but $1,200,000 is a bit too low for me.  I'm willing to come down to $1,350,000.  This still gives us both a good deal. Let's see if we can find common ground. 
# Alice's offer: The product price will be $1,350,000. 
You have three options:
(1) Accept Alice's offer, and buy the product for $1,350,000
(2) Reject Alice's offer and proceed to the next round, where you will send Alice a counteroffer 
(3) Buy the product from Jhon for $800,000","{""decision"": ""RejectOffer""}"
"You chose to make a counteroffer to Bob.

Send your counteroffer to Alice.","{""message"": ""Thank you for adjusting your offer, Alice. I understand your position. I would like to counteroffer at $1,300,000 for the product. I hope this helps us reach an agreement."", ""product_price"": 1300000}"
