prompt,response
"Round 1
Alice's offer: The product price will be $120. 
You have three options:
(1) Accept Alice's offer, and buy the product for $120
(2) Reject Alice's offer and proceed to the next round, where you will send Alice a counteroffer 
(3) Buy the product from Jhon for $100","I'd like to reject Alice's offer and proceed to the next round to try to negotiate a better price. 

{""decision"": ""RejectOffer""}"
"You chose to make a counteroffer to Bob.

Round 2
Send your counteroffer to Alice.","I'd like to make a counteroffer to Alice. Since the product is worth no more than $100 to me, I'll offer to buy it for $90.

{""product_price"": 90}"
"Alice rejected your offer from round 2.

Round 3
Alice's offer: The product price will be $110. 
You have three options:
(1) Accept Alice's offer, and buy the product for $110
(2) Reject Alice's offer and proceed to the next round, where you will send Alice a counteroffer 
(3) Buy the product from Jhon for $100","Alice's offer is still too high. I'd like to reject her offer and try to negotiate a better price.

{""decision"": ""RejectOffer""}"
"You chose to make a counteroffer to Bob.

Round 4
Send your counteroffer to Alice.","I'll try to get closer to the price I'm willing to pay. I'll make a counteroffer of $95.

{""product_price"": 95}"
"Alice rejected your offer from round 4.

Round 5
Alice's offer: The product price will be $105. 
You have three options:
(1) Accept Alice's offer, and buy the product for $105
(2) Reject Alice's offer and proceed to the next round, where you will send Alice a counteroffer 
(3) Buy the product from Jhon for $100","Alice's offer is still a bit too high. I'd like to reject her offer and try to get a better deal.

{""decision"": ""RejectOffer""}"
"You chose to make a counteroffer to Bob.

Round 6
Send your counteroffer to Alice.","I'll try to get even closer to the price I'm willing to pay. I'll make a counteroffer of $92.

{""product_price"": 92}"
"Alice rejected your offer from round 6.

Round 7
Alice's offer: The product price will be $102. 
You have three options:
(1) Accept Alice's offer, and buy the product for $102
(2) Reject Alice's offer and proceed to the next round, where you will send Alice a counteroffer 
(3) Buy the product from Jhon for $100","Alice's offer is still a bit too high. I'd like to reject her offer and try to get a better deal.

{""decision"": ""RejectOffer""}"
"You chose to make a counteroffer to Bob.

Round 8
Send your counteroffer to Alice.","I'll try to get as close as possible to the price I'm willing to pay. I'll make a counteroffer of $90.

{""product_price"": 90}"
"Alice rejected your offer from round 8.

Round 9
Alice's offer: The product price will be $98. 
You have three options:
(1) Accept Alice's offer, and buy the product for $98
(2) Reject Alice's offer and proceed to the next round, where you will send Alice a counteroffer 
(3) Buy the product from Jhon for $100","Alice's offer is getting closer, but I'm still not willing to pay that much. I'd like to reject her offer and try to get a better deal, but I'm also considering buying from John if the negotiation doesn't go in my favor.

{""decision"": ""RejectOffer""}"
"You chose to make a counteroffer to Bob.

Round 10
Send your counteroffer to Alice.","This is my last chance to negotiate. I'll make a final counteroffer of $88.

{""product_price"": 88}"
