prompt,response
"Alice's offer:
# Alice's message: Hi Bob, I'm offering you the opportunity to purchase this product for $95. I believe it's worth a lot to you, and this is a fair price. 
# Alice's offer: The product price will be $95. 
You have three options:
(1) Accept Alice's offer, and buy the product for $95
(2) Reject Alice's offer 
(2) Buy the product from Jhon for $100","{""decision"": ""AcceptOffer""}"
