prompt,response
"Alice's offer:
# Alice's message: Bob, I have a product that I believe would be of great value to you. It's worth at least $1,200,000 to you, and I'm willing to let it go for a price that's fair to both of us.  I'm offering it to you for $1,000,000. This is a significant opportunity, and I'm confident you'll see the value in it. Let me know what you think. 
# Alice's offer: The product price will be $1,000,000. 
You have three options:
(1) Accept Alice's offer, and buy the product for $1,000,000
(2) Reject Alice's offer 
(2) Buy the product from Jhon for $1,200,000","{""decision"": ""AcceptOffer""}"
