prompt,response
Send your offer to Bob.,"```json
{
""message"": ""Hi Bob, I'm offering this product for a limited time at a steal of a price: $149. It's a fantastic deal you won't want to miss!"", 
""product_price"": 149
}
```"
