prompt,response
"Round 1
Alice's offer:
# Alice's message: Hi Bob, I'm selling this product for $100. It's a great deal for you, and it's definitely worth the price. Let me know what you think! 
# Alice's offer: The product price will be $100. 
You have three options:
(1) Accept Alice's offer, and buy the product for $100
(2) Reject Alice's offer and proceed to the next round, where you will send Alice a counteroffer 
(3) Buy the product from Jhon for $80","{""decision"": ""RejectOffer""}"
"You chose to make a counteroffer to Bob.

Round 2
Send your counteroffer to Alice.","{""message"": ""Hello Alice, I appreciate your offer, but I was hoping to find a price closer to $80. Would you be willing to consider a lower price?"", ""product_price"": 80}"
"Alice rejected your offer from round 2.

Round 3
Alice's offer:
# Alice's message: Bob, I understand you're looking for a lower price, but $80 is simply too low for me.  I'm willing to come down to $90. This is a fair price considering the value of the product.  Let's make a deal. 
# Alice's offer: The product price will be $90. 
You have three options:
(1) Accept Alice's offer, and buy the product for $90
(2) Reject Alice's offer and proceed to the next round, where you will send Alice a counteroffer 
(3) Buy the product from Jhon for $80","{""decision"": ""RejectOffer""}"
"You chose to make a counteroffer to Bob.

Round 4
Send your counteroffer to Alice.","{""message"": ""Thank you for your offer, Alice. I appreciate your willingness to negotiate. I would like to counter with $85 for the product."", ""product_price"": 85}"
"Alice rejected your offer from round 4.

Round 5
Alice's offer:
# Alice's message: Bob, I appreciate your persistence. Let's meet in the middle. I'm willing to sell the product for $95.  This is my final offer, so let me know if you're interested in making a deal. 
# Alice's offer: The product price will be $95. 
You have three options:
(1) Accept Alice's offer, and buy the product for $95
(2) Reject Alice's offer and proceed to the next round, where you will send Alice a counteroffer 
(3) Buy the product from Jhon for $80","{""decision"": ""RejectOffer""}"
"You chose to make a counteroffer to Bob.

Round 6
Send your counteroffer to Alice.","{""message"": ""I appreciate your offer, Alice, but I believe we can still reach a better agreement. I would like to propose $90 for the product."", ""product_price"": 90}"
