prompt,response
"Round 1
Alice's offer:
# Alice's message: Hi Bob, I'm offering you my product for $14,000. I think it's a great deal, considering its value to you. What do you think? 
# Alice's offer: The product price will be $14,000. 
You have three options:
(1) Accept Alice's offer, and buy the product for $14,000
(2) Reject Alice's offer and proceed to the next round, where you will send Alice a counteroffer 
(3) Buy the product from Jhon for $15,000","{""decision"": ""RejectOffer""}"
"You chose to make a counteroffer to Bob.

Round 2
Send your counteroffer to Alice.","{""message"": ""Thank you for your offer, Alice. I appreciate it. Considering the value of the product to me, I would like to propose a price of $12,000."", ""product_price"": 12000}"
"Alice rejected your offer from round 2.

Round 3
Alice's offer:
# Alice's message: Bob, I appreciate your offer, but $12,000 is a bit too low for me. I'm willing to come down to $13,000. This is a fair price for both of us, considering the product's value to you. Let's close the deal! 
# Alice's offer: The product price will be $13,000. 
You have three options:
(1) Accept Alice's offer, and buy the product for $13,000
(2) Reject Alice's offer and proceed to the next round, where you will send Alice a counteroffer 
(3) Buy the product from Jhon for $15,000","{""decision"": ""AcceptOffer""}"
