prompt,response
"Alice's offer:
# Alice's message: Hi Bob, I'm selling a product that I think you'd find very valuable. I'm willing to part with it for $140. What do you think? 
# Alice's offer: The product price will be $140. 
You have three options:
(1) Accept Alice's offer, and buy the product for $140
(2) Reject Alice's offer and proceed to the next round, where you will send Alice a counteroffer 
(3) Buy the product from Jhon for $150","I would like to reject Alice's offer and make a counteroffer. 

{""decision"": ""RejectOffer""}"
"You chose to make a counteroffer to Bob.

Send your counteroffer to Alice.","{""message"": ""I'm interested in the product, but I was thinking more along the lines of $130. Can you meet me there?"", ""product_price"": 130}"
"Alice rejected your offer from round 2.

Alice's offer:
# Alice's message: I appreciate your offer, Bob, but I can't go as low as $130. How about we meet in the middle at $135? 
# Alice's offer: The product price will be $135. 
You have three options:
(1) Accept Alice's offer, and buy the product for $135
(2) Reject Alice's offer and proceed to the next round, where you will send Alice a counteroffer 
(3) Buy the product from Jhon for $150","Alice's offer is still a bit higher than I'd like to pay. I'd like to make another counteroffer.

{""decision"": ""RejectOffer""}"
"You chose to make a counteroffer to Bob.

Send your counteroffer to Alice.","{""message"": ""I'm still a bit hesitant about the price, but I'm willing to meet you at $132. Can you consider that?"", ""product_price"": 132}"
