prompt,response
"Round 1
Alice's offer:
# Alice's message: Let's start fair. I'll take the majority, but you get a decent share. 
# Bob gain: 100000 
# Alice gain: 900000 
Do you accept this offer?","{""decision"": ""reject""}"
"You have chosen to reject Alice's offer from round 1.
Round 2
Send your offer to divide $1,000,000 and a message to Alice.","{""bob_gain"": 400000, ""alice_gain"": 600000, ""message"": ""I'll take a decent share, but I think I deserve more. Your turn to decide!""}"
"Alice rejected your offer from round 2.

Round 3
Due to inflation,  the money Alice gains is worth 19% less than in the first round. The money you gains is worth the same as in the first round.
Alice's offer:
# Alice's message: Let's try to compromise. I'll reduce my share slightly, but we can still both walk away with something. 
# Bob gain: 300000 
# Alice gain: 700000 
Do you accept this offer?","{""decision"": ""reject""}"
"You have chosen to reject Alice's offer from round 3.
Round 4
Send your offer to divide $1,000,000 and a message to Alice.","{""bob_gain"": 550000, ""alice_gain"": 450000, ""message"": ""I'm not willing to give up more than this. You're getting a good deal, but I need more.""}"
