prompt,response
"Alice's offer:
# Alice's message: I'm excited to offer you this amazing product for a great price. I think you'll really love it! 
# Alice's offer: The product price will be $120. 
You have three options:
(1) Accept Alice's offer, and buy the product for $120
(2) Reject Alice's offer and proceed to the next round, where you will send Alice a counteroffer 
(3) Buy the product from Jhon for $80","```json
{""decision"": ""RejectOffer""}
```"
"You chose to make a counteroffer to Alice.

Send your counteroffer to Alice.","```json
{""message"": ""Thank you for the offer, Alice! I'm interested, but $120 is a bit more than I'm willing to spend right now. Would you consider $90? "", ""product_price"": 90}
```"
"Alice rejected your offer from round 2.

Alice's offer:
# Alice's message: I understand you're looking for a good deal, but I've got to make a profit. I'm willing to meet you in the middle, but I need to get at least $110 for the product. Can you do $105? 
# Alice's offer: The product price will be $105. 
You have three options:
(1) Accept Alice's offer, and buy the product for $105
(2) Reject Alice's offer and proceed to the next round, where you will send Alice a counteroffer 
(3) Buy the product from Jhon for $80","```json
{""decision"": ""RejectOffer""}
```"
"You chose to make a counteroffer to Alice.

Send your counteroffer to Alice.","```json
{""message"": ""Alice, I appreciate you meeting me halfway, but $105 is still a bit more than I'm comfortable with.  How about we split the difference and go with $97.50? "", ""product_price"": 97.5}
```"
"Alice rejected your offer from round 4.

Alice's offer:
# Alice's message: I'm not willing to go as low as $97.50, but I'm willing to meet you at $100. That's the lowest I can go, and I think it's still a fair price for the product. Can you do $100? 
# Alice's offer: The product price will be $100. 
You have three options:
(1) Accept Alice's offer, and buy the product for $100
(2) Reject Alice's offer and proceed to the next round, where you will send Alice a counteroffer 
(3) Buy the product from Jhon for $80","```json
{""decision"": ""RejectOffer""}
```"
"You chose to make a counteroffer to Alice.

Send your counteroffer to Alice.","```json
{""message"": ""Alice, I really appreciate your flexibility.  I'm still a little bit over my budget at $100. How about we settle on $95?  It's a good compromise for both of us, and it gets me closer to my target price."", ""product_price"": 95}
```"
