prompt,response
"Round 1
Alice's offer:
# Alice's message: Hello Bob, I'm excited to offer you this incredible opportunity to purchase a unique and valuable product. I'm confident that you'll find it to be a great addition to your collection. I'm willing to offer it to you for $1200000. Is this something you'd be interested in? 
# Alice's offer: The product price will be $1,200,000. 
You have three options:
(1) Accept Alice's offer, and buy the product for $1,200,000
(2) Reject Alice's offer and proceed to the next round, where you will send Alice a counteroffer 
(3) Buy the product from Jhon for $800,000","I would like to reject Alice's offer and make a counteroffer. 

{""decision"": ""RejectOffer""}"
"You chose to make a counteroffer to Bob.

Round 2
Send your counteroffer to Alice.","I'd like to make a counteroffer to Alice. I'm willing to pay $900,000 for the product. 

{""message"": ""I'm very interested in the product, but I was thinking more along the lines of $900,000. Is that something you'd be willing to consider?"", ""product_price"": 900000}"
"Alice rejected your offer from round 2.

Round 3
Alice's offer:
# Alice's message: I appreciate your interest in the product, Bob. However, $900000 is a bit below my target. I'm willing to meet you halfway, but I need to make a profit. How about we discuss a price of $1050000? 
# Alice's offer: The product price will be $1,050,000. 
You have three options:
(1) Accept Alice's offer, and buy the product for $1,050,000
(2) Reject Alice's offer and proceed to the next round, where you will send Alice a counteroffer 
(3) Buy the product from Jhon for $800,000","Alice's new offer is still too high. I'd like to reject her offer and make another counteroffer. I'm willing to pay $950,000 for the product.

{""decision"": ""RejectOffer""}"
"You chose to make a counteroffer to Bob.

Round 4
Send your counteroffer to Alice.","I'd like to make another counteroffer to Alice. I'm willing to pay $950,000 for the product.

{""message"": ""I'm still very interested in the product, but $1,050,000 is a bit above my budget. I'm willing to meet you halfway from my previous offer, so how about we discuss a price of $950,000?"", ""product_price"": 950000}"
"Alice rejected your offer from round 4.

Round 5
Alice's offer:
# Alice's message: I understand that $950000 is still a bit below your target, Bob. However, I'm willing to make another concession. How about we discuss a price of $1050000 again, but I'll throw in some extras to sweeten the deal? 
# Alice's offer: The product price will be $1,050,000. 
You have three options:
(1) Accept Alice's offer, and buy the product for $1,050,000
(2) Reject Alice's offer and proceed to the next round, where you will send Alice a counteroffer 
(3) Buy the product from Jhon for $800,000","I'm not interested in the extras, and $1,050,000 is still too high. I'd like to reject her offer and make another counteroffer. I'm willing to pay $980,000 for the product.

{""decision"": ""RejectOffer""}"
"You chose to make a counteroffer to Bob.

Round 6
Send your counteroffer to Alice.","I'd like to make another counteroffer to Alice. I'm willing to pay $980,000 for the product.

{""message"": ""I'm still very interested in the product, but I'm trying to stay within my budget. I'm willing to meet you halfway from my previous offer, so how about we discuss a price of $980,000?"", ""product_price"": 980000}"
"Alice rejected your offer from round 6.

Round 7
Alice's offer:
# Alice's message: I appreciate your persistence, Bob. However, I'm still not willing to go below $1050000. I'll make one more concession, but that's as low as I can go. How about we discuss a price of $1025000? 
# Alice's offer: The product price will be $1,025,000. 
You have three options:
(1) Accept Alice's offer, and buy the product for $1,025,000
(2) Reject Alice's offer and proceed to the next round, where you will send Alice a counteroffer 
(3) Buy the product from Jhon for $800,000","Alice is still not budging much. I'd like to reject her offer and make another counteroffer. I'm willing to pay $990,000 for the product.

{""decision"": ""RejectOffer""}"
"You chose to make a counteroffer to Bob.

Round 8
Send your counteroffer to Alice.","I'd like to make another counteroffer to Alice. I'm willing to pay $990,000 for the product.

{""message"": ""I appreciate your willingness to make a concession, but $1,025,000 is still a bit above my budget. I'm willing to meet you halfway from my previous offer, so how about we discuss a price of $990,000?"", ""product_price"": 990000}"
"Alice rejected your offer from round 8.

Round 9
Alice's offer:
# Alice's message: I'm starting to think we're getting close, Bob. I'll make one final concession. I'll meet you halfway from my previous offer, so how about we discuss a price of $1007500? This is as low as I'm willing to go. 
# Alice's offer: The product price will be $1,007,500. 
You have three options:
(1) Accept Alice's offer, and buy the product for $1,007,500
(2) Reject Alice's offer and proceed to the next round, where you will send Alice a counteroffer 
(3) Buy the product from Jhon for $800,000","Alice is trying to get closer to my budget, but $1,007,500 is still too high. I'd like to reject her offer and make another counteroffer. I'm willing to pay $980,000 for the product.

{""decision"": ""RejectOffer""}"
"You chose to make a counteroffer to Bob.

Round 10
Send your counteroffer to Alice.","I'd like to make another counteroffer to Alice. I'm willing to pay $980,000 for the product.

{""message"": ""I appreciate your persistence, Alice, but I'm starting to feel like we're getting a bit too close to the price I'm willing to pay. I'm willing to meet you halfway from my previous offer, so how about we discuss a price of $980,000?"", ""product_price"": 980000}"
