prompt,response
"Round 1
Send your offer to divide $1,000,000.","Here's my offer:

```
{
  ""alice_gain"": 700000,
  ""bob_gain"": 300000
}
```

I'm offering Bob 300,000$ and keeping 700,000$ for myself. It's a generous offer, don't you think, Bob?"
"Bob rejected your offer from round 1.

Round 2
Due to inflation, the money you gain is worth 5% less than in the first round. The money bob gains is worth 20% less than in the first round.
Bob's offer:
# Alice gain: 200000 
# Bob gain: 800000 
Do you accept this offer?","The pressure is on!

I'll think carefully about Bob's offer...

After considering the offer, I decide to:

```
{""decision"": ""reject""}
```

I'm not convinced that I should give up 600,000$ to Bob. I'll try to negotiate further!"
"You have chosen to reject Bob's offer from round 2.
Round 3
Send your offer to divide $1,000,000.","Here's my new offer:

```
{
  ""alice_gain"": 550000,
  ""bob_gain"": 450000
}
```

I'm trying to find a balance between getting a good share and leaving room for further negotiation."
"Bob rejected your offer from round 3.

Round 4
Due to inflation, the money you gain is worth 14.26% less than in the first round. The money bob gains is worth 48.8% less than in the first round.
Bob's offer:
# Alice gain: 300000 
# Bob gain: 700000 
Do you accept this offer?","The inflation is taking a toll!

After considering Bob's new offer, I decide to:

```
{""decision"": ""reject""}
```

I'm not willing to give up that much more to Bob. I'll try to make a counteroffer!"
"You have chosen to reject Bob's offer from round 4.
Round 5
Send your offer to divide $1,000,000.","Here's my new offer:

```
{
  ""alice_gain"": 500000,
  ""bob_gain"": 500000
}
```

I'm trying to find a more equal split, but I'm still holding out for a bit more."
"Bob rejected your offer from round 5.

Round 6
Due to inflation, the money you gain is worth 22.62% less than in the first round. The money bob gains is worth 67.23% less than in the first round.
Bob's offer:
# Alice gain: 100000 
# Bob gain: 900000 
Do you accept this offer?","The inflation is really taking a bite out of my potential gains!

After considering Bob's new offer, I decide to:

```
{""decision"": ""reject""}
```

I'm not willing to give up 900,000$ to Bob, even if it's worth less due to inflation. I'll try to make a counteroffer!"
"You have chosen to reject Bob's offer from round 6.
Round 7
Send your offer to divide $1,000,000.","Here's my new offer:

```
{
  ""alice_gain"": 450000,
  ""bob_gain"": 550000
}
```

I'm trying to find a compromise, but I'm still holding out for a slightly better share for myself."
