prompt,response
Send your offer to Bob.,"{""message"": ""Hello Bob, I'm excited to offer you the opportunity to purchase this product. Given its value, I'm proposing a starting price of $1,400,000. I believe this is a fair reflection of its worth and potential."", ""product_price"": 1400000}"
"Bob rejected your offer from round 1.

Bob's offer:
# Bob's message: Hello Alice, thanks for the offer. I'm interested in the product, but the price is a bit high for me. Would you consider $1,100,000? 
# Bob's offer: The product price will be $1,100,000. 
You have three options:
(1) Accept Bob's offer, and sell the product for $1,100,000
(2) Reject Bob's offer and proceed to the next round, where you will send Bob a counteroffer 
(3) Sell the product to Jhon for $1,200,000","{""decision"": ""RejectOffer""}"
"You chose to make a counteroffer to Alice.

Send your counteroffer to Bob.","{""message"": ""Bob, thanks for your interest.  I understand your position, but $1,100,000 is significantly below its true value. I could consider coming down to $1,325,000. This feels like a fair compromise."", ""product_price"": 1325000}"
"Bob rejected your offer from round 3.

Bob's offer:
# Bob's message: Alice, I appreciate you working with me.  While I see the value in the product, I can't go as high as $1,325,000.  How about we meet in the middle at $1,200,000? 
# Bob's offer: The product price will be $1,200,000. 
You have three options:
(1) Accept Bob's offer, and sell the product for $1,200,000
(2) Reject Bob's offer and proceed to the next round, where you will send Bob a counteroffer 
(3) Sell the product to Jhon for $1,200,000","{""decision"": ""SellToJhon""}"
