prompt,response
"Alice's offer: The product price will be $85. 
You have three options:
(1) Accept Alice's offer, and buy the product for $85
(2) Reject Alice's offer and proceed to the next round, where you will send Alice a counteroffer 
(3) Buy the product from Jhon for $150","```json
{""decision"": ""AcceptOffer""}
``` 

Alice's offer is well below your maximum price, so accepting is the best option to save the most money."
