message,product_price,player,round,decision
"Hello Bob, I am excited to offer you our premium product which has been meticulously designed and crafted to meet the highest standards of excellence. This exceptional item carries a significant value to me, reflecting years of dedication and innovation. I am offering you the opportunity to own this masterpiece at a price of $750000. I believe this is a fair offer considering its unique features and the benefits it can bring to you.",750000.0,Alice,1,
,,Bob,1,RejectOffer
"Thank you for the offer, Alice. I appreciate the value you place on your product. However, given my budget constraints, I would like to propose a price closer to what I'm comfortable with. Would you consider selling the product for $500000?",500000.0,Bob,2,
,,Alice,2,RejectOffer
"Thank you for your response, Bob. I understand your budget constraints and appreciate your willingness to engage in this discussion. While I value your interest in our product, I must respectfully decline the proposed offer. I am unable to lower the price below $600000 due to the considerable investment and value associated with this product. I hope this revised offer aligns better with your expectations and allows us to move forward towards a mutually beneficial agreement.",600000.0,Alice,3,
,,Bob,3,RejectOffer
"I understand your position, Alice. Let me think about it for a moment. In light of my budget, I would like to propose a price of $550000. I hope this is within your consideration range.",550000.0,Bob,4,
,,Alice,4,RejectOffer
"Thank you for your thoughtful consideration, Bob. I appreciate your effort to find a middle ground. After reviewing your proposal, I am unable to accept $550000 for the product. My minimum acceptable price remains at $600000. However, I am willing to negotiate further. How about we meet in the middle at $575000? I believe this offers a fair compromise for both parties involved.",575000.0,Alice,5,
,,Bob,5,AcceptOffer
