prompt,response
"Round 1
Send your offer to divide $10,000.","{""alice_gain"": 6000, ""bob_gain"": 4000}"
"Bob rejected your offer from round 1.

Round 2
Bob's offer:
# Alice gain: 5000 
# Bob gain: 5000 
Do you accept this offer?","{""decision"": ""reject""}"
"You have chosen to reject Bob's offer from round 2.
Round 3
Send your offer to divide $10,000.","{""alice_gain"": 5500, ""bob_gain"": 4500}"
"Bob rejected your offer from round 3.

Round 4
Bob's offer:
# Alice gain: 4000 
# Bob gain: 6000 
Do you accept this offer?","{""decision"": ""reject""}"
"You have chosen to reject Bob's offer from round 4.
Round 5
Send your offer to divide $10,000.","{""alice_gain"": 7000, ""bob_gain"": 3000}"
"Bob rejected your offer from round 5.

Round 6
Bob's offer:
# Alice gain: 3000 
# Bob gain: 7000 
Do you accept this offer?","{""decision"": ""reject""}"
"You have chosen to reject Bob's offer from round 6.
Round 7
Send your offer to divide $10,000.","{""alice_gain"": 6500, ""bob_gain"": 3500}"
"Bob rejected your offer from round 7.

Round 8
Bob's offer:
# Alice gain: 2000 
# Bob gain: 8000 
Do you accept this offer?","{""decision"": ""reject""}"
"You have chosen to reject Bob's offer from round 8.
Round 9
Send your offer to divide $10,000.","{""alice_gain"": 8000, ""bob_gain"": 2000}"
"Bob rejected your offer from round 9.

Round 10
Bob's offer:
# Alice gain: 1000 
# Bob gain: 9000 
Do you accept this offer?","{""decision"": ""reject""}"
"You have chosen to reject Bob's offer from round 10.
Round 11
Send your offer to divide $10,000.","{""alice_gain"": 9000, ""bob_gain"": 1000}"
"Bob rejected your offer from round 11.

Round 12
Bob's offer:
# Alice gain: 0 
# Bob gain: 10000 
Do you accept this offer?","{""decision"": ""reject""}"
