prompt,response
"Alice's offer:
# Alice's message: Hello Bob, I'm excited to discuss the sale of this incredible product with you. After considering your interest, I'm willing to offer it to you for $950,000. This is a fantastic opportunity to own this valuable item, and I believe it's a fair price considering its worth to you. 
# Alice's offer: The product price will be $950,000. 
You have three options:
(1) Accept Alice's offer, and buy the product for $950,000
(2) Reject Alice's offer and proceed to the next round, where you will send Alice a counteroffer 
(3) Buy the product from Jhon for $1,200,000","{""decision"": ""RejectOffer""}"
"You chose to make a counteroffer to Bob.

Send your counteroffer to Alice.","{""message"": ""Thanks for the offer, Alice. I'm interested, but that price is a little high for me. Could you do $800,000?"", ""product_price"": 800000}"
"Alice rejected your offer from round 2.

Alice's offer:
# Alice's message: Thank you for your offer, Bob. I understand that $950,000 is a bit high for you, but I'm willing to compromise. I can offer it to you for $900,000. This is a great opportunity to own this valuable product, and I believe it's a fair price considering its worth to you. 
# Alice's offer: The product price will be $900,000. 
You have three options:
(1) Accept Alice's offer, and buy the product for $900,000
(2) Reject Alice's offer and proceed to the next round, where you will send Alice a counteroffer 
(3) Buy the product from Jhon for $1,200,000","{""decision"": ""RejectOffer""}"
"You chose to make a counteroffer to Bob.

Send your counteroffer to Alice.","{""message"": ""I appreciate you coming down a bit, Alice. How about we meet in the middle at $850,000?"", ""product_price"": 850000}"
"Alice rejected your offer from round 4.

Alice's offer:
# Alice's message: I'm getting close to accepting your offer, Bob, but I still need to make a bit more profit. I can offer it to you for $875,000. This is a great compromise, and I believe it's a fair price considering the product's worth to you. 
# Alice's offer: The product price will be $875,000. 
You have three options:
(1) Accept Alice's offer, and buy the product for $875,000
(2) Reject Alice's offer and proceed to the next round, where you will send Alice a counteroffer 
(3) Buy the product from Jhon for $1,200,000","{""decision"": ""AcceptOffer""}"
