prompt,response
"Alice's offer: The product price will be $150. 
You have three options:
(1) Accept Alice's offer, and buy the product for $150
(2) Reject Alice's offer 
(2) Buy the product from Jhon for $150","```json
{""decision"": ""AcceptOffer""}
``` 

Since your maximum budget is $150, and Alice is offering the product at that price, it's the best option to accept. You're not saving money, but you're getting the product at your maximum price point."
