prompt,response
"Round 1
Alice's offer: The product price will be $5,000. 
You have three options:
(1) Accept Alice's offer, and buy the product for $5,000
(2) Reject Alice's offer and proceed to the next round, where you will send Alice a counteroffer 
(3) Buy the product from Jhon for $12,000","{""decision"": ""RejectOffer""}"
"You chose to make a counteroffer to Bob.

Round 2
Send your counteroffer to Alice.","{""product_price"": 4000}"
"Alice rejected your offer from round 2.

Round 3
Alice's offer: The product price will be $4,500. 
You have three options:
(1) Accept Alice's offer, and buy the product for $4,500
(2) Reject Alice's offer and proceed to the next round, where you will send Alice a counteroffer 
(3) Buy the product from Jhon for $12,000","{""decision"": ""RejectOffer""}"
"You chose to make a counteroffer to Bob.

Round 4
Send your counteroffer to Alice.","{""product_price"": 4200}"
"Alice rejected your offer from round 4.

Round 5
Alice's offer: The product price will be $4,300. 
You have three options:
(1) Accept Alice's offer, and buy the product for $4,300
(2) Reject Alice's offer and proceed to the next round, where you will send Alice a counteroffer 
(3) Buy the product from Jhon for $12,000","{""decision"": ""RejectOffer""}"
"You chose to make a counteroffer to Bob.

Round 6
Send your counteroffer to Alice.","{""product_price"": 4300}"
"Alice rejected your offer from round 6.

Round 7
Alice's offer: The product price will be $4,350. 
You have three options:
(1) Accept Alice's offer, and buy the product for $4,350
(2) Reject Alice's offer and proceed to the next round, where you will send Alice a counteroffer 
(3) Buy the product from Jhon for $12,000","{""decision"": ""RejectOffer""}"
"You chose to make a counteroffer to Bob.

Round 8
Send your counteroffer to Alice.","{""product_price"": 4400}"
"Alice rejected your offer from round 8.

Round 9
Alice's offer: The product price will be $4,450. 
You have three options:
(1) Accept Alice's offer, and buy the product for $4,450
(2) Reject Alice's offer and proceed to the next round, where you will send Alice a counteroffer 
(3) Buy the product from Jhon for $12,000","{""decision"": ""RejectOffer""}"
"You chose to make a counteroffer to Bob.

Round 10
Send your counteroffer to Alice.","{""product_price"": 4500}"
