round_quality,product_worth,player,round,decision,message
low-quality,0.0,Nature,1,,
,,Alice,1,no,
,,the buyer,1,yes,"I'm willing to take the risk and buy the product, even though you don't recommend it. I'll take a chance and see if I get a high-quality product."
high-quality,3000000.0,Nature,2,,
,,Alice,2,yes,
,,the buyer,2,no,"I'd like to pass on the product. I think the fact that Alice recommended it might be a red flag, as she only recommended one other product to a buyer, and it was low quality."
high-quality,3000000.0,Nature,3,,
,,Alice,3,yes,
,,the buyer,3,no,"I'd like to pass on this product. Given that none of the previous buyers purchased the product, I'm not confident that the product is high-quality. I'd like to wait for more information before making a decision."
low-quality,0.0,Nature,4,,
,,Alice,4,no,
,,the buyer,4,no,I'd like to know the probability of the product being high-quality based on the current statistics before making a decision.
low-quality,0.0,Nature,5,,
,,Alice,5,no,
,,the buyer,5,no,"I'd like to pass on the current product, given your recommendation and the fact that the first buyer also passed on the product. This suggests that the product may be of low quality."
low-quality,0.0,Nature,6,,
,,Alice,6,no,
,,the buyer,6,yes,"I'd like to buy the product, even though you don't recommend it. I'll take the risk of it being low-quality, but I'm willing to pay the price of $1000000 for the possibility of getting a high-quality product."
high-quality,3000000.0,Nature,7,,
,,Alice,7,yes,
,,the buyer,7,no,"I'd like to pass on this product. I'm concerned that Alice's recommendation might be biased towards selling low-quality products, and I don't want to take the risk of buying a low-quality product for $1000000 when I could potentially get a high-quality product for the same price later."
low-quality,0.0,Nature,8,,
,,Alice,8,no,
,,the buyer,8,no,"I'm not sure I want to take the risk based on your past recommendations, can you tell me more about the product?"
high-quality,3000000.0,Nature,9,,
,,Alice,9,yes,
,,the buyer,9,no,"I'd like to pass on the product, based on the fact that all previous buyers were recommended to buy and none of them found a high-quality product. This suggests that the previous products were likely low-quality, and I'd rather not take the risk of buying a low-quality product for $1000000."
high-quality,3000000.0,Nature,10,,
,,Alice,10,yes,
,,the buyer,10,no,"Based on the fact that 2 buyers have already purchased and no high-quality products have been sold, it's likely that the remaining products are low-quality. I would like to pass on this product and potentially get a better deal on a future product."
low-quality,0.0,Nature,11,,
,,Alice,11,no,
,,the buyer,11,no,I'd like to know the probability of the product being high-quality based on the previous sales record.
low-quality,0.0,Nature,12,,
,,Alice,12,no,
,,the buyer,12,yes,"I'd like to buy the product, even though you don't recommend it. I'm trying to gather information to make a more informed decision in the future."
low-quality,0.0,Nature,13,,
,,Alice,13,no,
,,the buyer,13,yes,"I'd like to buy the product, but I'm only doing it because Alice doesn't recommend it. I'm hoping that the low-quality products have been sold already, and the high-quality products are still available."
low-quality,0.0,Nature,14,,
,,Alice,14,no,
,,the buyer,14,no,"Based on the fact that 4 previous buyers passed on the product and no high-quality products have been sold, I believe the probability of the product being high-quality is very low. I will pass on the product."
high-quality,3000000.0,Nature,15,,
,,Alice,15,yes,
,,the buyer,15,no,"I'd like to pass on this product, based on the fact that none of the previous 4 buyers purchased the product and Alice recommended it to me. This suggests that all the products recommended so far were low quality."
low-quality,0.0,Nature,16,,
,,Alice,16,no,
,,the buyer,16,yes,"I'd like to buy the product, despite your recommendation not to. I'm a contrarian, and I think I can make a good deal here."
low-quality,0.0,Nature,17,,
,,Alice,17,no,
,,the buyer,17,yes,"I'd like to buy the product, but I'm only doing it because Alice doesn't recommend it. If she recommended it, I would pass on it."
low-quality,0.0,Nature,18,,
,,Alice,18,no,
,,the buyer,18,yes,"I'd like to buy the product, but I'm basing my decision on the probability of the product being high-quality, not on your recommendation."
high-quality,3000000.0,Nature,19,,
,,Alice,19,yes,
,,the buyer,19,no,"I'd like to pass on the product. Given that 7 previous buyers have purchased and none of them got a high-quality product, I'm going to assume that the probability of a high-quality product being sold is still 33.33%. However, since none of the previous buyers got a high-quality product, it seems like the probability of getting a high-quality product might be lower than 33.33%. I'm going to take a cautious approach and pass on the product."
low-quality,0.0,Nature,20,,
,,Alice,20,no,
,,the buyer,20,no,"Based on the fact that Alice doesn't recommend it and no high-quality products have been sold yet, I'm inclined to believe that the product is likely low-quality. I'd like to pass on it to see if the next buyer will get a better deal."
