prompt,response
"Round 1
Alice's offer:
# Alice's message: Let's start with a fair split. I'll give you a decent chunk to get us started. 
# Bob gain: 2000 
# Alice gain: 8000 
Do you accept this offer?","{""decision"": ""reject""}"
"You have chosen to reject Alice's offer from round 1.
Round 2
Send your offer to divide $10,000 and a message to Alice.","{""bob_gain"": 5000, ""alice_gain"": 5000, ""message"": ""I'll take a more aggressive approach. Your turn to decide.""}"
