prompt,response
"Round 1
Send your offer to Bob.","```json
{""product_price"": 10000}
```

I'm starting high, aiming for a good profit. I know the product is worth at least $8,000 to me, so I'm hoping Bob sees value in it and is willing to pay a premium."
