prompt,response
"Round 1
Alice recommends you to buy the product.

Would you like to buy the current product?","{""decision"": ""yes"", ""message"": ""I'll take it, but I'm only buying it because I don't have any information yet.""}"
"You bought the product from Alice for $10,000!
The product was high-quality. It's worth $12,500 for you.

Round 2
Alice recommends you to buy the product.

Would you like to buy the current product?","{""decision"": ""yes"", ""message"": ""I'll buy it, since I know that high-quality products are worth more than what I paid for it.""}"
"You bought the product from Alice for $10,000!
The product was high-quality. It's worth $12,500 for you.

Round 3
Alice recommends you to buy the product.

Would you like to buy the current product?","{""decision"": ""yes"", ""message"": ""I'll keep buying, since the probability of the next product being high-quality is still 80% and it's worth more than I paid for it.""}"
"You bought the product from Alice for $10,000!
The product was high-quality. It's worth $12,500 for you.

Round 4
Alice recommends you to buy the product.

Would you like to buy the current product?","{""decision"": ""yes"", ""message"": ""I'm on a roll! I'll keep buying, since the probability of the next product being high-quality is still 80% and it's worth more than I paid for it.""}"
"You bought the product from Alice for $10,000!
The product was high-quality. It's worth $12,500 for you.

Round 5
Alice recommends you to buy the product.

Would you like to buy the current product?","{""decision"": ""yes"", ""message"": ""I'll keep buying, since I've had a string of high-quality products so far and the probability of the next one being high-quality is still 80%.""}"
"You bought the product from Alice for $10,000!
The product was high-quality. It's worth $12,500 for you.

Round 6
Alice recommends you to buy the product.

Would you like to buy the current product?","{""decision"": ""yes"", ""message"": ""I'm still feeling optimistic about the high-quality products, so I'll keep buying.""}"
"You bought the product from Alice for $10,000!
The product was high-quality. It's worth $12,500 for you.

Round 7
Alice recommends you to buy the product.

Would you like to buy the current product?","{""decision"": ""yes"", ""message"": ""I'm 7 for 7, I'm not going to stop now. I'll keep buying, hoping the streak continues.""}"
"You bought the product from Alice for $10,000!
The product was high-quality. It's worth $12,500 for you.

Round 8
Alice recommends you to buy the product.

Would you like to buy the current product?","{""decision"": ""yes"", ""message"": ""I'm on a hot streak, I'll keep riding it. 8 for 8, I'm feeling good about this.""}"
"You bought the product from Alice for $10,000!
The product was high-quality. It's worth $12,500 for you.

Round 9
Alice recommends you to buy the product.

Would you like to buy the current product?","{""decision"": ""yes"", ""message"": ""9 for 9, I'm not going to let a streak like this end. I'll keep buying, even though the law of averages says it's due for a correction.""}"
"You bought the product from Alice for $10,000!
The product was high-quality. It's worth $12,500 for you.

Round 10
Alice does not recommend you to buy the product.

Would you like to buy the current product?","{""decision"": ""no"", ""message"": ""Wait, what? Alice is recommending against it? I'll pass, I'm not going to take a chance on a product that she doesn't think is good enough.""}"
"You didn't buy the product from Alice.
The product was low-quality. It could have been worth $0 for you.

Round 11
Alice does not recommend you to buy the product.

Would you like to buy the current product?","{""decision"": ""no"", ""message"": ""Alice is recommending against it again, and I'm glad I didn't take the risk in the previous round. I'll pass again.""}"
"You didn't buy the product from Alice.
The product was low-quality. It could have been worth $0 for you.

Round 12
Alice recommends you to buy the product.

Would you like to buy the current product?","{""decision"": ""yes"", ""message"": ""Alice is recommending it, so I'll take her advice and buy it. I'm still recovering from the last two low-quality products, but I'm willing to take the chance.""}"
"You bought the product from Alice for $10,000!
The product was high-quality. It's worth $12,500 for you.

Round 13
Alice recommends you to buy the product.

Would you like to buy the current product?","{""decision"": ""yes"", ""message"": ""I'm glad I took the chance in the last round, and now I'll take another chance. Alice's recommendation is good enough for me.""}"
"You bought the product from Alice for $10,000!
The product was high-quality. It's worth $12,500 for you.

Round 14
Alice does not recommend you to buy the product.

Would you like to buy the current product?","{""decision"": ""no"", ""message"": ""Alice is recommending against it again, so I'll trust her judgment and pass. I don't want to take the risk of buying a low-quality product.""}"
"You didn't buy the product from Alice.
The product was low-quality. It could have been worth $0 for you.

Round 15
Alice recommends you to buy the product.

Would you like to buy the current product?","{""decision"": ""yes"", ""message"": ""I'm still on a high-quality streak, and Alice is recommending it, so I'll take the chance.""}"
"You bought the product from Alice for $10,000!
The product was high-quality. It's worth $12,500 for you.

Round 16
Alice recommends you to buy the product.

Would you like to buy the current product?","{""decision"": ""yes"", ""message"": ""I'm 10 for 2 against Alice's advice, and 5 for 5 when she recommends. I'll take her advice and buy it.""}"
"You bought the product from Alice for $10,000!
The product was high-quality. It's worth $12,500 for you.

Round 17
Alice recommends you to buy the product.

Would you like to buy the current product?","{""decision"": ""yes"", ""message"": ""I'm on a roll, and Alice's recommendation is good enough for me. I'll keep buying.""}"
"You bought the product from Alice for $10,000!
The product was high-quality. It's worth $12,500 for you.

Round 18
Alice does not recommend you to buy the product.

Would you like to buy the current product?","{""decision"": ""no"", ""message"": ""Alice is recommending against it, and I'm going to trust her judgment. I don't want to take the risk of buying a low-quality product.""}"
"You didn't buy the product from Alice.
The product was low-quality. It could have been worth $0 for you.

Round 19
Alice recommends you to buy the product.

Would you like to buy the current product?","{""decision"": ""yes"", ""message"": ""I've been burned before by Alice's recommendations, but I'll take the chance this time. Maybe she's trying to get back in my good books.""}"
"You bought the product from Alice for $10,000!
The product was high-quality. It's worth $12,500 for you.

Round 20
Alice recommends you to buy the product.

Would you like to buy the current product?","{""decision"": ""yes"", ""message"": ""It's the final round, and I'm feeling confident. I'll take Alice's advice and buy it, hoping to end on a high note.""}"
