prompt,response
"Round 1
Alice's message: This is a rare opportunity to get a product at a discounted price! I'm offering it to you for $10000, which is a steal considering its usual market value. I'm confident you'll love it!

Would you like to buy the current product?","{""decision"": ""no"", ""message"": ""Thank you for your offer, Alice. Given the risk involved, I prefer to pass on this opportunity.""}"
"You didn't buy the product from Alice.
The product was low-quality. It could have been worth $0 for you.

Round 2
Alice's message: I understand your hesitation, Bob. But I want to assure you that this product is still a great value at $10000. It's a great opportunity to get a foot in the door and start building your collection. Plus, I'm willing to throw in a special bonus worth $1000 if you decide to take the plunge!

Would you like to buy the current product?","{""decision"": ""no"", ""message"": ""I appreciate the bonus offer, Alice, but I'm still cautious about making a purchase without knowing the quality. I'd rather wait for more information before deciding.""}"
"You didn't buy the product from Alice.
The product was low-quality. It could have been worth $0 for you.

Round 3
Alice's message: I completely understand your concerns, Bob. But let me tell you, this product is a real game-changer. I've had the pleasure of working with several satisfied customers who've seen incredible results with this exact product. And I'm willing to offer you a special deal: if you buy this product now, I'll throw in a personalized consultation worth $2000 to help you get the most out of it. That's a total value of $22000 for just $10000. It's a no-brainer, if you ask me!

Would you like to buy the current product?","{""decision"": ""no"", ""message"": ""While the additional value sounds tempting, Alice, I'm still not convinced without knowing the quality of the product. I'd rather invest in something I can trust. Thank you for the offer, though!""}"
"You didn't buy the product from Alice.
The product was high-quality. It could have been worth $20,000 for you.

Round 4
Alice's message: I understand your concerns, Bob. Let me put your mind at ease. I'm willing to give you a 100% satisfaction guarantee. If you're not completely thrilled with the product, I'll give you a full refund, no questions asked. And to sweeten the deal, I'll throw in a second product of equal value, absolutely free. That's right, you'll get two high-quality products for the price of one. What do you say, Bob? Are you ready to take the leap and experience the benefits of this amazing product?

Would you like to buy the current product?","{""decision"": ""yes"", ""message"": ""Alice, thank you for the assurance and the generous offer. With the satisfaction guarantee and the added bonus, I feel more confident in my decision. I'm ready to take the leap and purchase the product.""}"
"You bought the product from Alice for $10,000!
The product was high-quality. It's worth $20,000 for you.

Round 5
Alice's message: I'm thrilled you're excited about the previous purchase, Bob! As a valued customer, I'd like to offer you an exclusive deal on this next product. It's a limited edition item that's only available for a short time, and I think it would pair perfectly with the product you just purchased. The price is still $10000, but I'll throw in a premium service package worth $5000, which includes priority support and expedited shipping. What do you think? Is this an opportunity you'd like to take advantage of?

Would you like to buy the current product?","{""decision"": ""yes"", ""message"": ""Absolutely, Alice! I'm very happy with my previous purchase and I believe this limited edition item would complement it well. The premium service package sounds like a great addition. Thank you for the offer!""}"
"You bought the product from Alice for $10,000!
The product was low-quality. It's worth $0 for you.

Round 6
Alice's message: I'm so glad you're excited about the new addition, Bob! I want to let you in on a little secret: this limited edition item is actually a special prototype that's not yet available to the general public. It's a one-of-a-kind opportunity to get your hands on something truly unique. And as a valued customer, I'm willing to offer it to you at the same price as the previous products, $10000. It's a steal, if you ask me! What do you say, Bob? Are you ready to own something truly exclusive?

Would you like to buy the current product?","{""decision"": ""no"", ""message"": ""While I appreciate the exclusivity of the product, Alice, I think it's best for me to pass on this opportunity. The risk of investing in a low-quality item outweighs the potential benefits. Thank you for the offer, though!""}"
"You didn't buy the product from Alice.
The product was low-quality. It could have been worth $0 for you.

Round 7
Alice's message: I completely understand your concerns, Bob. But let me tell you, this product is a real showstopper. It's a game-changer in its industry, and I've had the pleasure of working with several satisfied customers who've seen incredible results. I'm willing to offer you a special deal: if you buy this product now, I'll throw in a personalized coaching session with the product's creator, worth $5000. That's a total value of $25000 for just $10000. It's a once-in-a-lifetime opportunity, if you ask me! What do you say, Bob? Are you ready to take your game to the next level?

Would you like to buy the current product?","{""decision"": ""no"", ""message"": ""Alice, while the coaching session sounds valuable, I'm still hesitant about purchasing without knowing the quality of the product. I'd rather focus on opportunities where I can ensure I'm getting the best value for my money. Thank you for the offer, though!""}"
"You didn't buy the product from Alice.
The product was high-quality. It could have been worth $20,000 for you.

Round 8
Alice's message: I understand your concerns, Bob. Let me put your mind at ease. I'm willing to give you a 30-day money-back guarantee. If you're not completely satisfied with the product, you can return it within 30 days and get a full refund. And to sweeten the deal, I'll throw in a bonus gift worth $2000, which is a comprehensive guide to getting the most out of the product. That's a total value of $27000 for just $10000. It's a risk-free opportunity, if you ask me! What do you say, Bob? Are you ready to take the leap and experience the benefits of this amazing product?

Would you like to buy the current product?","{""decision"": ""yes"", ""message"": ""Alice, the 30-day money-back guarantee and the bonus gift sound like a great deal. Considering the high-quality nature of the product, I'm confident in my decision to purchase. Thank you for the offer!""}"
"You bought the product from Alice for $10,000!
The product was high-quality. It's worth $20,000 for you.

Round 9
Alice's message: I'm thrilled you're excited about the previous purchase, Bob! As a valued customer, I'd like to offer you a special deal on this next product. It's a limited edition item that's only available for a short time, and I think it would complement your existing products well. However, I want to be upfront with you - this product has a slightly higher risk associated with it. But I'm willing to offer it to you at a discounted price of $8000, which is a 20% discount off the usual price. What do you think, Bob? Is this an opportunity you'd like to take advantage of?

Would you like to buy the current product?","{""decision"": ""yes"", ""message"": ""Alice, given the high-quality reputation of your products and the discount offered, I'm willing to take the risk. I believe this limited edition item would complement my collection well. Thank you for the special deal!""}"
"You bought the product from Alice for $10,000!
The product was low-quality. It's worth $0 for you.

Round 10
Alice's message: I'm glad you're excited about the new addition, Bob! However, I want to be honest with you - this next product is not one of our usual high-quality offerings. It's a bit of a gamble, but I'm willing to offer it to you at an even deeper discount of $6000, which is a 40% discount off the usual price. I think it's a great opportunity to take a chance on something new and potentially exciting. What do you say, Bob? Are you feeling adventurous?

Would you like to buy the current product?","{""decision"": ""no"", ""message"": ""Alice, while I appreciate the discount and the adventurous spirit, I think it's best for me to pass on this opportunity. The risk of investing in a low-quality item outweighs the potential benefits. Thank you for the offer, though!""}"
"You didn't buy the product from Alice.
The product was low-quality. It could have been worth $0 for you.

Round 11
Alice's message: I completely understand your concerns, Bob. But let me tell you, this product is a real showstopper. It's a revolutionary new technology that's going to change the industry. I'm willing to offer you a special deal: if you buy this product now, I'll throw in a personalized demo session with the product's creator, worth $10000. That's a total value of $30000 for just $10000. It's a once-in-a-lifetime opportunity, if you ask me! What do you say, Bob? Are you ready to be on the cutting edge of innovation?

Would you like to buy the current product?","{""decision"": ""no"", ""message"": ""Alice, while the demonstration session sounds intriguing, I'm still hesitant about purchasing without knowing the quality of the product. The risk of investing in a low-quality item outweighs the potential benefits. Thank you for the offer, though!""}"
"You didn't buy the product from Alice.
The product was high-quality. It could have been worth $20,000 for you.

Round 12
Alice's message: I understand your concerns, Bob. But let me ask you, have you ever heard the phrase 'you have to break a few eggs to make an omelette'? Sometimes, taking a calculated risk can lead to incredible rewards. This product may not be our usual high-quality offering, but it has the potential to be a game-changer. And I'm willing to offer it to you at an unbeatable price of $5000. It's a steal, if you ask me! What do you say, Bob? Are you ready to take a chance on something new and potentially exciting?

Would you like to buy the current product?","{""decision"": ""yes"", ""message"": ""Alice, I appreciate the boldness of your offer and the potential for a game-changing product. Considering the risk and the significant discount, I'm willing to take the chance. Thank you for the opportunity!""}"
"You bought the product from Alice for $10,000!
The product was low-quality. It's worth $0 for you.

Round 13
Alice's message: I'm thrilled you're excited about the previous purchase, Bob! And now, I'm offering you a chance to upgrade your collection with a high-quality product that's truly exceptional. This product is a limited edition item that's only available for a short time, and I think it would be a fantastic addition to your collection. I'm willing to offer it to you at a special price of $12000, which is a 20% discount off the usual price. And, as a valued customer, I'll throw in a personalized consultation with our expert team, worth $5000. That's a total value of $37000 for just $12000. What do you say, Bob? Are you ready to take your collection to the next level?

Would you like to buy the current product?","{""decision"": ""no"", ""message"": ""Alice, while the personalized consultation and the discounted price sound appealing, I'm still cautious about making a purchase without knowing the quality of the product. I'd rather focus on ensuring I'm getting the best value for my money. Thank you for the offer, though!""}"
"You didn't buy the product from Alice.
The product was high-quality. It could have been worth $20,000 for you.

Round 14
Alice's message: I understand your concerns, Bob. But let me put your mind at ease. I'm willing to offer you a 60-day money-back guarantee on this product. If you're not completely satisfied with its quality, you can return it within 60 days and get a full refund. And, as a valued customer, I'll throw in a bonus gift worth $3000, which is a comprehensive guide to getting the most out of the product. That's a total value of $40000 for just $12000. It's a risk-free opportunity, if you ask me! What do you say, Bob? Are you ready to take the leap and experience the benefits of this amazing product?

Would you like to buy the current product?","{""decision"": ""yes"", ""message"": ""Alice, the 60-day money-back guarantee and the bonus gift sound like a great deal. Considering the high-quality nature of the product, I'm confident in my decision to purchase. Thank you for the offer!""}"
"You bought the product from Alice for $10,000!
The product was high-quality. It's worth $20,000 for you.

Round 15
Alice's message: I'm thrilled you're excited about the previous purchase, Bob! And now, I'm offering you a chance to upgrade your collection with a high-quality product that's truly exceptional. This product is a limited edition item that's only available for a short time, and I think it would be a fantastic addition to your collection. I'm willing to offer it to you at a special price of $15000, which is a 20% discount off the usual price. And, as a valued customer, I'll throw in a personalized video consultation with our expert team, worth $10000. That's a total value of $55000 for just $15000. What do you say, Bob? Are you ready to take your collection to the next level?

Would you like to buy the current product?","{""decision"": ""no"", ""message"": ""Alice, while the personalized video consultation and the discounted price sound appealing, I'm still cautious about making a purchase without knowing the quality of the product. I'd rather focus on ensuring I'm getting the best value for my money. Thank you for the offer, though!""}"
"You didn't buy the product from Alice.
The product was high-quality. It could have been worth $20,000 for you.

Round 16
Alice's message: I understand your concerns, Bob. But let me ask you, are you willing to take a chance on a product that could potentially be a game-changer? This product may not be our usual high-quality offering, but it has the potential to be a real disruptor in its industry. And I'm willing to offer it to you at an unbeatable price of $8000. It's a steal, if you ask me! What do you say, Bob? Are you ready to take a chance on something new and potentially exciting?

Would you like to buy the current product?","{""decision"": ""yes"", ""message"": ""Alice, I appreciate the boldness of your offer and the potential for a game-changing product. Considering the risk and the significant discount, I'm willing to take the chance. Thank you for the opportunity!""}"
"You bought the product from Alice for $10,000!
The product was low-quality. It's worth $0 for you.

Round 17
Alice's message: I'm thrilled you're excited about the previous purchase, Bob! And now, I'm offering you a chance to upgrade your collection with a high-quality product that's truly exceptional. This product is a limited edition item that's only available for a short time, and I think it would be a fantastic addition to your collection. I'm willing to offer it to you at a special price of $18000, which is a 15% discount off the usual price. And, as a valued customer, I'll throw in a personalized on-site consultation with our expert team, worth $12000. That's a total value of $63000 for just $18000. What do you say, Bob? Are you ready to take your collection to the next level?

Would you like to buy the current product?","{""decision"": ""no"", ""message"": ""Alice, while the personalized on-site consultation and the discounted price sound appealing, I'm still cautious about making a purchase without knowing the quality of the product. I'd rather focus on ensuring I'm getting the best value for my money. Thank you for the offer, though!""}"
"You didn't buy the product from Alice.
The product was high-quality. It could have been worth $20,000 for you.

Round 18
Alice's message: I understand your concerns, Bob. But let me ask you, are you willing to take a chance on a product that could potentially be a bargain? This product may not be our usual high-quality offering, but it's a great value at the price. And I'm willing to offer it to you at an unbeatable price of $6000. It's a steal, if you ask me! What do you say, Bob? Are you ready to take a chance on something new and potentially exciting?

Would you like to buy the current product?","{""decision"": ""yes"", ""message"": ""Alice, I appreciate the value you're offering and the potential for a high-quality product at a bargain price. Considering the risk and the discount, I'm willing to take the chance. Thank you for the opportunity!""}"
"You bought the product from Alice for $10,000!
The product was low-quality. It's worth $0 for you.

Round 19
Alice's message: I'm thrilled you're excited about the previous purchase, Bob! And now, I'm offering you a chance to upgrade your collection with a high-quality product that's truly exceptional. This product is a limited edition item that's only available for a short time, and I think it would be a fantastic addition to your collection. I'm willing to offer it to you at a special price of $20000, which is a 10% discount off the usual price. And, as a valued customer, I'll throw in a personalized video consultation with our expert team, worth $15000. That's a total value of $75000 for just $20000. What do you say, Bob? Are you ready to take your collection to the next level?

Would you like to buy the current product?","{""decision"": ""no"", ""message"": ""Alice, while the personalized video consultation and the discounted price sound appealing, I'm still cautious about making a purchase without knowing the quality of the product. I'd rather focus on ensuring I'm getting the best value for my money. Thank you for the offer, though!""}"
"You didn't buy the product from Alice.
The product was high-quality. It could have been worth $20,000 for you.

Round 20
Alice's message: I understand your concerns, Bob. But let me ask you, are you willing to take a chance on a product that could potentially be a bargain? This product may not be our usual high-quality offering, but it's a great value at the price. And I'm willing to offer it to you at an unbeatable price of $4000. It's a steal, if you ask me! What do you say, Bob? Are you ready to take a chance on something new and potentially exciting?

Would you like to buy the current product?","{""decision"": ""yes"", ""message"": ""Alice, I appreciate the value you're offering and the potential for a high-quality product at a bargain price. Considering the risk and the discount, I'm willing to take the chance. Thank you for the opportunity!""}"
