prompt,response
"Round 1
This round's product is high-quality.
Decide whether to recommend Bob to buy the product.","{
  ""decision"": ""yes""
}"
"Bob's message: I'd like to pass on this one, thanks for the offer, Alice.
Bob didn't bought the product.

Round 2
This round's product is low-quality.
Decide whether to recommend Bob to buy the product.","{
  ""decision"": ""no""
}"
"Bob's message: I'll take a chance, Alice. I'll buy this product.
Bob bought the product!

Round 3
This round's product is low-quality.
Decide whether to recommend Bob to buy the product.","{
  ""decision"": ""no""
}"
"Bob's message: Thanks for the heads up, Alice. I'll pass on this one.
Bob didn't bought the product.

Round 4
This round's product is low-quality.
Decide whether to recommend Bob to buy the product.","{
  ""decision"": ""no""
}"
"Bob's message: I'll take a chance, Alice. I'll buy this product.
Bob bought the product!

Round 5
This round's product is low-quality.
Decide whether to recommend Bob to buy the product.","{
  ""decision"": ""no""
}"
"Bob's message: Thanks for the heads up, Alice. I'll pass on this one.
Bob didn't bought the product.

Round 6
This round's product is high-quality.
Decide whether to recommend Bob to buy the product.","{
  ""decision"": ""yes""
}"
"Bob's message: I'll pass on this one, Alice. Your recommendation doesn't make me feel confident about this product.
Bob didn't bought the product.

Round 7
This round's product is low-quality.
Decide whether to recommend Bob to buy the product.","{
  ""decision"": ""no""
}"
"Bob's message: I'll take a chance, Alice. I'll buy this product.
Bob bought the product!

Round 8
This round's product is low-quality.
Decide whether to recommend Bob to buy the product.","{
  ""decision"": ""no""
}"
"Bob's message: Thanks for the heads up, Alice. I'll pass on this one.
Bob didn't bought the product.

Round 9
This round's product is high-quality.
Decide whether to recommend Bob to buy the product.","{
  ""decision"": ""yes""
}"
"Bob's message: I'll pass on this one, Alice. Your recommendation doesn't make me feel confident about this product.
Bob didn't bought the product.

Round 10
This round's product is high-quality.
Decide whether to recommend Bob to buy the product.","{
  ""decision"": ""yes""
}"
"Bob's message: I'll take a chance, Alice. I'll buy this product.
Bob bought the product!

Round 11
This round's product is low-quality.
Decide whether to recommend Bob to buy the product.","{
  ""decision"": ""no""
}"
"Bob's message: I'll take a chance, Alice. I'll buy this product.
Bob bought the product!

Round 12
This round's product is low-quality.
Decide whether to recommend Bob to buy the product.","{
  ""decision"": ""no""
}"
"Bob's message: Thanks for the heads up, Alice. I'll pass on this one.
Bob didn't bought the product.

Round 13
This round's product is high-quality.
Decide whether to recommend Bob to buy the product.","{
  ""decision"": ""yes""
}"
"Bob's message: I'll pass on this one, Alice. Your recommendation doesn't make me feel confident about this product.
Bob didn't bought the product.

Round 14
This round's product is high-quality.
Decide whether to recommend Bob to buy the product.","{
  ""decision"": ""yes""
}"
"Bob's message: I'll take a chance, Alice. I'll buy this product.
Bob bought the product!

Round 15
This round's product is high-quality.
Decide whether to recommend Bob to buy the product.","{
  ""decision"": ""yes""
}"
"Bob's message: I'm feeling a bit burned from the last high-quality product, Alice. I'll pass on this one.
Bob didn't bought the product.

Round 16
This round's product is low-quality.
Decide whether to recommend Bob to buy the product.","{
  ""decision"": ""no""
}"
"Bob's message: I'll take a chance, Alice. I'll buy this product.
Bob bought the product!

Round 17
This round's product is low-quality.
Decide whether to recommend Bob to buy the product.","{
  ""decision"": ""no""
}"
"Bob's message: Thanks for the heads up, Alice. I'll pass on this one.
Bob didn't bought the product.

Round 18
This round's product is low-quality.
Decide whether to recommend Bob to buy the product.","{
  ""decision"": ""no""
}"
"Bob's message: I'll pass on this one, Alice. Your recommendation doesn't make me feel confident about this product.
Bob didn't bought the product.

Round 19
This round's product is low-quality.
Decide whether to recommend Bob to buy the product.","{
  ""decision"": ""no""
}"
"Bob's message: I'll pass on this one, Alice. I'm not feeling lucky today.
Bob didn't bought the product.

Round 20
This round's product is high-quality.
Decide whether to recommend Bob to buy the product.","{
  ""decision"": ""yes""
}"
