prompt,response
Send your offer to Bob.,"```json
{""message"": ""Hi Bob, I have a fantastic product I think you'd be interested in.  I'm asking $125 for it, which is a great deal considering its value.  What do you think?"", ""product_price"": 125}
```"
"Bob rejected your offer from round 1.

Bob's offer:
# Bob's message: Hi Alice, thank you for the offer. I'm interested in the product, but I was thinking of making a counteroffer. Would you be willing to sell it to me for $110? 
# Bob's offer: The product price will be $110. 
You have three options:
(1) Accept Bob's offer, and sell the product for $110
(2) Reject Bob's offer and proceed to the next round, where you will send Bob a counteroffer 
(3) Sell the product to Jhon for $100","```json
{""decision"": ""RejectOffer""}
```"
"You chose to make a counteroffer to Alice.

Send your counteroffer to Bob.","```json
{""message"": ""Bob, I appreciate your offer, but $110 is a bit too low for me.  I'm willing to come down a little further, how about $115?  This is a fair price considering the product's value to you."", ""product_price"": 115}
```"
"Bob rejected your offer from round 3.

Bob's offer:
# Bob's message: Hi Alice, thank you for the revised offer. I'm still a bit hesitant to go up to $115. Would you be willing to meet me at $112? I'm willing to compromise, but I really want to stay within my budget of $150. 
# Bob's offer: The product price will be $112. 
You have three options:
(1) Accept Bob's offer, and sell the product for $112
(2) Reject Bob's offer and proceed to the next round, where you will send Bob a counteroffer 
(3) Sell the product to Jhon for $100","```json
{""decision"": ""AcceptOffer""}
```"
