prompt,response
"Round 1
Alice's offer:
# Alice's message: Let's be fair, I'll take a bit more 
# Bob gain: 4000 
# Alice gain: 6000 
Do you accept this offer?","```json
{""decision"": ""reject""}
``` 
I'm going to try to get a better deal for myself.  Let's see what happens in the next round."
"You have chosen to reject Alice's offer from round 1.
Round 2
Send your offer to divide $10,000 and a message to Alice.","```json
{
""bob_gain"": 5500,
""alice_gain"": 4500,
""message"": ""I think this is a fair split, considering the money will be worth less in the next round.""
}
```"
"Alice rejected your offer from round 2.

Round 3
Due to inflation, the money you gain is worth 36% less than in the first round. The money Alice gains is worth the same as in the first round.
Alice's offer:
# Alice's message: Considering the inflation, this is a better deal for you than last round 
# Bob gain: 4200 
# Alice gain: 5800 
Do you accept this offer?","```json
{""decision"": ""accept""}
``` 

I'll accept Alice's offer. Even though I'm losing more money due to inflation, it's still better than getting nothing in the later rounds."
