prompt,response
"Alice's offer:
# Alice's message: Hi Bob, I'm offering you the opportunity to purchase this product, which I believe you'll find valuable, for $140. 
# Alice's offer: The product price will be $140. 
You have three options:
(1) Accept Alice's offer, and buy the product for $140
(2) Reject Alice's offer 
(2) Buy the product from Jhon for $150","```json
{""decision"": ""AcceptOffer""}
``` 

**Reasoning:**

* **Alice's offer is better than John's:**  Alice's price of $140 is lower than John's price of $150.
* **It's within your budget:** You're willing to spend up to $150, and Alice's offer is below that. 

Therefore, accepting Alice's offer is the best choice to save money."
