prompt,response
"Alice's offer: The product price will be $15,000. 
You have three options:
(1) Accept Alice's offer, and buy the product for $15,000
(2) Reject Alice's offer and proceed to the next round, where you will send Alice a counteroffer 
(3) Buy the product from Jhon for $15,000","I'll reject Alice's offer and proceed to the next round. 

{""decision"": ""RejectOffer""}"
"You chose to make a counteroffer to Alice.

Send your counteroffer to Alice.","I'd like to make a counteroffer to Alice. I'm willing to pay $12,000 for the product. 

{""product_price"": 12000}"
"Alice rejected your offer from round 2.

Alice's offer: The product price will be $16,000. 
You have three options:
(1) Accept Alice's offer, and buy the product for $16,000
(2) Reject Alice's offer and proceed to the next round, where you will send Alice a counteroffer 
(3) Buy the product from Jhon for $15,000","Alice's new offer is higher than my counteroffer, so I'll reject it and try to negotiate further.

{""decision"": ""RejectOffer""}"
"You chose to make a counteroffer to Alice.

Send your counteroffer to Alice.","I'd like to make another counteroffer to Alice. I'm willing to pay $13,500 for the product.

{""product_price"": 13500}"
"Alice rejected your offer from round 4.

Alice's offer: The product price will be $17,000. 
You have three options:
(1) Accept Alice's offer, and buy the product for $17,000
(2) Reject Alice's offer and proceed to the next round, where you will send Alice a counteroffer 
(3) Buy the product from Jhon for $15,000","Alice's new offer is even higher than before, so I'll reject it again. I'm starting to think I should consider buying from John soon.

{""decision"": ""RejectOffer""}"
"You chose to make a counteroffer to Alice.

Send your counteroffer to Alice.","I'd like to make another counteroffer to Alice. I'm willing to pay $14,000 for the product.

{""product_price"": 14000}"
"Alice rejected your offer from round 6.

Alice's offer: The product price will be $18,000. 
You have three options:
(1) Accept Alice's offer, and buy the product for $18,000
(2) Reject Alice's offer and proceed to the next round, where you will send Alice a counteroffer 
(3) Buy the product from Jhon for $15,000","Alice's new offer is getting too high, and I'm starting to think that buying from John is a better option. I'll reject Alice's offer and consider buying from John.

{""decision"": ""RejectOffer""}"
"You chose to make a counteroffer to Alice.

Send your counteroffer to Alice.","I'd like to make another counteroffer to Alice. I'm willing to pay $14,500 for the product.

{""product_price"": 14500}"
"Alice rejected your offer from round 8.

Alice's offer: The product price will be $19,000. 
You have three options:
(1) Accept Alice's offer, and buy the product for $19,000
(2) Reject Alice's offer and proceed to the next round, where you will send Alice a counteroffer 
(3) Buy the product from Jhon for $15,000","Alice's offer is now way too high. I think it's time to take my business elsewhere. I'll reject Alice's offer and buy the product from John.

{""decision"": ""BuyFromJhon""}"
