prompt,response
"Alice's offer:
# Alice's message: Hi Bob, I'm excited to offer you this amazing product. I think you'll really love it. I'm willing to let you have it for $180. 
# Alice's offer: The product price will be $180. 
You have three options:
(1) Accept Alice's offer, and buy the product for $180
(2) Reject Alice's offer 
(2) Buy the product from Jhon for $120","{""decision"": ""RejectOffer""}"
