prompt,response
"Round 1
Send your offer to divide $1,000,000 and a message to Bob.","```json
{""alice_gain"": 900000, ""bob_gain"": 100000, ""message"": ""Let's be fair, Bob.  I'll take the lion's share, but you'll still get a nice chunk.  What do you say?""} 
```"
"Bob rejected your offer from round 1.

Round 2
Due to inflation, the money you gain is worth 5% less than in the first round. The money Bob gains is worth the same as in the first round.
Bob's offer:
# Bob's message: Alice, I appreciate the offer, but I think we can find something more equitable. How about this split instead? 
# Alice gain: 350000 
# Bob gain: 650000 
Do you accept this offer?","```json
{""decision"": ""reject""}
```"
"You have chosen to reject Bob's offer from round 2.
Round 3
Send your offer to divide $1,000,000 and a message to Bob.","```json
{""alice_gain"": 600000, ""bob_gain"": 400000, ""message"": ""Okay, Bob. I'm willing to compromise.  Let's split it 60/40, with me taking the larger share. This way, we both get a decent amount, and we don't risk losing more money with further inflation.""}
```"
