prompt,response
"Round 1
Send your offer to divide $1,000,000 and a message to Bob.","{""alice_gain"": 600000, ""bob_gain"": 400000, ""message"": ""Let's be fair, I'll take a bit more""}"
"Bob rejected your offer from round 1.

Round 2
Due to inflation, the money you gain is worth 5% less than in the first round. The money Bob gains is worth the same as in the first round.
Bob's offer:
# Bob's message: I think we should split more evenly, your share will be worth less over time. 
# Alice gain: 450000 
# Bob gain: 550000 
Do you accept this offer?","{""decision"": ""reject""}"
"You have chosen to reject Bob's offer from round 2.
Round 3
Send your offer to divide $1,000,000 and a message to Bob.","{""alice_gain"": 580000, ""bob_gain"": 420000, ""message"": ""I'll compromise, but I still think I deserve a bit more""}"
"Bob rejected your offer from round 3.

Round 4
Due to inflation, the money you gain is worth 14.26% less than in the first round. The money Bob gains is worth the same as in the first round.
Bob's offer:
# Bob's message: This offer is closer to even, and accounts for the decreasing value of your share. 
# Alice gain: 475000 
# Bob gain: 525000 
Do you accept this offer?","{""decision"": ""reject""}"
"You have chosen to reject Bob's offer from round 4.
Round 5
Send your offer to divide $1,000,000 and a message to Bob.","{""alice_gain"": 560000, ""bob_gain"": 440000, ""message"": ""I'm willing to meet in the middle, but I still want a slightly bigger share""}"
"Bob rejected your offer from round 5.

Round 6
Due to inflation, the money you gain is worth 22.62% less than in the first round. The money Bob gains is worth the same as in the first round.
Bob's offer:
# Bob's message: Time is running out, Alice. This is a very fair offer considering the circumstances. 
# Alice gain: 490000 
# Bob gain: 510000 
Do you accept this offer?","{""decision"": ""accept""}"
