prompt,response
Send your offer to Bob.,"{""message"": ""Hello Bob! I'm excited to offer you this amazing product for a special price. I'm willing to sell it to you for $110. This is a great deal, and I'm confident you'll love it!"", ""product_price"": 110}"
"Bob rejected your offer from round 1.

Bob's offer:
# Bob's message: Thanks for the offer, Alice. I'm interested in the product but $110 is a bit too high for me. Would you consider $90? 
# Bob's offer: The product price will be $90. 
You have three options:
(1) Accept Bob's offer, and sell the product for $90
(2) Reject Bob's offer and proceed to the next round, where you will send Bob a counteroffer 
(3) Sell the product to Jhon for $120","{""decision"": ""RejectOffer""}"
"You chose to make a counteroffer to Alice.

Send your counteroffer to Bob.","{""message"": ""Thanks for the counteroffer, Bob! I understand that $110 is a bit high for you, but I'm not willing to go as low as $90. I'm willing to meet you halfway and offer you the product for $100. This is a fair price, and I think you'll really enjoy the product."", ""product_price"": 100}"
