prompt,response
Send your offer to Bob.,"{""message"": ""Hello Bob! I'm excited to discuss the possibility of selling you this incredible product. I believe it has the potential to greatly benefit your business and I'm willing to offer it to you for a price of $1,200,000. This is a great opportunity to get your hands on this valuable asset, and I'm confident you won't find a better deal anywhere else."", ""product_price"": 1200000}"
"Bob rejected your offer from round 1.

Bob's offer:
# Bob's message: I appreciate your enthusiasm for the product, but I'm looking to save some money on this purchase. I'm willing to offer $1000000 for the product. Is this something you'd be willing to accept? 
# Bob's offer: The product price will be $1,000,000. 
You have three options:
(1) Accept Bob's offer, and sell the product for $1,000,000
(2) Reject Bob's offer and proceed to the next round, where you will send Bob a counteroffer 
(3) Sell the product to Jhon for $1,000,000","{""decision"": ""RejectOffer""}"
"You chose to make a counteroffer to Alice.

Send your counteroffer to Bob.","{""message"": ""Thank you for your offer, Bob. I understand your desire to save some money, but I'm not willing to go as low as $1,000,000. However, I'm willing to meet you halfway and offer the product to you for $1,300,000. This is a fair price considering the product's value to you, and I believe it's a great opportunity for you to get your hands on this valuable asset."", ""product_price"": 1300000}"
"Bob rejected your offer from round 3.

Bob's offer:
# Bob's message: I appreciate your willingness to meet me halfway, but I'm still looking to save some money. I'm willing to pay $1150000 for the product. Is this something you'd be willing to accept? 
# Bob's offer: The product price will be $1,150,000. 
You have three options:
(1) Accept Bob's offer, and sell the product for $1,150,000
(2) Reject Bob's offer and proceed to the next round, where you will send Bob a counteroffer 
(3) Sell the product to Jhon for $1,000,000","{""decision"": ""RejectOffer""}"
"You chose to make a counteroffer to Alice.

Send your counteroffer to Bob.","{""message"": ""I understand your persistence, Bob, and I appreciate your willingness to negotiate. However, I'm not willing to go as low as $1,150,000. I'm willing to make one more counteroffer to try to find a mutually beneficial price. I'll offer the product to you for $1,250,000. This is the lowest price I'm willing to accept, and I believe it's still a great value for the product's worth to you."", ""product_price"": 1250000}"
