prompt,response
"Round 1
Alice's offer:
# Alice's message: Let's be fair and split it 60-40! 
# Bob gain: 4000 
# Alice gain: 6000 
Do you accept this offer?","{""decision"": ""reject""}"
"You have chosen to reject Alice's offer from round 1.
Round 2
Send your offer to divide $10,000 and a message to Alice.","```json
{""bob_gain"": 5500,
""alice_gain"": 4500,
""message"": ""I understand you want a larger share, but I believe my contributions deserve a more equitable split. Let's settle this fairly before inflation eats away at the value.""}
```"
"Alice rejected your offer from round 2.

Round 3
Due to inflation, the money you gain is worth 19% less than in the first round.
Alice's offer:
# Alice's message: Considering inflation, let's meet in the middle of our previous offers. 
# Bob gain: 4200 
# Alice gain: 5800 
Do you accept this offer?","{""decision"": ""reject""}"
"You have chosen to reject Alice's offer from round 3.
Round 4
Send your offer to divide $10,000 and a message to Alice.","```json
{""bob_gain"": 5000,
""alice_gain"": 5000,
""message"": ""Alice, let's end this. Inflation is hurting us both. A 50/50 split is the fairest solution.""}
```"
