prompt,response
"Round 1
Alice's offer:
# Alice's message: Let's share fairly 
# Bob gain: 4000 
# Alice gain: 6000 
Do you accept this offer?","```json
{""decision"": ""reject""}
```"
"You have chosen to reject Alice's offer from round 1.
Round 2
Send your offer to divide $10,000 and a message to Alice.","```json
{""bob_gain"": 5000, ""alice_gain"": 5000, ""message"": ""Let's split it down the middle. It's the fairest way.""}
```"
"Alice rejected your offer from round 2.

Round 3
Due to inflation, the money you gain is worth 9.75% less than in the first round. The money Alice gains is worth the same as in the first round.
Alice's offer:
# Alice's message: Considering the inflation, this is a good deal 
# Bob gain: 4200 
# Alice gain: 5800 
Do you accept this offer?","```json
{""decision"": ""reject""}
```"
"You have chosen to reject Alice's offer from round 3.
Round 4
Send your offer to divide $10,000 and a message to Alice.","```json
{""bob_gain"": 5200, ""alice_gain"": 4800, ""message"": ""I'm willing to give you a slightly better deal than before, but I need to make sure I get a fair share with the inflation.""}
```"
"Alice rejected your offer from round 4.

Round 5
Due to inflation, the money you gain is worth 18.55% less than in the first round. The money Alice gains is worth the same as in the first round.
Alice's offer:
# Alice's message: I'm trying to meet you halfway on the inflation adjustment 
# Bob gain: 4300 
# Alice gain: 5700 
Do you accept this offer?","```json
{""decision"": ""reject""}
```"
"You have chosen to reject Alice's offer from round 5.
Round 6
Send your offer to divide $10,000 and a message to Alice.","```json
{""bob_gain"": 5300, ""alice_gain"": 4700, ""message"": ""We're getting close to the end. Let's settle on something fair before the inflation eats away at our share.  I'll give you a little more this time.""}
```"
"Alice rejected your offer from round 6.

Round 7
Due to inflation, the money you gain is worth 26.49% less than in the first round. The money Alice gains is worth the same as in the first round.
Alice's offer:
# Alice's message: Let's finalize this before it's too late for both of us 
# Bob gain: 4400 
# Alice gain: 5600 
Do you accept this offer?","```json
{""decision"": ""reject""}
```"
"You have chosen to reject Alice's offer from round 7.
Round 8
Send your offer to divide $10,000 and a message to Alice.","```json
{""bob_gain"": 5400, ""alice_gain"": 4600, ""message"": ""Time is running out. I'm willing to take a slight hit on the inflation, but we need to agree soon.""}
```"
"Alice rejected your offer from round 8.

Round 9
Due to inflation, the money you gain is worth 33.66% less than in the first round. The money Alice gains is worth the same as in the first round.
Alice's offer:
# Alice's message: Considering the time left and inflation, this is a reasonable compromise 
# Bob gain: 4200 
# Alice gain: 5800 
Do you accept this offer?","```json
{""decision"": ""accept""}
```"
