prompt,response
Send your offer to Bob.,"{""message"": ""Hello Bob! I'm excited to offer you this amazing product for a limited time. I'm willing to sell it to you for $11,800. This is a fantastic opportunity to get your hands on this valuable item at a great price. What do you think?"", ""product_price"": 11800}"
