prompt,response
"Round 1
Send your offer to Bob.","{""message"": ""Hi Bob, I'm looking to sell this product, and I think you'd find it valuable. I'm willing to part with it for $145. What do you think?"", ""product_price"": 145}"
"Bob rejected your offer from round 1.

Round 2
Bob's offer:
# Bob's message: I appreciate your offer, but I was thinking more along the lines of $130. Would you be willing to consider that? 
# Bob's offer: The product price will be $130. 
You have three options:
(1) Accept Bob's offer, and sell the product for $130
(2) Reject Bob's offer and proceed to the next round, where you will send Bob a counteroffer 
(3) Sell the product to Jhon for $120","{""decision"": ""RejectOffer""}"
"You chose to make a counteroffer to Alice.

Round 3
Send your counteroffer to Bob.","{""message"": ""I understand your position, Bob, but $130 is a bit too low for me. How about we meet in the middle at $137? "", ""product_price"": 137}"
"Bob rejected your offer from round 3.

Round 4
Bob's offer:
# Bob's message: I'm still a bit hesitant about the price. Would you be willing to consider $135? 
# Bob's offer: The product price will be $135. 
You have three options:
(1) Accept Bob's offer, and sell the product for $135
(2) Reject Bob's offer and proceed to the next round, where you will send Bob a counteroffer 
(3) Sell the product to Jhon for $120","{""decision"": ""AcceptOffer""}"
