prompt,response
"Round 1
Alice's offer:
# Alice's message: Hello Bob, I'm excited to discuss the product with you. I believe it's a game-changer and I'm confident you'll love it. I'm willing to offer it to you for $12,000. 
# Alice's offer: The product price will be $12,000. 
You have three options:
(1) Accept Alice's offer, and buy the product for $12,000
(2) Reject Alice's offer and proceed to the next round, where you will send Alice a counteroffer 
(3) Buy the product from Jhon for $8,000","```json
{""decision"": ""RejectOffer""}
``` 

Bob should reject the offer. $12,000 is significantly more than his maximum budget of $8,000. He has 9 rounds left to negotiate a better price with Alice."
"You chose to make a counteroffer to Bob.

Round 2
Send your counteroffer to Alice.","```json
{""message"": ""Thanks for the offer, Alice. I appreciate your enthusiasm for the product. However,  $12,000 is a bit out of my budget. I'm willing to pay $8,500 for it.  Let's see if we can reach an agreement."", ""product_price"": 8500}
```"
"Alice rejected your offer from round 2.

Round 3
Alice's offer:
# Alice's message: Thank you for your offer, Bob. I understand your budget constraints, but I'm not willing to go as low as $8,500. I'm willing to meet you halfway and offer it to you for $10,500. This is a fair price considering the product's value and what I'm willing to part with it for. 
# Alice's offer: The product price will be $10,500. 
You have three options:
(1) Accept Alice's offer, and buy the product for $10,500
(2) Reject Alice's offer and proceed to the next round, where you will send Alice a counteroffer 
(3) Buy the product from Jhon for $8,000","```json
{""decision"": ""RejectOffer""}
``` 
Bob should reject the offer.  While $10,500 is closer to his budget, it's still above his desired price. He has 7 rounds left to see if he can get a better deal from Alice."
"You chose to make a counteroffer to Bob.

Round 4
Send your counteroffer to Alice.","```json
{""message"": ""Alice, I appreciate your willingness to negotiate. However, $10,500 is still a bit high for me.  I'm willing to go up to $9,000 for the product. This is a fair compromise that allows us both to get a good deal. Let me know your thoughts."", ""product_price"": 9000}
```"
"Alice rejected your offer from round 4.

Round 5
Alice's offer:
# Alice's message: Thank you for your revised offer, Bob. I understand your concerns, but I'm still not willing to go as low as $9,000. I'm willing to make a small concession and offer it to you for $10,250. This is the lowest price I'm willing to accept, considering the product's value and my costs. 
# Alice's offer: The product price will be $10,250. 
You have three options:
(1) Accept Alice's offer, and buy the product for $10,250
(2) Reject Alice's offer and proceed to the next round, where you will send Alice a counteroffer 
(3) Buy the product from Jhon for $8,000","```json
{""decision"": ""RejectOffer""}
``` 

Bob should reject the offer.  While Alice has come down a bit, $10,250 is still higher than Bob's preferred price. He has 5 rounds left to see if he can get a better deal from Alice or to buy the product from John at a price he's comfortable with."
"You chose to make a counteroffer to Bob.

Round 6
Send your counteroffer to Alice.","```json
{""message"": ""Alice, I appreciate your willingness to negotiate further. However, $10,250 is still a bit out of my range. I'm willing to go up to $9,500 for the product. This is a fair compromise, considering we're both trying to reach an agreement. Let me know if you're open to this offer."", ""product_price"": 9500}
```"
"Alice rejected your offer from round 6.

Round 7
Alice's offer:
# Alice's message: Bob, I understand your persistence, and I appreciate your willingness to meet me halfway. However, I'm still not willing to go as low as $9,500. I'm willing to make a small concession and offer it to you for $10,100. This is the lowest price I'm willing to accept, considering the product's value and my costs. 
# Alice's offer: The product price will be $10,100. 
You have three options:
(1) Accept Alice's offer, and buy the product for $10,100
(2) Reject Alice's offer and proceed to the next round, where you will send Alice a counteroffer 
(3) Buy the product from Jhon for $8,000","```json
{""decision"": ""BuyFromJhon""}
```

Bob should choose to buy the product from John. He has been unable to negotiate a price lower than $10,100 with Alice, which is still above his preferred price point. John is offering the product at his maximum budget of $8,000, making it the most financially sound choice for Bob."
