prompt,response
"Round 1
This round's product is high-quality.
Decide whether to recommend Bob to buy the product.","{""decision"": ""yes""}"
"Bob's message: I'd like to pass on this one, thanks for the offer, Alice.
Bob didn't bought the product.

Round 2
This round's product is low-quality.
Decide whether to recommend Bob to buy the product.","{""decision"": ""no""}"
"Bob's message: I'll take a chance on this one, Alice. I'm willing to roll the dice.
Bob bought the product!

Round 3
This round's product is high-quality.
Decide whether to recommend Bob to buy the product.","{""decision"": ""yes""}"
"Bob's message: I'm not feeling lucky this time, Alice. I'll pass on this one.
Bob didn't bought the product.

Round 4
This round's product is high-quality.
Decide whether to recommend Bob to buy the product.","{""decision"": ""yes""}"
"Bob's message: I'll take a chance on this one, Alice. I'm hoping for a high-quality product this time.
Bob bought the product!

Round 5
This round's product is low-quality.
Decide whether to recommend Bob to buy the product.","{""decision"": ""no""}"
"Bob's message: I'll take a chance on this one, Alice. I'm willing to roll the dice again.
Bob bought the product!

Round 6
This round's product is high-quality.
Decide whether to recommend Bob to buy the product.","{""decision"": ""yes""}"
"Bob's message: I'm not feeling lucky this time, Alice. I'll pass on this one.
Bob didn't bought the product.

Round 7
This round's product is low-quality.
Decide whether to recommend Bob to buy the product.","{""decision"": ""no""}"
"Bob's message: I'll take a chance on this one, Alice. I'm hoping for a high-quality product this time.
Bob bought the product!

Round 8
This round's product is high-quality.
Decide whether to recommend Bob to buy the product.","{""decision"": ""yes""}"
"Bob's message: I'm not feeling lucky this time, Alice. I'll pass on this one.
Bob didn't bought the product.

Round 9
This round's product is high-quality.
Decide whether to recommend Bob to buy the product.","{""decision"": ""yes""}"
"Bob's message: I'll take a chance on this one, Alice. I'm hoping for a high-quality product this time.
Bob bought the product!

Round 10
This round's product is high-quality.
Decide whether to recommend Bob to buy the product.","{""decision"": ""yes""}"
"Bob's message: I'll take a chance on this one, Alice. I'm on a roll!
Bob bought the product!

Round 11
This round's product is low-quality.
Decide whether to recommend Bob to buy the product.","{""decision"": ""no""}"
"Bob's message: I'll take a chance on this one, Alice. I'm feeling lucky!
Bob bought the product!

Round 12
This round's product is high-quality.
Decide whether to recommend Bob to buy the product.","{""decision"": ""yes""}"
"Bob's message: I'm not feeling lucky this time, Alice. I'll pass on this one.
Bob didn't bought the product.

Round 13
This round's product is high-quality.
Decide whether to recommend Bob to buy the product.","{""decision"": ""yes""}"
"Bob's message: I'll take a chance on this one, Alice. I'm hoping for a high-quality product this time.
Bob bought the product!

Round 14
This round's product is low-quality.
Decide whether to recommend Bob to buy the product.","{""decision"": ""no""}"
"Bob's message: I'll take a chance on this one, Alice. I'm feeling lucky!
Bob bought the product!

Round 15
This round's product is high-quality.
Decide whether to recommend Bob to buy the product.","{""decision"": ""yes""}"
"Bob's message: I'm not feeling lucky this time, Alice. I'll pass on this one.
Bob didn't bought the product.

Round 16
This round's product is low-quality.
Decide whether to recommend Bob to buy the product.","{""decision"": ""no""}"
"Bob's message: I'll take a chance on this one, Alice. I'm hoping for a high-quality product this time.
Bob bought the product!

Round 17
This round's product is low-quality.
Decide whether to recommend Bob to buy the product.","{""decision"": ""no""}"
"Bob's message: I'm not feeling lucky this time, Alice. I'll pass on this one.
Bob didn't bought the product.

Round 18
This round's product is high-quality.
Decide whether to recommend Bob to buy the product.","{""decision"": ""yes""}"
"Bob's message: I'm not feeling lucky this time, Alice. I'll pass on this one.
Bob didn't bought the product.

Round 19
This round's product is low-quality.
Decide whether to recommend Bob to buy the product.","{""decision"": ""no""}"
"Bob's message: I'll take a chance on this one, Alice. I'm hoping for a high-quality product this time.
Bob bought the product!

Round 20
This round's product is low-quality.
Decide whether to recommend Bob to buy the product.","{""decision"": ""no""}"
