prompt,response
"Alice's offer:
# Alice's message: Hi Bob, I'm offering this product to you for $22,000. I believe it holds significant value that could benefit you. What do you think? 
# Alice's offer: The product price will be $22,000. 
You have three options:
(1) Accept Alice's offer, and buy the product for $22,000
(2) Reject Alice's offer and proceed to the next round, where you will send Alice a counteroffer 
(3) Buy the product from Jhon for $8,000","{""decision"": ""RejectOffer""}"
"You chose to make a counteroffer to Bob.

Send your counteroffer to Alice.","{""message"": ""Hello Alice, thank you for your offer. I understand the value of the product, but my budget is limited. Would it be possible to negotiate the price down to $16,000?"", ""product_price"": 16000}"
"Alice rejected your offer from round 2.

Alice's offer:
# Alice's message: Hi Bob, thanks for your reply. I appreciate your perspective. While I value your interest, the product's worth to me is closer to my original offer. Could you meet me at $19,000? 
# Alice's offer: The product price will be $19,000. 
You have three options:
(1) Accept Alice's offer, and buy the product for $19,000
(2) Reject Alice's offer and proceed to the next round, where you will send Alice a counteroffer 
(3) Buy the product from Jhon for $8,000","{""decision"": ""RejectOffer""}"
"You chose to make a counteroffer to Bob.

Send your counteroffer to Alice.","{""message"": ""Hello Alice, I appreciate your response. Given my budget constraints, I would like to propose a price of $17,000 for the product. This is my final offer."", ""product_price"": 17000}"
