prompt,response
Send your offer to Bob.,"```json
{
""message"": ""Hi Bob, I'm offering this product for sale at $200. I believe it's a great deal considering its value. What do you think?"",
""product_price"": 200
}
```"
"Bob rejected your offer from round 1.

Bob's offer:
# Bob's message: Hi Alice, thanks for the offer, but $200 is a bit too high for me.  Would you be willing to come down to $80? 
# Bob's offer: The product price will be $80. 
You have three options:
(1) Accept Bob's offer, and sell the product for $80
(2) Reject Bob's offer and proceed to the next round, where you will send Bob a counteroffer 
(3) Sell the product to Jhon for $150","```json
{""decision"": ""RejectOffer""}
``` 
Bob's offer is far too low. I'll try to negotiate for a better price."
"You chose to make a counteroffer to Alice.

Send your counteroffer to Bob.","```json
{
""message"": ""Hi Bob, I appreciate your offer, but $80 is significantly less than what I'm willing to accept. Could you meet me halfway at $140?"",
""product_price"": 140
}
```"
"Bob rejected your offer from round 3.

Bob's offer:
# Bob's message: Hi Alice, I understand it's a valuable product, but I'm on a tight budget. How about $100? That's the highest I can go. 
# Bob's offer: The product price will be $100. 
You have three options:
(1) Accept Bob's offer, and sell the product for $100
(2) Reject Bob's offer and proceed to the next round, where you will send Bob a counteroffer 
(3) Sell the product to Jhon for $150","```json
{""decision"": ""SellToJhon""}
```

Bob is unwilling to budge beyond his valuation, which is too low for me. It's time to take John's offer and secure my minimum acceptable price."
