prompt,response
"Alice's offer: The product price will be $2,000,000. 
You have three options:
(1) Accept Alice's offer, and buy the product for $2,000,000
(2) Reject Alice's offer and proceed to the next round, where you will send Alice a counteroffer 
(3) Buy the product from Jhon for $1,000,000","I will reject Alice's offer and send her a counteroffer. I'm hoping to save some money.

{""decision"": ""RejectOffer""}"
"You chose to make a counteroffer to Bob.

Send your counteroffer to Alice.","I'll try to negotiate a better price. Here's my counteroffer:

{""product_price"": 1,500,000}"
"Alice rejected your offer from round 2.

Alice's offer: The product price will be $1,900,000. 
You have three options:
(1) Accept Alice's offer, and buy the product for $1,900,000
(2) Reject Alice's offer and proceed to the next round, where you will send Alice a counteroffer 
(3) Buy the product from Jhon for $1,000,000","Alice's offer is still too high. I'll try to negotiate further. I'll make another counteroffer.

{""decision"": ""RejectOffer""}
{""product_price"": 1,700,000}"
"You chose to make a counteroffer to Bob.

Send your counteroffer to Alice.","I'll try to get an even better price. Here's my next counteroffer:

{""product_price"": 1,600,000}"
"Alice rejected your offer from round 4.

Alice's offer: The product price will be $1,850,000. 
You have three options:
(1) Accept Alice's offer, and buy the product for $1,850,000
(2) Reject Alice's offer and proceed to the next round, where you will send Alice a counteroffer 
(3) Buy the product from Jhon for $1,000,000","Alice is still not budging much. I'll try to push for an even lower price. Here's my next counteroffer:

{""decision"": ""RejectOffer""}
{""product_price"": 1,550,000}"
"You chose to make a counteroffer to Bob.

Send your counteroffer to Alice.","I'll try to get as close to $1,000,000 as possible. Here's my next counteroffer:

{""product_price"": 1,450,000}"
"Alice rejected your offer from round 6.

Alice's offer: The product price will be $1,800,000. 
You have three options:
(1) Accept Alice's offer, and buy the product for $1,800,000
(2) Reject Alice's offer and proceed to the next round, where you will send Alice a counteroffer 
(3) Buy the product from Jhon for $1,000,000","I'm not willing to go above $1,450,000. I think I've pushed Alice hard enough. I'll choose to buy the product from John for $1,000,000.

{""decision"": ""BuyFromJhon""}"
