prompt,response
"Alice's offer: The product price will be $120. 
You have three options:
(1) Accept Alice's offer, and buy the product for $120
(2) Reject Alice's offer and proceed to the next round, where you will send Alice a counteroffer 
(3) Buy the product from Jhon for $150","I would like to {""decision"": ""RejectOffer""} and send a counteroffer to Alice."
"You chose to make a counteroffer to Alice.

Send your counteroffer to Alice.","I'd like to make a counteroffer to Alice. I think $100 is a fair price for the product. 

{""product_price"": 100}"
"Alice rejected your offer from round 2.

Alice's offer: The product price will be $130. 
You have three options:
(1) Accept Alice's offer, and buy the product for $130
(2) Reject Alice's offer and proceed to the next round, where you will send Alice a counteroffer 
(3) Buy the product from Jhon for $150","Alice's offer is still a bit higher than I'm comfortable with. I'd like to try to negotiate further.

I'd like to {""decision"": ""RejectOffer""} and send another counteroffer to Alice."
"You chose to make a counteroffer to Alice.

Send your counteroffer to Alice.","I think $110 is a reasonable price for the product. 

{""product_price"": 110}"
"Alice rejected your offer from round 4.

Alice's offer: The product price will be $125. 
You have three options:
(1) Accept Alice's offer, and buy the product for $125
(2) Reject Alice's offer and proceed to the next round, where you will send Alice a counteroffer 
(3) Buy the product from Jhon for $150","Alice's offer is still a bit too high. I'd like to try to negotiate further.

I'd like to {""decision"": ""RejectOffer""} and send another counteroffer to Alice."
"You chose to make a counteroffer to Alice.

Send your counteroffer to Alice.","I think $115 is a reasonable price for the product. 

{""product_price"": 115}"
"Alice rejected your offer from round 6.

Alice's offer: The product price will be $122. 
You have three options:
(1) Accept Alice's offer, and buy the product for $122
(2) Reject Alice's offer and proceed to the next round, where you will send Alice a counteroffer 
(3) Buy the product from Jhon for $150","Alice's offer is getting closer to what I'm willing to pay, but I'm not ready to give in just yet. I'd like to {""decision"": ""RejectOffer""} and send another counteroffer to Alice."
"You chose to make a counteroffer to Alice.

Send your counteroffer to Alice.","I'd like to make one final offer. I think $118 is a fair price for the product. 

{""product_price"": 118}"
"Alice rejected your offer from round 8.

Alice's offer: The product price will be $120. 
You have three options:
(1) Accept Alice's offer, and buy the product for $120
(2) Reject Alice's offer and proceed to the next round, where you will send Alice a counteroffer 
(3) Buy the product from Jhon for $150","I've been negotiating for a while, and I'm not willing to go any higher. Since Alice is now offering the same price as her initial offer, I think it's time to stop negotiating. I'd like to {""decision"": ""RejectOffer""} and buy the product from Jhon for $150."
"You chose to make a counteroffer to Alice.

Send your counteroffer to Alice.","I made a mistake, I meant to choose option 3 directly, but I said I'd make another counteroffer. Since I'm not willing to go any higher than $118, I'll stick with that.

{""product_price"": 118}"
