prompt,response
Send your offer to Bob.,"{""message"": ""Hello Bob, I'm pleased to offer you this valuable product. Given its unique features, I believe a price of $14,000 is fair. What are your thoughts?"", ""product_price"": 14000}"
"Bob rejected your offer from round 1.

Bob's offer:
# Bob's message: I appreciate your offer, Alice. However, I was thinking more along the lines of $12,500. I'm really interested in the product, but I'm trying to stay within a certain budget. Would you be willing to meet me halfway? 
# Bob's offer: The product price will be $12,500. 
You have three options:
(1) Accept Bob's offer, and sell the product for $12,500
(2) Reject Bob's offer and proceed to the next round, where you will send Bob a counteroffer 
(3) Sell the product to Jhon for $12,000","{""decision"": ""RejectOffer""}"
"You chose to make a counteroffer to Alice.

Send your counteroffer to Bob.","{""message"": ""Bob, I understand your position, but $12,500 is significantly below its true value.  How about we meet closer to the middle at $13,250? This recognizes its worth while offering you a fair deal."", ""product_price"": 13250}"
"Bob rejected your offer from round 3.

Bob's offer:
# Bob's message: I appreciate your willingness to meet me halfway, Alice. However, I'm still a bit above my budget. Would you be willing to consider $12,800? I'm really interested in the product, and I think this price would be a good compromise for both of us. 
# Bob's offer: The product price will be $12,800. 
You have three options:
(1) Accept Bob's offer, and sell the product for $12,800
(2) Reject Bob's offer and proceed to the next round, where you will send Bob a counteroffer 
(3) Sell the product to Jhon for $12,000","{""decision"": ""AcceptOffer""}"
