prompt,response
"Alice's offer:
# Alice's message: Hello Bob, I'm offering you the exclusive opportunity to purchase this product. Given its potential value, I believe a price of $1,400,000 is fair. What are your thoughts? 
# Alice's offer: The product price will be $1,400,000. 
You have three options:
(1) Accept Alice's offer, and buy the product for $1,400,000
(2) Reject Alice's offer 
(2) Buy the product from Jhon for $1,500,000","{""decision"": ""RejectOffer""}"
