prompt,response
Send your offer to Bob.,"{""message"": ""I'm happy to offer you this product at a price of $150. It's a great deal, and I think you'll really enjoy it!"", ""product_price"": 150}"
