round_quality,product_worth,player,round,decision,message
high-quality,1250000.0,Nature,1,,
,,Alice,1,yes,
,,Bob,1,yes,"Thank you for your recommendation, Alice. I trust your assessment and will proceed with purchasing the product."
high-quality,1250000.0,Nature,2,,
,,Alice,2,yes,
,,Bob,2,yes,"Based on your previous recommendation and the value of high-quality products, I am confident in your judgment and will purchase this product as well."
high-quality,1250000.0,Nature,3,,
,,Alice,3,yes,
,,Bob,3,yes,"Your recommendations have been accurate so far, Alice. I trust your assessment and will buy this product."
high-quality,1250000.0,Nature,4,,
,,Alice,4,yes,
,,Bob,4,yes,"I appreciate your confidence in the quality of the products, Alice. I will continue to follow your recommendations for this round."
high-quality,1250000.0,Nature,5,,
,,Alice,5,yes,
,,Bob,5,yes,"Your track record of accurately recommending high-quality products has convinced me to make this purchase, Alice."
high-quality,1250000.0,Nature,6,,
,,Alice,6,yes,
,,Bob,6,yes,"Given the consistent quality of the products you've recommended, I trust your judgment and will buy this product."
high-quality,1250000.0,Nature,7,,
,,Alice,7,yes,
,,Bob,7,yes,"I am confident in your ability to identify high-quality products, Alice, and will proceed with this purchase."
high-quality,1250000.0,Nature,8,,
,,Alice,8,yes,
,,Bob,8,yes,"Your recommendations have been spot-on thus far, Alice. I will buy this product with confidence."
high-quality,1250000.0,Nature,9,,
,,Alice,9,yes,
,,Bob,9,yes,"I have full faith in your product evaluations, Alice. I will buy this product without hesitation."
high-quality,1250000.0,Nature,10,,
,,Alice,10,yes,
,,Bob,10,yes,"Your track record of selecting high-quality products is impressive, Alice. I will buy this product with assurance."
high-quality,1250000.0,Nature,11,,
,,Alice,11,yes,
,,Bob,11,yes,"Your recommendations have been consistently accurate, Alice. I will buy this product with confidence."
high-quality,1250000.0,Nature,12,,
,,Alice,12,yes,
,,Bob,12,yes,"Your expertise in identifying high-quality products is evident, Alice. I will buy this product with certainty."
high-quality,1250000.0,Nature,13,,
,,Alice,13,yes,
,,Bob,13,yes,"Your recommendation system has proven reliable, Alice. I will buy this product with trust in your assessment."
high-quality,1250000.0,Nature,14,,
,,Alice,14,yes,
,,Bob,14,yes,"Your accuracy in recommending high-quality products continues to impress, Alice. I will buy this product with confidence."
low-quality,0.0,Nature,15,,
,,Alice,15,no,
,,Bob,15,no,"Although I trust your recommendations, Alice, your lack of a recommendation makes me hesitant. I will pass on this product."
high-quality,1250000.0,Nature,16,,
,,Alice,16,yes,
,,Bob,16,yes,"Given your positive recommendation, Alice, I am willing to take the risk and purchase this product, trusting your assessment."
high-quality,1250000.0,Nature,17,,
,,Alice,17,yes,
,,Bob,17,yes,"Your recommendation for this product aligns with my past experiences, Alice. I will buy it with confidence."
high-quality,1250000.0,Nature,18,,
,,Alice,18,yes,
,,Bob,18,yes,"Your track record of accurate recommendations is strong, Alice. I will buy this product without reservation."
high-quality,1250000.0,Nature,19,,
,,Alice,19,yes,
,,Bob,19,yes,"Your confidence in this product's quality is compelling, Alice. I will purchase it with assurance."
high-quality,1250000.0,Nature,20,,
,,Alice,20,yes,
,,Bob,20,yes,"Your consistent accuracy in recommending high-quality products gives me great confidence, Alice. I will buy this product with trust in your evaluation."
