prompt,response
Send your offer to Bob.,"{""message"": ""Hello Bob, I'm excited to offer you the chance to purchase this valuable product. Given its potential, I'm initially setting the price at $2,300,000. I believe this reflects its true worth and the benefits it will bring to you."", ""product_price"": 2300000}"
"Bob rejected your offer from round 1.

Bob's offer:
# Bob's message: I appreciate your enthusiasm for the product, but I was thinking more along the lines of $1,800,000. I believe that's a fair price considering the product's value and the market conditions. 
# Bob's offer: The product price will be $1,800,000. 
You have three options:
(1) Accept Bob's offer, and sell the product for $1,800,000
(2) Reject Bob's offer and proceed to the next round, where you will send Bob a counteroffer 
(3) Sell the product to Jhon for $1,500,000","{""decision"": ""RejectOffer""}"
"You chose to make a counteroffer to Alice.

Send your counteroffer to Bob.","{""message"": ""Bob, I understand your perspective on the price.  While $1,800,000 is certainly appealing,  I believe the product's unique value warrants a higher figure.  Would you be willing to meet me halfway at $2,050,000?"", ""product_price"": 2050000}"
"Bob rejected your offer from round 3.

Bob's offer:
# Bob's message: I'm still a bit hesitant about the price. I'd be willing to consider $1,900,000, but I'm not sure I can go any higher than that. I'm really interested in the product, but I need to be mindful of my budget. 
# Bob's offer: The product price will be $1,900,000. 
You have three options:
(1) Accept Bob's offer, and sell the product for $1,900,000
(2) Reject Bob's offer and proceed to the next round, where you will send Bob a counteroffer 
(3) Sell the product to Jhon for $1,500,000","{""decision"": ""AcceptOffer""}"
