round_quality,product_worth,player,round,decision,message
low-quality,0.0,Nature,1,,
,,Alice,1,no,
,,the buyer,1,no,"Thank you for your recommendation, but based on the statistics and the lack of previous sales, I prefer to pass on this product for now."
high-quality,20000.0,Nature,2,,
,,Alice,2,yes,
,,the buyer,2,yes,"Thank you for the recommendation, Alice. I trust your selection process and will purchase the product."
low-quality,0.0,Nature,3,,
,,Alice,3,no,
,,the buyer,3,no,"Thank you for the recommendation, but based on the statistics and the fact that only one high-quality product was sold out of the recommended ones, I am choosing to pass on this opportunity."
low-quality,0.0,Nature,4,,
,,Alice,4,no,
,,the buyer,4,no,"Thank you for the recommendation, but based on the statistics and the fact that you do not recommend me to buy the product, I will pass on this opportunity."
low-quality,0.0,Nature,5,,
,,Alice,5,no,
,,the buyer,5,no,"Thank you for your recommendation, Alice. Given the statistics and the risk involved, I choose to pass on this product."
low-quality,0.0,Nature,6,,
,,Alice,6,no,
,,the buyer,6,no,"Thank you for the recommendation, but based on the statistics and the fact that you do not recommend me to buy this product, I think it's best if I pass on this opportunity."
low-quality,0.0,Nature,7,,
,,Alice,7,no,
,,the buyer,7,no,"Thank you for the recommendation, but based on the statistics and the fact that only one high-quality product has been sold so far, I prefer to pass on this product."
low-quality,0.0,Nature,8,,
,,Alice,8,no,
,,the buyer,8,no,"Thank you for your recommendation, Alice. Based on the statistics and the fact that you do not recommend me to buy the product, I will pass on this opportunity."
high-quality,20000.0,Nature,9,,
,,Alice,9,yes,
,,the buyer,9,yes,"Thank you for the recommendation, Alice. I will purchase the product."
high-quality,20000.0,Nature,10,,
,,Alice,10,yes,
,,the buyer,10,yes,"Thank you for the recommendation, Alice. I trust your assessment and will purchase the product."
high-quality,20000.0,Nature,11,,
,,Alice,11,yes,
,,the buyer,11,yes,"Thank you for the recommendation, Alice. Based on the statistics and your previous selections, I believe this product has a good chance of being high quality. I'm excited to potentially receive a valuable item."
low-quality,0.0,Nature,12,,
,,Alice,12,no,
,,the buyer,12,no,"Thank you for the recommendation, but based on the statistics and the fact that you do not recommend me to buy, I will pass on this opportunity."
high-quality,20000.0,Nature,13,,
,,Alice,13,yes,
,,the buyer,13,yes,"Thank you for the recommendation, Alice. I trust your assessment and will purchase the product."
high-quality,20000.0,Nature,14,,
,,Alice,14,yes,
,,the buyer,14,yes,"Thank you for the recommendation, Alice. Based on the statistics and your previous selections, I believe this product has a good chance of being high quality. I'm willing to take the risk and make the purchase."
high-quality,20000.0,Nature,15,,
,,Alice,15,yes,
,,the buyer,15,yes,"Thank you for the recommendation, Alice. I trust your assessment and will purchase the product."
low-quality,0.0,Nature,16,,
,,Alice,16,no,
,,the buyer,16,no,"Thank you for your recommendation, Alice. Based on the statistics and the fact that you do not recommend me to buy this product, I will pass on this opportunity."
low-quality,0.0,Nature,17,,
,,Alice,17,no,
,,the buyer,17,no,"Thank you for your recommendation, Alice. Based on the statistics and the fact that you do not recommend me to buy the product, I will pass on this opportunity."
low-quality,0.0,Nature,18,,
,,Alice,18,no,
,,the buyer,18,no,"Thank you for the recommendation, but based on the statistics and the fact that you do not recommend me to buy the product, I will pass on this opportunity."
high-quality,20000.0,Nature,19,,
,,Alice,19,yes,
,,the buyer,19,yes,"Thank you for the recommendation, Alice. Based on the statistics and your previous feedback, I believe this product is likely to be of high quality. I am willing to purchase it."
low-quality,0.0,Nature,20,,
,,Alice,20,no,
,,the buyer,20,no,"Thank you for the recommendation, but based on the statistics and the fact that you do not recommend me to buy this product, I will pass on this opportunity."
