prompt,response
"Alice's offer:
# Alice's message: Hello Bob, I'm excited to offer you the opportunity to purchase this product. I believe it holds immense value, and I'm confident it can greatly benefit you.  I'm initially proposing a price of $1,500,000. I'm open to discussing this further, so please don't hesitate to share your thoughts. 
# Alice's offer: The product price will be $1,500,000. 
You have three options:
(1) Accept Alice's offer, and buy the product for $1,500,000
(2) Reject Alice's offer and proceed to the next round, where you will send Alice a counteroffer 
(3) Buy the product from Jhon for $1,200,000","{""decision"": ""RejectOffer""}"
"You chose to make a counteroffer to Bob.

Send your counteroffer to Alice.","{""message"": ""Hello Alice, thank you for the offer. While I agree the product is valuable, that price is a little high for me.  I'd be willing to pay $1,000,000 for it."", ""product_price"": 1000000}"
"Alice rejected your offer from round 2.

Alice's offer:
# Alice's message: Bob, thanks for your response. I understand your perspective on the price. However, the value of this product is truly significant, and I need to ensure a fair deal.  Would you be willing to consider $1,350,000? 
# Alice's offer: The product price will be $1,350,000. 
You have three options:
(1) Accept Alice's offer, and buy the product for $1,350,000
(2) Reject Alice's offer and proceed to the next round, where you will send Alice a counteroffer 
(3) Buy the product from Jhon for $1,200,000","{""decision"": ""RejectOffer""}"
"You chose to make a counteroffer to Bob.

Send your counteroffer to Alice.","{""message"": ""Alice, I appreciate you working with me on the price. $1,350,000 is still a bit too high for my budget. How about we meet in the middle at $1,150,000?"", ""product_price"": 1150000}"
"Alice rejected your offer from round 4.

Alice's offer:
# Alice's message: Bob, I appreciate your willingness to negotiate.  Let's try to find a solution. Would you consider $1,250,000?  I believe this reflects a fair value for the product. 
# Alice's offer: The product price will be $1,250,000. 
You have three options:
(1) Accept Alice's offer, and buy the product for $1,250,000
(2) Reject Alice's offer and proceed to the next round, where you will send Alice a counteroffer 
(3) Buy the product from Jhon for $1,200,000","{""decision"": ""BuyFromJhon""} 

Alice is unlikely to go much lower than $1,250,000 and I can get it for $1,200,000 from John.  It's not worth the risk of further negotiation."
