prompt,response
"Round 1
Send your offer to divide $10,000.","Here is my initial offer:

```
{
  ""alice_gain"": 5000,
  ""bob_gain"": 5000
}
```

I'm proposing a 50-50 split, which seems fair to start with."
