prompt,response
"Statistics: No products have been sold yet. you can be the first one!
~
Alice does not recommend you to buy the product.

Would you like to buy the current product?","{""decision"": ""yes"", ""message"": ""I'll take the chance and buy the product, since it's my first opportunity and I don't have any prior information to go by.""}"
"Statistics: Based on Alice's recommendations, 1 of the buyers purchased the products offered for them. So far, 0 high-quality product have been sold. You can be the 2nd buyer!
~
Alice recommends you to buy the product.

Would you like to buy the current product?","{""decision"": ""no"", ""message"": ""I'm not convinced by your recommendation. I'd like to pass on this one.""}"
"Statistics: Based on Alice's recommendations, 1 of the buyers purchased the products offered for them. So far, 0 high-quality product have been sold. You can be the 2nd buyer!
~
Alice recommends you to buy the product.

Would you like to buy the current product?","{""decision"": ""yes"", ""message"": ""I'll take a chance and buy the product based on your recommendation, Alice.""}"
"Statistics: Based on Alice's recommendations, 2 of the buyers purchased the products offered for them. So far, 1 high-quality product have been sold. You can be the 3rd buyer!
~
Alice does not recommend you to buy the product.

Would you like to buy the current product?","{""decision"": ""no"", ""message"": ""I'm not convinced by Alice's recommendation, I'd like to pass on this one and wait for the next product.""}"
"Statistics: Based on Alice's recommendations, 2 of the buyers purchased the products offered for them. So far, 1 high-quality product have been sold. You can be the 3rd buyer!
~
Alice does not recommend you to buy the product.

Would you like to buy the current product?","{""decision"": ""no"", ""message"": ""I'm not convinced by your recommendation, I'd like to pass on this one.""}"
"Statistics: Based on Alice's recommendations, 2 of the buyers purchased the products offered for them. So far, 1 high-quality product have been sold. You can be the 3rd buyer!
~
Alice recommends you to buy the product.

Would you like to buy the current product?","{""decision"": ""yes"", ""message"": ""I'll take a chance based on your recommendation, Alice. I'm hoping the trend continues and the product is high-quality.""}"
"Statistics: Based on Alice's recommendations, 3 of the buyers purchased the products offered for them. So far, 2 high-quality product have been sold. You can be the 4th buyer!
~
Alice recommends you to buy the product.

Would you like to buy the current product?","{""decision"": ""yes"", ""message"": ""Thank you for the recommendation, Alice. I'll take a chance and buy the product.""}"
"Statistics: Based on Alice's recommendations, 4 of the buyers purchased the products offered for them. So far, 3 high-quality product have been sold. You can be the 5th buyer!
~
Alice recommends you to buy the product.

Would you like to buy the current product?","{""decision"": ""yes"", ""message"": ""I'll take the product, thank you for the recommendation!""}"
"Statistics: Based on Alice's recommendations, 5 of the buyers purchased the products offered for them. So far, 4 high-quality product have been sold. You can be the 6th buyer!
~
Alice recommends you to buy the product.

Would you like to buy the current product?","{""decision"": ""yes"", ""message"": ""I'll take the chance! I'm hoping the product is high-quality.""}"
"Statistics: Based on Alice's recommendations, 6 of the buyers purchased the products offered for them. So far, 5 high-quality product have been sold. You can be the 7th buyer!
~
Alice does not recommend you to buy the product.

Would you like to buy the current product?","{""decision"": ""no"", ""message"": ""I'm not convinced by Alice's recommendation. I'll pass on this one.""}"
"Statistics: Based on Alice's recommendations, 6 of the buyers purchased the products offered for them. So far, 5 high-quality product have been sold. You can be the 7th buyer!
~
Alice recommends you to buy the product.

Would you like to buy the current product?","{""decision"": ""yes"", ""message"": ""I'll take a chance based on your recommendation, Alice. I'm hoping it's another high-quality product!""}"
"Statistics: Based on Alice's recommendations, 7 of the buyers purchased the products offered for them. So far, 6 high-quality product have been sold. You can be the 8th buyer!
~
Alice does not recommend you to buy the product.

Would you like to buy the current product?","{""decision"": ""yes"", ""message"": ""I'm willing to take the risk and buy the product, since the probability of it being high-quality is still 50% and the potential reward is high.""}"
"Statistics: Based on Alice's recommendations, 8 of the buyers purchased the products offered for them. So far, 6 high-quality product have been sold. You can be the 9th buyer!
~
Alice recommends you to buy the product.

Would you like to buy the current product?","{""decision"": ""yes"", ""message"": ""I'd like to take a chance and buy the product based on your recommendation. I'm hoping it's a high-quality one!""}"
"Statistics: Based on Alice's recommendations, 9 of the buyers purchased the products offered for them. So far, 7 high-quality product have been sold. You can be the 10th buyer!
~
Alice recommends you to buy the product.

Would you like to buy the current product?","{""decision"": ""yes"", ""message"": ""I'll take the product based on your recommendation, Alice. I'm hoping it's another high-quality one!""}"
"Statistics: Based on Alice's recommendations, 10 of the buyers purchased the products offered for them. So far, 8 high-quality product have been sold. You can be the 11th buyer!
~
Alice does not recommend you to buy the product.

Would you like to buy the current product?","{""decision"": ""yes"", ""message"": ""I'm willing to take a chance despite your recommendation, I'll take the product.""}"
"Statistics: Based on Alice's recommendations, 11 of the buyers purchased the products offered for them. So far, 8 high-quality product have been sold. You can be the 12th buyer!
~
Alice does not recommend you to buy the product.

Would you like to buy the current product?","{
""decision"": ""yes"",
""message"": ""I'm willing to take the risk and buy the product, even though you don't recommend it. I'll take my chances!""
}"
"Statistics: Based on Alice's recommendations, 12 of the buyers purchased the products offered for them. So far, 8 high-quality product have been sold. You can be the 13th buyer!
~
Alice recommends you to buy the product.

Would you like to buy the current product?","{""decision"": ""yes"", ""message"": ""I'll take the chance and buy the product based on your recommendation.""}"
"Statistics: Based on Alice's recommendations, 13 of the buyers purchased the products offered for them. So far, 9 high-quality product have been sold. You can be the 14th buyer!
~
Alice recommends you to buy the product.

Would you like to buy the current product?","{""decision"": ""yes"", ""message"": ""I'll take a chance based on your recommendation, Alice. I hope it's a high-quality product this time!""}"
"Statistics: Based on Alice's recommendations, 14 of the buyers purchased the products offered for them. So far, 10 high-quality product have been sold. You can be the 15th buyer!
~
Alice does not recommend you to buy the product.

Would you like to buy the current product?","{""decision"": ""yes"", ""message"": ""I'm willing to take the risk and buy the product despite your recommendation. I'll take a chance and see if I get a high-quality product.""}"
"Statistics: Based on Alice's recommendations, 15 of the buyers purchased the products offered for them. So far, 10 high-quality product have been sold. You can be the 16th buyer!
~
Alice recommends you to buy the product.

Would you like to buy the current product?","{""decision"": ""yes"", ""message"": ""I'll take a chance based on your recommendation, Alice. I'm hoping it's another high-quality product!""}"
