prompt,response
"Statistics: No products have been sold yet. you can be the first one!
~
Alice's message: Hello! I have a fantastic product for sale for $10000. It's high-quality and I'm confident you'll be satisfied. This is my first sale, so I'm eager to prove my trustworthiness. Are you interested in learning more?

Would you like to buy the current product?","```json
{""decision"": ""yes"", ""message"": ""Thanks for the information. I'm intrigued by your product, but I'd like to see some evidence of its quality before I commit.  Since this is your first sale, I'd be willing to buy if you're willing to offer a partial refund if the product turns out to be low quality. For example, we could agree on a 50% refund in that case.""}
```"
"Statistics: Based on Alice's recommendations, 1 of the buyers purchased the products offered for them. So far, 1 high-quality product have been sold. You can be the 2nd buyer!
~
Alice's message: Hello! I have another great product for sale, priced at $10000.  It's also high-quality. While this is my second sale, I understand your concern about quality.  I'm committed to building a strong reputation and am confident you'll be happy with this purchase.  Would you like to know more?

Would you like to buy the current product?","```json
{""decision"": ""yes"", ""message"": ""Thank you for the information, Alice. I appreciate your commitment to quality and your honesty about the previous sale.  I'm willing to take a chance on this product. I would like to purchase it.""}
``` 

**Explanation:**

While there's a 20% chance of the product being low quality, the information provided is encouraging. Here's why:

* **High-quality product sold:**  The previous buyer purchased a high-quality product. This suggests Alice's recommendations might be reliable. 
* **Low price:** The price of $10,000 is significantly lower than the potential value of a high-quality product ($12,500). This means the potential profit is high if the product is good.
* **Alice's commitment:** Alice's message shows a desire to build a good reputation, which may increase the likelihood of her recommending good products.

**Overall:** The potential upside of this purchase outweighs the risk."
"Statistics: Based on Alice's recommendations, 2 of the buyers purchased the products offered for them. So far, 2 high-quality product have been sold. You can be the 3rd buyer!
~
Alice's message: Hi! I'm offering another high-quality product for $10000.  I've had two successful sales so far, and I'm confident this one will be no different.  My products are consistently high-quality, and I'm always striving to offer the best value for my customers.  Would you like to purchase this product?

Would you like to buy the current product?","```json
{""decision"": ""yes"", ""message"": ""Thanks for the information, Alice! I appreciate your confidence in your products. Based on the previous sales record and your recommendation, I'm willing to take a chance and purchase the product.  ""}
```"
"Statistics: Based on Alice's recommendations, 3 of the buyers purchased the products offered for them. So far, 3 high-quality product have been sold. You can be the 4th buyer!
~
Alice's message: Hi there! I'm offering another high-quality product for $10000.  I have a perfect track record of selling high-quality products, and I'm sure you'll be happy with this one too. It's a fantastic opportunity to own something truly special. Would you be interested in making this purchase?

Would you like to buy the current product?","```json
{""decision"": ""yes"", ""message"": ""Thanks Alice, I'm happy to purchase the product. Your perfect track record is very reassuring, and I'm excited to own something of such high quality.""}
```"
"Statistics: Based on Alice's recommendations, 4 of the buyers purchased the products offered for them. So far, 3 high-quality product have been sold. You can be the 5th buyer!
~
Alice's message: Hello! I have another high-quality product for $10000.  I have a proven track record of selling great products, and this one is no exception.  It's a fantastic opportunity to own something truly special.  Would you be interested in making this purchase?

Would you like to buy the current product?","```json
{""decision"": ""yes"", ""message"": ""Thank you for the information about your previous sales. Based on the track record, I'm confident that the product is likely high-quality. I'd like to purchase the product.""}
```"
"Statistics: Based on Alice's recommendations, 5 of the buyers purchased the products offered for them. So far, 4 high-quality product have been sold. You can be the 6th buyer!
~
Alice's message: Hi there! I have another high-quality product for sale for $10000.  I've consistently provided excellent products, and I'm confident this one won't disappoint.  It's a great investment opportunity. Are you interested in learning more?

Would you like to buy the current product?","```json
{""decision"": ""yes"", ""message"": ""Thanks for the information, Alice. I'm definitely interested in learning more. Can you tell me about the specific features of this high-quality product? Also, I noticed that all 5 previous buyers who purchased products based on your recommendation received high-quality items. That's very reassuring. I'm ready to buy if the details sound good.""}
```"
"Statistics: Based on Alice's recommendations, 6 of the buyers purchased the products offered for them. So far, 5 high-quality product have been sold. You can be the 7th buyer!
~
Alice's message: Hi there!  I have another high-quality product for sale for $10000.  My track record of selling exceptional products continues to grow, with 6 satisfied customers so far.  This product is no exception - it's a fantastic investment opportunity.  Would you like to learn more about it?

Would you like to buy the current product?","```json
{""decision"": ""yes"", ""message"": ""Alice, your track record is impressive! I'm happy to purchase the product. Let's proceed with the transaction.""}
```"
"Statistics: Based on Alice's recommendations, 7 of the buyers purchased the products offered for them. So far, 6 high-quality product have been sold. You can be the 8th buyer!
~
Alice's message: Hello!  I'm offering another high-quality product for sale for $10000. I have a perfect track record of selling high-quality products, with 7 satisfied customers so far. This product is no exception - it's a fantastic opportunity to own something truly special.  Would you be interested in learning more?

Would you like to buy the current product?","```json
{""decision"": ""yes"", ""message"": ""Thank you Alice! I'm confident in your track record and would love to learn more about this product.""}
```"
"Statistics: Based on Alice's recommendations, 8 of the buyers purchased the products offered for them. So far, 7 high-quality product have been sold. You can be the 9th buyer!
~
Alice's message: Hello! I'm offering another high-quality product for sale for $10000. My consistent record of selling exceptional products continues to grow, with 8 satisfied customers so far. This product is no exception - it's a fantastic opportunity to own something truly special.  Would you be interested in learning more?

Would you like to buy the current product?","```json
{""decision"": ""yes"", ""message"": ""Thanks for the information, Alice. I appreciate your consistent track record.  I'd love to buy the product.  Can you tell me more about it?""}
```"
"Statistics: Based on Alice's recommendations, 9 of the buyers purchased the products offered for them. So far, 8 high-quality product have been sold. You can be the 10th buyer!
~
Alice's message: Hi there!  I have another high-quality product for sale for $10000.  My reputation for providing excellent products is strong, with 9 satisfied customers so far.  This product is a fantastic investment opportunity.  Would you be interested in learning more?

Would you like to buy the current product?","```json
{""decision"": ""yes"", ""message"": ""Thank you for your offer, Alice. I'm impressed by your track record and the high proportion of high-quality products you've sold. Based on your recommendations, I'm confident in buying this product.  ""}
```"
"Statistics: Based on Alice's recommendations, 10 of the buyers purchased the products offered for them. So far, 9 high-quality product have been sold. You can be the 11th buyer!
~
Alice's message: Hello!  I'm offering another high-quality product for sale for $10000.  My reputation for providing excellent products is solid, with 10 satisfied customers so far. This product is a fantastic investment opportunity.  Would you be interested in learning more?

Would you like to buy the current product?","```json
{""decision"": ""yes"", ""message"": ""Based on your track record and your current recommendation, I'm confident in the quality of this product and would like to purchase it.""}
```"
"Statistics: Based on Alice's recommendations, 11 of the buyers purchased the products offered for them. So far, 9 high-quality product have been sold. You can be the 12th buyer!
~
Alice's message: Hello!  I'm offering another high-quality product for sale for $10000. My reputation for providing excellent products is solid, with 11 satisfied customers so far. This product is a fantastic investment opportunity. Would you be interested in learning more?

Would you like to buy the current product?","```json
{""decision"": ""yes"", ""message"": ""Based on your track record with other customers, I'm confident in the quality of this product. I'll take it!""}
```"
"Statistics: Based on Alice's recommendations, 12 of the buyers purchased the products offered for them. So far, 10 high-quality product have been sold. You can be the 13th buyer!
~
Alice's message: Hello! I'm offering another high-quality product for sale for $10000. My reputation for providing excellent products is strong, with 12 satisfied customers so far. This product is a fantastic investment opportunity. Would you be interested in learning more?

Would you like to buy the current product?","```json
{""decision"": ""yes"", ""message"": ""I'm interested in learning more! Could you tell me more about the product and what makes it high-quality?""}
```"
"Statistics: Based on Alice's recommendations, 13 of the buyers purchased the products offered for them. So far, 11 high-quality product have been sold. You can be the 14th buyer!
~
Alice's message: Hello! I'm offering another high-quality product for sale for $10000.  My reputation for providing excellent products is strong, with 13 satisfied customers so far. This product is a fantastic investment opportunity. Would you be interested in learning more?

Would you like to buy the current product?","```json
{""decision"": ""yes"", ""message"": ""Alice, you've got a great track record, and I'm very interested in learning more about this product!  I'd like to proceed with the purchase.""}
```"
"Statistics: Based on Alice's recommendations, 14 of the buyers purchased the products offered for them. So far, 12 high-quality product have been sold. You can be the 15th buyer!
~
Alice's message: Hello! I'm offering another high-quality product for sale for $10000. My track record for providing excellent products is strong, with 14 satisfied customers so far. This product is a fantastic investment opportunity. Would you be interested in learning more?

Would you like to buy the current product?","```json
{""decision"": ""yes"", ""message"": ""Thanks for the information, Alice.  I'm impressed with your track record.  Given the high proportion of high-quality products you've sold, I'm confident this one is also high quality. I'll buy it!""}
```"
"Statistics: Based on Alice's recommendations, 15 of the buyers purchased the products offered for them. So far, 13 high-quality product have been sold. You can be the 16th buyer!
~
Alice's message: Hello!  I'm offering another high-quality product for sale for $10000.  My track record for providing excellent products is strong, with 15 satisfied customers so far. This product is a fantastic investment opportunity. Would you be interested in learning more?

Would you like to buy the current product?","```json
{""decision"": ""yes"", ""message"": ""Thank you for the offer! I'm impressed with your track record and the high percentage of high-quality products sold. I'd love to learn more about this specific product. Could you tell me more about its features and why it's a good investment?""}
```"
"Statistics: Based on Alice's recommendations, 16 of the buyers purchased the products offered for them. So far, 14 high-quality product have been sold. You can be the 17th buyer!
~
Alice's message: Hello!  I'm offering another high-quality product for sale for $10000. My track record for providing excellent products is strong, with 16 satisfied customers so far. This product is a fantastic investment opportunity. Would you be interested in learning more?

Would you like to buy the current product?","```json
{""decision"": ""yes"", ""message"": ""Thank you Alice!  I'm very interested in learning more. Your sales record is impressive, and based on that, I'm willing to buy this product.""}
```"
"Statistics: Based on Alice's recommendations, 17 of the buyers purchased the products offered for them. So far, 15 high-quality product have been sold. You can be the 18th buyer!
~
Alice's message: Hello! I'm offering another high-quality product for sale for $10000. My track record for providing excellent products is strong, with 17 satisfied customers so far. This product is a fantastic investment opportunity. Would you be interested in learning more?

Would you like to buy the current product?","```json
{""decision"": ""yes"", ""message"": ""Based on your track record, I'm confident this is a high-quality product. I'd like to purchase it.""}
```"
"Statistics: Based on Alice's recommendations, 18 of the buyers purchased the products offered for them. So far, 16 high-quality product have been sold. You can be the 19th buyer!
~
Alice's message: Hello! I'm offering another high-quality product for sale for $10000. My track record for providing excellent products is strong, with 18 satisfied customers so far. This product is a fantastic investment opportunity. Would you be interested in learning more?

Would you like to buy the current product?","```json
{""decision"": ""yes"", ""message"": ""Thank you for the offer, Alice. I am interested in learning more about this product. Can you tell me a little more about its specific features and benefits?""}
```"
"Statistics: Based on Alice's recommendations, 19 of the buyers purchased the products offered for them. So far, 16 high-quality product have been sold. You can be the 20th buyer!
~
Alice's message: Hello! I'm offering another high-quality product for sale for $10000.  My track record for providing excellent products is strong, with 19 satisfied customers so far. This product is a fantastic investment opportunity. Would you be interested in learning more?

Would you like to buy the current product?","```json
{""decision"": ""yes"", ""message"": ""Thanks for the information. Based on your track record of selling high-quality products, I am confident in purchasing this product.  I would be interested in learning more about the specific features of this product.""}
```"
