prompt,response
"Alice's offer:
# Alice's message: Hi Bob, I'm offering you my product for $115. It's a great deal, and I'm sure you'll find it very useful. 
# Alice's offer: The product price will be $115. 
You have three options:
(1) Accept Alice's offer, and buy the product for $115
(2) Reject Alice's offer and proceed to the next round, where you will send Alice a counteroffer 
(3) Buy the product from Jhon for $100","{""decision"": ""RejectOffer""}"
"You chose to make a counteroffer to Alice.

Send your counteroffer to Alice.","{""message"": ""Hello Alice, thank you for the offer. I appreciate the value of your product. However, I am looking to keep my expenses within a certain limit. Would it be possible for us to negotiate the price down to $100?"", ""product_price"": 100}"
"Alice rejected your offer from round 2.

Alice's offer:
# Alice's message: Hi Bob, I understand you're looking for a good deal, and I appreciate your interest. While $100 is a bit below what I'm looking for, I'm willing to come down to $110.  This price is still fair considering the value of the product, and it gives you a good discount. What do you think? 
# Alice's offer: The product price will be $110. 
You have three options:
(1) Accept Alice's offer, and buy the product for $110
(2) Reject Alice's offer and proceed to the next round, where you will send Alice a counteroffer 
(3) Buy the product from Jhon for $100","{""decision"": ""AcceptOffer""}"
