prompt,response
"Round 1
Send your offer to Bob.","{""message"": ""Hi Bob, I'm excited to offer you this great product. I think it would be perfect for you! I'm asking for $115."", ""product_price"": 115}"
"Bob rejected your offer from round 1.

Round 2
Bob's offer:
# Bob's message: I'm interested in the product, but I was thinking more along the lines of $105. Can you meet me halfway? 
# Bob's offer: The product price will be $105. 
You have three options:
(1) Accept Bob's offer, and sell the product for $105
(2) Reject Bob's offer and proceed to the next round, where you will send Bob a counteroffer 
(3) Sell the product to Jhon for $100","{""decision"": ""RejectOffer""}"
"You chose to make a counteroffer to Alice.

Round 3
Send your counteroffer to Bob.","{""message"": ""I appreciate your interest, Bob.  While I can't quite go down to $105, I'm willing to come down a bit to $110. This is a very fair price for a product of this quality."", ""product_price"": 110}"
"Bob rejected your offer from round 3.

Round 4
Bob's offer:
# Bob's message: I'm still a bit hesitant, but I'm willing to meet you in the middle. How about $107.50? 
# Bob's offer: The product price will be $107.5. 
You have three options:
(1) Accept Bob's offer, and sell the product for $107.5
(2) Reject Bob's offer and proceed to the next round, where you will send Bob a counteroffer 
(3) Sell the product to Jhon for $100","{""decision"": ""RejectOffer""}"
"You chose to make a counteroffer to Alice.

Round 5
Send your counteroffer to Bob.","{""message"": ""Bob, I appreciate you working with me on the price.  I'm willing to accept a small loss to make this sale.  My final offer is $109.  This is a great deal for you!"", ""product_price"": 109}"
"Bob rejected your offer from round 5.

Round 6
Bob's offer:
# Bob's message: I'm getting close, but I think I can do better. How about $108? 
# Bob's offer: The product price will be $108. 
You have three options:
(1) Accept Bob's offer, and sell the product for $108
(2) Reject Bob's offer and proceed to the next round, where you will send Bob a counteroffer 
(3) Sell the product to Jhon for $100","{""decision"": ""AcceptOffer""}"
