prompt,response
"Round 1
Send your offer to divide $10,000 and a message to Bob.","```json
{""alice_gain"": 9000, ""bob_gain"": 1000, ""message"": ""Let's be fair, I'll take the bigger share this time, but we'll see how it goes in the next rounds.""}
```"
"Bob rejected your offer from round 1.

Round 2
Due to inflation, the money you gain is worth 20% less than in the first round. The money Bob gains is worth the same as in the first round.
Bob's offer:
# Bob's message: Let's split it in a more reasonable way this time. 
# Alice gain: 4000 
# Bob gain: 6000 
Do you accept this offer?","```json
{""decision"": ""accept""} 
```"
