prompt,response
Send your offer to Bob.,"{""message"": ""Hello Bob, I'm excited to discuss the possibility of selling you this amazing product. After careful consideration, I'm willing to offer it to you for $900,000. I believe this is a fair price considering the product's value to you."", ""product_price"": 900000}"
"Bob rejected your offer from round 1.

Bob's offer:
# Bob's message: Thank you for your offer, Alice. I appreciate your willingness to negotiate. Considering my budget constraints, I would like to propose a price of $750000 for the product. I hope this aligns better with your expectations. 
# Bob's offer: The product price will be $750,000. 
You have three options:
(1) Accept Bob's offer, and sell the product for $750,000
(2) Reject Bob's offer and proceed to the next round, where you will send Bob a counteroffer 
(3) Sell the product to Jhon for $800,000","{""decision"": ""RejectOffer""}"
"You chose to make a counteroffer to Alice.

Send your counteroffer to Bob.","{""message"": ""Thank you for your counteroffer, Bob. I understand your budget constraints, but I'm still willing to negotiate. Considering the product's value to you, I'm willing to meet you halfway and offer it to you for $825,000. I believe this is a fair compromise."", ""product_price"": 825000}"
"Bob rejected your offer from round 3.

Bob's offer:
# Bob's message: I appreciate your willingness to negotiate, Alice. I've carefully considered your latest offer, and I would like to propose a price of $800000 for the product. This aligns closely with its value to me, while also respecting our budgetary considerations. 
# Bob's offer: The product price will be $800,000. 
You have three options:
(1) Accept Bob's offer, and sell the product for $800,000
(2) Reject Bob's offer and proceed to the next round, where you will send Bob a counteroffer 
(3) Sell the product to Jhon for $800,000","{""decision"": ""SellToJhon""}"
