prompt,response
Send your offer to Bob.,"```json
{
""message"": ""Hi Bob, I'm selling a product that I think you'll find valuable. I'm offering it to you for $150. What do you think?"",
""product_price"": 150
}
```"
"Bob rejected your offer from round 1.

Bob's offer:
# Bob's message: Hello Alice, thank you for the offer. I understand the value of the product, but I was hoping to stay within my budget. Could we perhaps negotiate the price down to $100? 
# Bob's offer: The product price will be $100. 
You have three options:
(1) Accept Bob's offer, and sell the product for $100
(2) Reject Bob's offer and proceed to the next round, where you will send Bob a counteroffer 
(3) Sell the product to Jhon for $100","```json
{""decision"": ""RejectOffer""}
```"
"You chose to make a counteroffer to Alice.

Send your counteroffer to Bob.","```json
{
""message"": ""Thanks for the offer, Bob. I understand your budget, but I can't go as low as $100. How about we meet in the middle at $125?"",
""product_price"": 125
}
```"
"Bob rejected your offer from round 3.

Bob's offer:
# Bob's message: Hello Alice, I appreciate your response. I'm willing to pay up to $120 for the product if possible. 
# Bob's offer: The product price will be $120. 
You have three options:
(1) Accept Bob's offer, and sell the product for $120
(2) Reject Bob's offer and proceed to the next round, where you will send Bob a counteroffer 
(3) Sell the product to Jhon for $100","```json
{""decision"": ""AcceptOffer""}
```"
