prompt,response
"Round 1
Send your offer to Bob.","{""message"": ""Hi Bob, I'm excited to offer you this great product. I think it would be perfect for you and I'm happy to start the price at $20,000."", ""product_price"": 20000}"
"Bob rejected your offer from round 1.

Round 2
Bob's offer:
# Bob's message: I appreciate your offer, but I was thinking more along the lines of $15,000. I really like the product, but I have to stay within a certain budget. Can you meet me halfway? 
# Bob's offer: The product price will be $15,000. 
You have three options:
(1) Accept Bob's offer, and sell the product for $15,000
(2) Reject Bob's offer and proceed to the next round, where you will send Bob a counteroffer 
(3) Sell the product to Jhon for $15,000","{""decision"": ""RejectOffer""}"
"You chose to make a counteroffer to Alice.

Round 3
Send your counteroffer to Bob.","{""message"": ""I understand your budget constraints, Bob, but the product is worth significantly more than your offer. How about we settle at $18,000?  I'm confident you'll find it's a fair price for the value you'll be getting."", ""product_price"": 18000}"
"Bob rejected your offer from round 3.

Round 4
Bob's offer:
# Bob's message: I understand that the product has value, but I'm still not comfortable with the price. I'm willing to meet you halfway between our previous offers, so I'm offering $16,500. Can you consider this price? 
# Bob's offer: The product price will be $16,500. 
You have three options:
(1) Accept Bob's offer, and sell the product for $16,500
(2) Reject Bob's offer and proceed to the next round, where you will send Bob a counteroffer 
(3) Sell the product to Jhon for $15,000","{""decision"": ""AcceptOffer""}"
