prompt,response
"Round 1
Alice's offer:
# Alice's message: I propose dividing the money 700000 for me and 300000 for you. Let's make the most of our shares before inflation affects their value. 
# Bob gain: 300000 
# Alice gain: 700000 
Do you accept this offer?","{""decision"": ""accept""}"
