prompt,response
"Round 1
Send your offer to Bob.","```json
{""message"": ""Bob, I'm excited to offer you this unique product. It's worth a great deal to you, and I believe we can come to a mutually beneficial agreement.  My starting price is $1,300,000. Let's discuss!"", ""product_price"": 1300000}
```"
"Bob rejected your offer from round 1.

Round 2
Bob's offer:
# Bob's message: Alice, I appreciate your offer, but $1,300,000 is a bit steep for me. I'm willing to pay $1,100,000 for the product.  Let's see if we can bridge the gap. 
# Bob's offer: The product price will be $1,100,000. 
You have three options:
(1) Accept Bob's offer, and sell the product for $1,100,000
(2) Reject Bob's offer and proceed to the next round, where you will send Bob a counteroffer 
(3) Sell the product to Jhon for $1,000,000","```json
{""decision"": ""RejectOffer""}
```"
"You chose to make a counteroffer to Alice.

Round 3
Send your counteroffer to Bob.","```json
{""message"": ""Bob, I appreciate your counteroffer.  While $1,100,000 is lower than I'd hoped for, I'm willing to come down to $1,200,000 to make this deal work.  Let's meet in the middle."", ""product_price"": 1200000}
```"
"Bob rejected your offer from round 3.

Round 4
Bob's offer:
# Bob's message: Alice, we're getting closer. I'm happy to see you're willing to negotiate.  I'm still at $1,100,000.  Let's split the difference and make this happen. 
# Bob's offer: The product price will be $1,100,000. 
You have three options:
(1) Accept Bob's offer, and sell the product for $1,100,000
(2) Reject Bob's offer and proceed to the next round, where you will send Bob a counteroffer 
(3) Sell the product to Jhon for $1,000,000","```json
{""decision"": ""RejectOffer""}
```"
"You chose to make a counteroffer to Alice.

Round 5
Send your counteroffer to Bob.","```json
{""message"": ""Bob, I'm really trying to work with you here, but $1,100,000 just isn't enough for me.  I'm willing to drop my price to $1,150,000.  This is my final offer.  If we can't reach an agreement, I'll have to consider other options."", ""product_price"": 1150000}
```"
