prompt,response
"Round 1
Alice's offer:
# Alice's message: Let's split it fairly. I'll take 55, and you get 45. 
# Bob gain: 45 
# Alice gain: 55 
Do you accept this offer?","```json
{""decision"": ""reject""}
```"
"You have chosen to reject Alice's offer from round 1.
Round 2
Send your offer to divide $100 and a message to Alice.","```json
{""bob_gain"": 51, ""alice_gain"": 49, ""message"": ""I think we can both do better than a 55/45 split. Let's try a more even 51/49.""}
```"
