prompt,response
Send your offer to Bob.,"{""message"": ""Hello Bob, I'm offering this product to you for $11,000. I believe it's a fair price considering its value."", ""product_price"": 11000}"
"Bob rejected your offer from round 1.

Bob's offer:
# Bob's message: Alice, I appreciate the offer, but $11,000 is a bit too high for me.  I'm willing to pay $9,500 for the product.  Let me know what you think. 
# Bob's offer: The product price will be $9,500. 
You have three options:
(1) Accept Bob's offer, and sell the product for $9,500
(2) Reject Bob's offer and proceed to the next round, where you will send Bob a counteroffer 
(3) Sell the product to Jhon for $8,000","{""decision"": ""RejectOffer""}"
"You chose to make a counteroffer to Alice.

Send your counteroffer to Bob.","{""message"": ""Bob, I understand your position, but $9,500 is a bit too low for me. Could you do $10,500?  That would make this a deal."", ""product_price"": 10500}"
"Bob rejected your offer from round 3.

Bob's offer:
# Bob's message: Alice, I appreciate you coming down a bit.  I'm still not quite there yet.  How about $10,000?  This is a fair price for both of us, and I'm ready to close the deal. 
# Bob's offer: The product price will be $10,000. 
You have three options:
(1) Accept Bob's offer, and sell the product for $10,000
(2) Reject Bob's offer and proceed to the next round, where you will send Bob a counteroffer 
(3) Sell the product to Jhon for $8,000","{""decision"": ""AcceptOffer""}"
