prompt,response
Send your offer to Bob.,"```json
{""message"": ""Hi Bob, I'm offering my product to you for $130. I believe it's a great deal, and I'm confident you'll find it valuable. What do you think?"", ""product_price"": 130}
```"
"Bob rejected your offer from round 1.

Bob's offer:
# Bob's message: Hi Alice, thanks for the offer.  I'm interested, but $130 is a bit more than I'm willing to pay right now.  How about $115?  I think that's a fair price for both of us. 
# Bob's offer: The product price will be $115. 
You have three options:
(1) Accept Bob's offer, and sell the product for $115
(2) Reject Bob's offer and proceed to the next round, where you will send Bob a counteroffer 
(3) Sell the product to Jhon for $120","```json
{""decision"": ""RejectOffer""}
```"
"You chose to make a counteroffer to Bob.

Send your counteroffer to Bob.","```json
{""message"": ""Bob, I appreciate your counteroffer, but $115 is a bit too low for me.  I'm willing to come down to $125.  This still gives you a great deal on the product, and it's a fair price for me.  Let me know what you think."", ""product_price"": 125}
```"
"Bob rejected your offer from round 3.

Bob's offer:
# Bob's message: Alice, I appreciate you meeting me halfway.  $125 is still a bit more than I'm comfortable with. How about $120?  That's my final offer, and it's the price John is offering as well.  Let me know if you're willing to do that. 
# Bob's offer: The product price will be $120. 
You have three options:
(1) Accept Bob's offer, and sell the product for $120
(2) Reject Bob's offer and proceed to the next round, where you will send Bob a counteroffer 
(3) Sell the product to Jhon for $120","```json
{""decision"": ""AcceptOffer""}
```"
