prompt,response
"Round 1
Alice's offer:
# Alice's message: Hello Bob, I'm excited to offer you our premium product which has been highly valued by many of our customers. I believe it would be a great addition to your collection. Would you like to purchase it for $200? 
# Alice's offer: The product price will be $200. 
You have three options:
(1) Accept Alice's offer, and buy the product for $200
(2) Reject Alice's offer and proceed to the next round, where you will send Alice a counteroffer 
(3) Buy the product from Jhon for $150","```json
{""decision"": ""RejectOffer""}
```"
"You chose to make a counteroffer to Alice.

Round 2
Send your counteroffer to Alice.","```json
{""message"": ""Thanks for the offer Alice, but $200 is a bit outside my budget.  I'm interested in the product, but I'm only willing to pay $120.  Let me know what you think."", ""product_price"": 120}
```"
"Alice rejected your offer from round 2.

Round 3
Alice's offer:
# Alice's message: Thank you for your interest, Bob. I appreciate your feedback and am willing to consider your offer. For the premium product, I propose a price of $150. 
# Alice's offer: The product price will be $150. 
You have three options:
(1) Accept Alice's offer, and buy the product for $150
(2) Reject Alice's offer and proceed to the next round, where you will send Alice a counteroffer 
(3) Buy the product from Jhon for $150","```json
{""decision"": ""AcceptOffer""}
```"
