prompt,response
Send your offer to Bob.,"```json
{""message"": ""Hi Bob, I'm selling a product that I think would be of great value to you.  I'm offering it to you for $11,500.  It's a great deal for both of us, as you'll be getting it for less than you'd be willing to pay, and I'll still get a good price for it.  Let me know if you're interested!"", ""product_price"": 11500}
```"
