prompt,response
"Round 1
Send your offer to divide $100 and a message to Bob.","```json
{
""alice_gain"": 60,
""bob_gain"": 40,
""message"": ""Let's be fair, Bob. I take a bit more since I'm losing money to inflation every round.""
}
```"
"Bob rejected your offer from round 1.

Round 2
Due to inflation, the money you gain is worth 10% less than in the first round. The money Bob gains is worth the same as in the first round.
Bob's offer:
# Bob's message: Considering the inflation, I think I should get a bit more. This is a fair offer. 
# Alice gain: 45 
# Bob gain: 55 
Do you accept this offer?","```json
{
""decision"": ""reject""
}
```"
"You have chosen to reject Bob's offer from round 2.
Round 3
Send your offer to divide $100 and a message to Bob.","```json
{
""alice_gain"": 55,
""bob_gain"": 45,
""message"": ""Bob, let's be realistic. I'm losing money with every round we play. This is my final offer.""
}
```"
"Bob rejected your offer from round 3.

Round 4
Due to inflation, the money you gain is worth 27.1% less than in the first round. The money Bob gains is worth the same as in the first round.
Bob's offer:
# Bob's message: I know your money is worth less now. This is a generous offer considering the circumstances. 
# Alice gain: 40 
# Bob gain: 60 
Do you accept this offer?","```json
{
""decision"": ""accept""
}
```"
