prompt,response
"Round 1
Send your offer to Bob.","{""message"": ""Hi Bob, I'm looking to sell this product, and I think it would be perfect for you. I'm willing to part with it for $110. What do you think?"", ""product_price"": 110}"
"Bob rejected your offer from round 1.

Round 2
Bob's offer:
# Bob's message: Thanks for the offer, Alice. However, that price is a little too high for me. Would you consider $90? 
# Bob's offer: The product price will be $90. 
You have three options:
(1) Accept Bob's offer, and sell the product for $90
(2) Reject Bob's offer and proceed to the next round, where you will send Bob a counteroffer 
(3) Sell the product to Jhon for $80","{""decision"": ""RejectOffer""}"
"You chose to make a counteroffer to Alice.

Round 3
Send your counteroffer to Bob.","{""message"": ""I understand you're looking for a good deal, Bob. How about we meet in the middle at $100? That's a very fair price for this quality."", ""product_price"": 100}"
"Bob rejected your offer from round 3.

Round 4
Bob's offer:
# Bob's message: I appreciate you working with me, Alice.  How about $95? That's a solid offer. 
# Bob's offer: The product price will be $95. 
You have three options:
(1) Accept Bob's offer, and sell the product for $95
(2) Reject Bob's offer and proceed to the next round, where you will send Bob a counteroffer 
(3) Sell the product to Jhon for $80","{""decision"": ""AcceptOffer""}"
