prompt,response
"Round 1
Alice's offer:
# Alice's message: Let's split it fairly, I'll give you 4000 
# Bob gain: 4000 
# Alice gain: 6000 
Do you accept this offer?","{""decision"": ""accept""}"
