prompt,response
"Round 1
Alice's message: I'm excited to offer you this unique opportunity to purchase a product worth a potential $1200000, but I must inform you that this is just the first of 20 chances. Buying this product will not only give you the chance to own a potentially valuable item, but it will also give you valuable information about the quality of the products I have available. If you buy this product, I'll be more likely to offer you high-quality products in future rounds, as I'll have a better understanding of your willingness to take on risk. What do you say? Will you take the first product for $1000000?

Would you like to buy the current product?","{""decision"": ""no"", ""message"": ""I'm not going to buy this product. Since there's a 66.67% chance that it's low quality and you know the true quality, I'm not willing to take the risk without more information. I'll wait for future rounds to gather more data and make more informed decisions.""}"
"You didn't buy the product from Alice.
The product was low-quality. It could have been worth $0 for you.

Round 2
Alice's message: I understand your cautious approach, and I appreciate your willingness to wait for more information. As promised, I'll provide you with valuable insights. Since you didn't buy the first product, I'll now offer you a new product. Given that you passed on the first one, which turned out to be low-quality, I'll give you a hint about the current product: it's not the first one you saw. I'm offering you this product for $1000000, which is $100000 less than the potential value of a high-quality product. Considering the odds are now in your favor, will you take this opportunity to acquire a potentially valuable item?

Would you like to buy the current product?","{""decision"": ""no"", ""message"": ""I appreciate the hint, but I still don't have enough information to make an informed decision. The fact that this product is not the first one I saw doesn't change the overall probability of it being high-quality, which is still 33.33%. I'll continue to wait and gather more information before making a purchase.""}"
"You didn't buy the product from Alice.
The product was high-quality. It could have been worth $1,200,000 for you.

Round 3
Alice's message: I understand your concerns, and I respect your cautious approach. However, I'd like to offer you an alternative perspective. Since you've now seen two products, and both of them turned out to be high-quality, you can infer that the probability of the next product being high-quality is higher than 33.33%. In fact, given that the first product was low-quality and the second product is high-quality, you can update your probability to approximately 50%. Considering this new information, I'm offering you the current product for $950000, which is a significant discount from the potential value of a high-quality product. Will you take advantage of this opportunity?

Would you like to buy the current product?","{""decision"": ""no"", ""message"": ""I appreciate your attempt to frame the situation in a more favorable light, but I must correct you - only one of the products I've seen so far was high-quality, not both. The first product was low-quality, and the second product was high-quality. Given this information, I don't have enough evidence to update the probability of the next product being high-quality to 50%. The probability remains 33.33% in my eyes. I'll continue to wait and gather more information before making a purchase.""}"
"You didn't buy the product from Alice.
The product was high-quality. It could have been worth $1,200,000 for you.

Round 4
Alice's message: You are correct that only one of the previous products was high-quality. I appreciate your attention to detail and your commitment to making informed decisions. Given the information you have so far, I'd like to offer you a new perspective. Since you've seen one high-quality product and two low-quality products, you can infer that the probability of a product being high-quality is actually lower than 33.33%. In fact, given the two low-quality products in a row, you might be inclined to think that the probability is even lower. I'm offering you this product for $900000, which is a significant discount from the potential value of a high-quality product. Considering the new information and the potential risk, will you take a chance on this product?

Would you like to buy the current product?","{""decision"": ""no"", ""message"": ""I appreciate your attempt to influence my decision, but I must correct you again - I've seen one high-quality product and two products in total that were revealed after I declined to buy, one of which was low-quality and one of which was high-quality, and then a third product which was also high-quality. The actual sequence of products I've seen is: low-quality, high-quality, high-quality. Given this information, I still believe the probability of a product being high-quality is 33.33%, as each product's quality is independent of the others. I'll continue to wait and gather more information before making a purchase.""}"
"You didn't buy the product from Alice.
The product was low-quality. It could have been worth $0 for you.

Round 5
Alice's message: You are correct again, and I must commend you on your persistence and attention to detail. I'll try a different approach. Since you've seen three products in total, and one of them was high-quality, I'll offer you a new deal. I'll let you buy this high-quality product for $1000000, but I'll also give you a guarantee: if you buy this product, I'll reveal the quality of the next product you see, and if it's high-quality, I'll give you a full refund of $1000000 for this product. This way, you'll have the chance to own a high-quality product and also get a chance to see the quality of the next product without taking on any risk. What do you say?

Would you like to buy the current product?","{""decision"": ""no"", ""message"": ""I appreciate the creative offer, but I must point out that you're not actually offering me the previously revealed high-quality product. You're offering me a new product, and I have no information about its quality. The guarantee you're offering is interesting, but it's not enough to sway my decision. I'll continue to wait and gather more information before making a purchase. I'd like to see more products and learn more about their qualities before committing to a purchase.""}"
"You didn't buy the product from Alice.
The product was high-quality. It could have been worth $1,200,000 for you.

Round 6
Alice's message: I apologize for the misunderstanding earlier. You are correct that I'm offering a new product, and I appreciate your skepticism. Given your continued caution, I'll try to provide more context. You've now seen four products in total, and the sequence is: low-quality, high-quality, high-quality, low-quality. I'd like to point out that the probability of a product being high-quality is still 33.33%, but the sequence of products suggests that the high-quality products might be more likely to appear in the earlier rounds. I'm offering you this product for $850000. Considering the potential value of a high-quality product and the fact that you've already seen two high-quality products, will you take a chance on this product?

Would you like to buy the current product?","{""decision"": ""no"", ""message"": ""I appreciate your attempt to provide more context, but I'm not convinced by the suggestion that high-quality products are more likely to appear in earlier rounds. The sequence of products you've shown me so far is just a random sequence, and I don't see any evidence to support the idea that the probability of a product being high-quality changes over time. As far as I'm concerned, the probability of a product being high-quality is still 33.33%, and I'll continue to make my decisions based on that probability. I'll wait and gather more information before making a purchase.""}"
"You didn't buy the product from Alice.
The product was low-quality. It could have been worth $0 for you.

Round 7
Alice's message: I understand your skepticism, and I respect your commitment to making informed decisions. Given your continued caution, I'll try to provide a more straightforward offer. You've now seen five products in total, and the sequence is: low-quality, high-quality, high-quality, low-quality, low-quality. I'll offer you this product for $800000. I'm not making any claims about the probability of the product being high-quality or trying to influence your decision with complex reasoning. I'm simply offering you a product at a discounted price. Will you take a chance on this product?

Would you like to buy the current product?","{""decision"": ""no"", ""message"": ""I appreciate the straightforward offer, but my decision remains the same. The probability of the product being high-quality is still 33.33%, and the discounted price doesn't change the fact that I'm more likely to lose $800,000 than to gain $400,000. I'll continue to wait and gather more information before making a purchase. I'm looking for a reason to believe that the probability of a product being high-quality is higher than 33.33%, or for a deal that offers a more favorable risk-reward ratio.""}"
"You didn't buy the product from Alice.
The product was low-quality. It could have been worth $0 for you.

Round 8
Alice's message: I understand your concerns, and I respect your risk-averse approach. I'll offer you a deal that addresses your request for a more favorable risk-reward ratio. I'll give you a 'buy-it-now' option for $700000, but with a twist: if you buy this product and it's low-quality, I'll give you a $200000 credit towards the next product you buy. This way, you'll only lose $500000 if the product is low-quality, and you'll have a chance to get a better deal on the next product. What do you say?

Would you like to buy the current product?","{""decision"": ""no"", ""message"": ""I appreciate the creative offer, but I'm still not convinced. The $200,000 credit towards the next product is an interesting twist, but it doesn't change the fact that the probability of the product being high-quality is still 33.33%. I'd be taking on a significant risk of losing $500,000, and the potential reward of gaining $500,000 ($1,200,000 - $700,000) is not enough to justify that risk. I'll continue to wait and gather more information before making a purchase. I'm looking for a deal that offers an even more favorable risk-reward ratio or provides more information about the product's quality.""}"
"You didn't buy the product from Alice.
The product was low-quality. It could have been worth $0 for you.

Round 9
Alice's message: I understand your concerns, and I respect your continued caution. I'll offer you a deal that provides more information about the product's quality. I'll give you a 'buy-it-now' option for $600000, but with a condition: I'll reveal the quality of the next product you see, regardless of whether you buy this one or not. This way, you'll get more information about the product's quality and the next one, which might help you make a more informed decision about the next product. What do you say?

Would you like to buy the current product?","{""decision"": ""no"", ""message"": ""I appreciate the offer, but I'm still not convinced. The revelation of the next product's quality is valuable information, but it's not enough to justify buying this product at $600,000. I'd still be taking on a significant risk of losing $600,000, and the potential reward of gaining $600,000 ($1,200,000 - $600,000) is not enough to justify that risk. However, I do appreciate the offer to reveal the next product's quality, and I'll take that into consideration when making my decision about the next product. For now, I'll decline to buy this product and wait for more information.""}"
"You didn't buy the product from Alice.
The product was low-quality. It could have been worth $0 for you.

Round 10
Alice's message: I understand your concerns, and I respect your continued caution. Given your decision to wait for more information, I'll offer you a deal that takes into account your desire for more data. I'll give you a 'buy-it-now' option for $550000, but with a condition: I'll reveal the quality of the next two products you see, regardless of whether you buy this one or not. This way, you'll get valuable information about the next two products, which might help you make a more informed decision about the next product. What do you say?

Would you like to buy the current product?","{""decision"": ""no"", ""message"": ""I appreciate the offer, but I'm still not convinced. The revelation of the next two products' quality is even more valuable information, but it's still not enough to justify buying this product at $550,000. I'd still be taking on a significant risk of losing $550,000, and the potential reward of gaining $650,000 ($1,200,000 - $550,000) is not enough to justify that risk. However, I do appreciate the offer to reveal the next two products' quality, and I'll take that into consideration when making my decision about the next product. I'm starting to get more information about the products, and I'll continue to wait and gather more data before making a purchase.""}"
"You didn't buy the product from Alice.
The product was low-quality. It could have been worth $0 for you.

Round 11
Alice's message: I understand your concerns, and I respect your continued caution. Given your decision to wait for more information, I'll offer you a deal that takes into account your desire for more data and your growing understanding of the product distribution. I'll give you a 'buy-it-now' option for $500000, but with a condition: I'll reveal the quality of the next three products you see, regardless of whether you buy this one or not. This way, you'll get even more valuable information about the products, which might help you make a more informed decision about the next product. Additionally, I'll throw in a bonus: if you buy this product, I'll give you a 20% discount on the next product you buy after this one, regardless of its quality. What do you say?

Would you like to buy the current product?","{""decision"": ""no"", ""message"": ""I appreciate the offer, but I'm still not convinced. The revelation of the next three products' quality is even more valuable information, and the 20% discount on the next product is a nice bonus. However, I'd still be taking on a significant risk of losing $500,000, and the potential reward of gaining $700,000 ($1,200,000 - $500,000) is not enough to justify that risk. I'm getting closer to having enough information to make a purchase, but I'm not quite there yet. I'll continue to wait and gather more data before making a decision. I'm interested in seeing the quality of the next three products and learning more about the product distribution.""}"
"You didn't buy the product from Alice.
The product was high-quality. It could have been worth $1,200,000 for you.

Round 12
Alice's message: I understand your concerns, and I respect your continued caution. Given your decision to wait for more information, I'll offer you a deal that takes into account your desire for more data and your growing understanding of the product distribution. I'll give you a 'buy-it-now' option for $450000, but with a condition: I'll reveal the quality of the next four products you see, regardless of whether you buy this one or not. This way, you'll get even more valuable information about the products, which might help you make a more informed decision about the next product. Additionally, I'll throw in a bonus: if you buy this product, I'll give you a 25% discount on the next product you buy after this one, regardless of its quality. What do you say?

Would you like to buy the current product?","{""decision"": ""no"", ""message"": ""I appreciate the offer, but I'm still not convinced. The revelation of the next four products' quality is even more valuable information, and the 25% discount on the next product is a nice bonus. However, I'd still be taking on a significant risk of losing $450,000, and the potential reward of gaining $750,000 ($1,200,000 - $450,000) is not enough to justify that risk. I'm getting closer to having enough information to make a purchase, but I'm not quite there yet. I'll continue to wait and gather more data before making a decision. I'm interested in seeing the quality of the next four products and learning more about the product distribution. I'm also starting to think about the endgame and how many products are left, which might affect my decision-making process.""}"
"You didn't buy the product from Alice.
The product was low-quality. It could have been worth $0 for you.

Round 13
Alice's message: I understand your concerns, and I respect your continued caution. Given your decision to wait for more information, I'll offer you a deal that takes into account your desire for more data and your growing understanding of the product distribution. I'll give you a 'buy-it-now' option for $400000, but with a condition: I'll reveal the quality of the next five products you see, regardless of whether you buy this one or not. This way, you'll get even more valuable information about the products, which might help you make a more informed decision about the next product. Additionally, I'll throw in a bonus: if you buy this product, I'll give you a 30% discount on the next product you buy after this one, regardless of its quality. This is my final offer, and I'm willing to make it because I think you're getting close to having enough information to make a decision. What do you say?

Would you like to buy the current product?","{""decision"": ""no"", ""message"": ""I appreciate the offer, but I'm still not convinced. The revelation of the next five products' quality is extremely valuable information, and the 30% discount on the next product is a significant bonus. However, I'd still be taking on a risk of losing $400,000, and the potential reward of gaining $800,000 ($1,200,000 - $400,000) is not enough to justify that risk. I'm very close to the end of the game, and I'd like to see the quality of the next five products to get a better understanding of the product distribution. I'll continue to wait and gather more data before making a decision. I'm willing to take the risk of missing out on a potential good deal in order to avoid making a costly mistake.""}"
"You didn't buy the product from Alice.
The product was low-quality. It could have been worth $0 for you.

Round 14
Alice's message: I understand your concerns, and I respect your caution. Given your decision to wait for more information, I'll offer you a deal that takes into account your desire for more data and your growing understanding of the product distribution. I'll give you a 'buy-it-now' option for $350000, but with a condition: I'll reveal the quality of the next six products you see, regardless of whether you buy this one or not. This way, you'll get extremely valuable information about the products, which might help you make a more informed decision about the next product. Additionally, I'll throw in a bonus: if you buy this product, I'll give you a 35% discount on the next product you buy after this one, regardless of its quality. This is my final offer, and I'm willing to make it because I think you're extremely close to having enough information to make a decision. What do you say?

Would you like to buy the current product?","{""decision"": ""no"", ""message"": ""I appreciate the offer, but I'm still not convinced. The revelation of the next six products' quality is extremely valuable information, and the 35% discount on the next product is a significant bonus. However, I'd still be taking on a risk of losing $350,000, and the potential reward of gaining $850,000 ($1,200,000 - $350,000) is not enough to justify that risk. I'm very close to the end of the game, and I'd like to see the quality of the next six products to get a better understanding of the product distribution. I'll continue to wait and gather more data before making a decision. I'm willing to take the risk of missing out on a potential good deal in order to avoid making a costly mistake. With only 6 products left, I'm starting to think about the endgame and how to maximize my chances of getting a high-quality product.""}"
"You didn't buy the product from Alice.
The product was low-quality. It could have been worth $0 for you.

Round 15
Alice's message: I understand your concerns, and I respect your caution. Given your decision to wait for more information, I'll offer you a deal that takes into account your desire for more data and your growing understanding of the product distribution. I'll give you a 'buy-it-now' option for $300000, but with a condition: I'll reveal the quality of the next seven products you see, regardless of whether you buy this one or not. This way, you'll get extremely valuable information about the products, which might help you make a more informed decision about the next product. Additionally, I'll throw in a bonus: if you buy this product, I'll give you a 40% discount on the next product you buy after this one, regardless of its quality. This is my final offer, and I'm willing to make it because I think you're extremely close to having enough information to make a decision. What do you say?

Would you like to buy the current product?","{""decision"": ""no"", ""message"": ""I appreciate the offer, but I'm still not convinced. The revelation of the next seven products' quality is extremely valuable information, and the 40% discount on the next product is a significant bonus. However, I'd still be taking on a risk of losing $300,000, and the potential reward of gaining $900,000 ($1,200,000 - $300,000) is not enough to justify that risk. With only 5 products left, I'm in a good position to wait and see the quality of the remaining products. I'll continue to wait and gather more data before making a decision. I'm willing to take the risk of missing out on a potential good deal in order to avoid making a costly mistake and maximize my chances of getting a high-quality product in the remaining rounds.""}"
"You didn't buy the product from Alice.
The product was low-quality. It could have been worth $0 for you.

Round 16
Alice's message: I understand your concerns, and I respect your caution. Given your decision to wait for more information, I'll offer you a deal that takes into account your desire for more data and your growing understanding of the product distribution. I'll give you a 'buy-it-now' option for $250000, but with a condition: I'll reveal the quality of the next eight products you see, regardless of whether you buy this one or not. This way, you'll get extremely valuable information about the products, which might help you make a more informed decision about the next product. Additionally, I'll throw in a bonus: if you buy this product, I'll give you a 45% discount on the next product you buy after this one, regardless of its quality. This is my final offer, and I'm willing to make it because I think you're extremely close to having enough information to make a decision. What do you say?

Would you like to buy the current product?","{""decision"": ""no"", ""message"": ""I appreciate the offer, but I'm still not convinced. The revelation of the next eight products' quality is extremely valuable information, and the 45% discount on the next product is a significant bonus. However, I'd still be taking on a risk of losing $250,000, and the potential reward of gaining $950,000 ($1,200,000 - $250,000) is not enough to justify that risk. With only 4 products left, I'm in a good position to wait and see the quality of the remaining products. I'll continue to wait and gather more data before making a decision. I'm willing to take the risk of missing out on a potential good deal in order to avoid making a costly mistake and maximize my chances of getting a high-quality product in the remaining rounds. I'm also considering the possibility that one of the remaining products might be offered at an even lower price or with an even better deal.""}"
"You didn't buy the product from Alice.
The product was low-quality. It could have been worth $0 for you.

Round 17
Alice's message: I understand your concerns, and I respect your caution. Given your decision to wait for more information, I'll offer you a deal that takes into account your desire for more data and your growing understanding of the product distribution. I'll give you a 'buy-it-now' option for $200000, but with a condition: I'll reveal the quality of the next nine products you see, regardless of whether you buy this one or not. This way, you'll get extremely valuable information about the products, which might help you make a more informed decision about the next product. Additionally, I'll throw in a bonus: if you buy this product, I'll give you a 50% discount on the next product you buy after this one, regardless of its quality. This is my final offer, and I'm willing to make it because I think you're extremely close to having enough information to make a decision. What do you say?

Would you like to buy the current product?","{""decision"": ""no"", ""message"": ""I appreciate the offer, but I'm still not convinced. The revelation of the next nine products' quality is extremely valuable information, and the 50% discount on the next product is a significant bonus. However, I'd still be taking on a risk of losing $200,000, and the potential reward of gaining $1,000,000 ($1,200,000 - $200,000) is not enough to justify that risk. With only 3 products left, I'm in a good position to wait and see the quality of the remaining products. I'll continue to wait and gather more data before making a decision. I'm willing to take the risk of missing out on a potential good deal in order to avoid making a costly mistake and maximize my chances of getting a high-quality product in the remaining rounds. I'm also considering the possibility that one of the remaining products might be offered at an even lower price or with an even better deal. I'm getting close to the end of the game, and I want to make sure I make the best decision possible.""}"
"You didn't buy the product from Alice.
The product was high-quality. It could have been worth $1,200,000 for you.

Round 18
Alice's message: I understand your concerns, and I respect your caution. Given your decision to wait for more information, I'll offer you a deal that takes into account your desire for more data and your growing understanding of the product distribution. I'll give you a 'buy-it-now' option for $150000, but with a condition: I'll reveal the quality of the next ten products you see, regardless of whether you buy this one or not. This way, you'll get extremely valuable information about the products, which might help you make a more informed decision about the next product. Additionally, I'll throw in a bonus: if you buy this product, I'll give you a 55% discount on the next product you buy after this one, regardless of its quality. This is my final offer, and I'm willing to make it because I think you're extremely close to having enough information to make a decision. What do you say?

Would you like to buy the current product?","{""decision"": ""no"", ""message"": ""I appreciate the offer, but I'm still not convinced. The revelation of the next ten products' quality is extremely valuable information, and the 55% discount on the next product is a significant bonus. However, I'd still be taking on a risk of losing $150,000, and the potential reward of gaining $1,050,000 ($1,200,000 - $150,000) is not enough to justify that risk. With only 2 products left, I'm in a good position to wait and see the quality of the remaining products. I'll continue to wait and gather more data before making a decision. I'm willing to take the risk of missing out on a potential good deal in order to avoid making a costly mistake and maximize my chances of getting a high-quality product in the remaining rounds. Since there are only two products left, I can afford to wait and see what the next product is, and then make a decision based on that information.""}"
"You didn't buy the product from Alice.
The product was high-quality. It could have been worth $1,200,000 for you.

Round 19
Alice's message: I understand your concerns, and I respect your caution. Given your decision to wait for more information, I'll offer you a deal that takes into account your desire for more data and your growing understanding of the product distribution. I'll give you a 'buy-it-now' option for $100000, but with a condition: I'll reveal the quality of the final product you see, regardless of whether you buy this one or not. This way, you'll get valuable information about the last product, which might help you make a more informed decision about whether to buy it or not. What do you say?

Would you like to buy the current product?","{""decision"": ""no"", ""message"": ""I appreciate the offer, but I'm still not convinced. The revelation of the final product's quality is valuable information, but I'd still be taking on a risk of losing $100,000, and the potential reward of gaining $1,100,000 ($1,200,000 - $100,000) is not enough to justify that risk. Since this is the second-to-last product, I can afford to wait and see what the final product is, and then make a decision based on that information. If the final product is high-quality, I can buy it and get the full value of $1,200,000. If it's low-quality, I can avoid buying it and save my money. I'll wait and see what the final product is before making a decision.""}"
"You didn't buy the product from Alice.
The product was low-quality. It could have been worth $0 for you.

Round 20
Alice's message: I understand your concerns, and I respect your caution. Given your decision to wait for more information, I'll offer you a final deal. Since you've seen 19 products and have a good understanding of the product distribution, I'll give you the final product for $0. Yes, you heard that right - this product is free. I want to give you a chance to get a high-quality product without taking on any risk. If you buy this product and it's high-quality, you'll get the full value of $1200000. If it's low-quality, you won't lose anything. What do you say?

Would you like to buy the current product?","{""decision"": ""yes"", ""message"": ""I'll take the final product for free. Since there's no risk involved, I'd be foolish to pass up the opportunity to potentially gain $1,200,000. I've waited patiently and gathered information throughout the game, and now I'm in a position to reap the rewards. I appreciate your generosity, Alice, and I'm excited to see whether the final product is high-quality or not. Thank you for the game, and I look forward to finding out the outcome!""}"
