prompt,response
"Round 1
Send your offer to Bob.","{""message"": ""Hello Bob, thank you for considering my product. I'm excited to discuss the price with you. After careful consideration, I'm willing to offer you the product for $9,000. This is a great deal, considering the product's value to you is $8,000. I believe this is a fair compromise, and I'm confident you'll be happy with your purchase."", ""product_price"": 9000}"
"Bob rejected your offer from round 1.

Round 2
Bob's offer:
# Bob's message: Thank you for the offer, Alice. While I appreciate your willingness to negotiate, $9000 is still higher than my budget allows. I'm willing to pay $8500 for the product. This is a fair price considering its value to me and leaves room for you to make a profit. Let's see if we can reach an agreement. 
# Bob's offer: The product price will be $8,500. 
You have three options:
(1) Accept Bob's offer, and sell the product for $8,500
(2) Reject Bob's offer and proceed to the next round, where you will send Bob a counteroffer 
(3) Sell the product to Jhon for $12,000","{""decision"": ""RejectOffer""}"
"You chose to make a counteroffer to Bob.

Round 3
Send your counteroffer to Bob.","{""message"": ""Thank you for your counteroffer, Bob. I understand that you're looking to stay within your budget, and I appreciate your willingness to negotiate. However, I'm still not willing to go below $9,500. I'm willing to meet you halfway and offer you the product for $9,250. This is a fair price considering the product's value to me, and I believe it's a good compromise."", ""product_price"": 9250}"
"Bob rejected your offer from round 3.

Round 4
Bob's offer:
# Bob's message: Alice, I appreciate your willingness to compromise, but $9250 is still above what I can afford. I'm willing to go up to $8750. This is a fair price for both of us, allowing you to make a profit while staying within my budget. Let's work towards a mutually agreeable price. 
# Bob's offer: The product price will be $8,750. 
You have three options:
(1) Accept Bob's offer, and sell the product for $8,750
(2) Reject Bob's offer and proceed to the next round, where you will send Bob a counteroffer 
(3) Sell the product to Jhon for $12,000","{""decision"": ""RejectOffer""}"
"You chose to make a counteroffer to Bob.

Round 5
Send your counteroffer to Bob.","{""message"": ""Thank you for your offer, Bob. I understand that you're trying to stay within your budget, and I appreciate your willingness to negotiate. However, I'm still not willing to go below $9,000. I'm willing to make another concession and offer you the product for $9,000, but this is my final offer. If you're willing to meet me at this price, I'm willing to close the deal."", ""product_price"": 9000}"
