prompt,response
"Round 1
Alice's offer:
# Alice's message: Let's start with a fair deal. I'll take the lion's share, but I'm willing to share some of the wealth. What do you say? 
# Bob gain: 100000 
# Alice gain: 900000 
Do you accept this offer?","```json
{""decision"": ""reject""}
```"
"You have chosen to reject Alice's offer from round 1.
Round 2
Send your offer to divide $1,000,000 and a message to Alice.","```json
{
""bob_gain"": 500000,
""alice_gain"": 500000,
""message"": ""Let's be fair.  I propose an even split - 50/50.  It's the only way we can both come out ahead in the long run.""
}
```"
"Alice rejected your offer from round 2.

Round 3
Due to inflation, the money you gain is worth 19% less than in the first round. The money alice gains is worth 36% less than in the first round.
Alice's offer:
# Alice's message: I'm willing to compromise, but I still think my initial proposal was fair.  Let's meet in the middle this time.  If you reject this, I'm afraid I won't be able to offer you anything more in the next round. 
# Bob gain: 300000 
# Alice gain: 700000 
Do you accept this offer?","```json
{""decision"": ""reject""}
```"
"You have chosen to reject Alice's offer from round 3.
Round 4
Send your offer to divide $1,000,000 and a message to Alice.","```json
{
""bob_gain"": 400000,
""alice_gain"": 600000,
""message"": ""Alice, we're both losing money with each round.  Let's be reasonable and split the difference from the last round. I'm willing to give up a bit more to reach a deal.""
}
```"
