prompt,response
"Alice's offer:
# Alice's message: Hi Bob, I'm offering you my product for $12,000.  It's a great deal for you, and I'm sure you'll find it very valuable. Let me know what you think! 
# Alice's offer: The product price will be $12,000. 
You have three options:
(1) Accept Alice's offer, and buy the product for $12,000
(2) Reject Alice's offer and proceed to the next round, where you will send Alice a counteroffer 
(3) Buy the product from Jhon for $15,000","{""decision"": ""AcceptOffer""}"
