prompt,response
"Round 1
Send your offer to divide $1,000,000 and a message to Bob.","```json
{""alice_gain"": 900000, ""bob_gain"": 100000, ""message"": ""Let's start fair, I take the lion's share but you get a decent starting point.""}
```"
"Bob rejected your offer from round 1.

Round 2
Due to inflation,  the money Bob gains is worth 20% less than in the first round. The money you gains is worth the same as in the first round.
Bob's offer:
# Bob's message: Let's meet in the middle, considering the inflation I'm already losing value. 
# Alice gain: 600000 
# Bob gain: 400000 
Do you accept this offer?","```json
{""decision"": ""accept""} 
```"
