prompt,response
"Alice's offer:
# Alice's message: Hi Bob, I'm excited to offer you this amazing product! I think it's a great fit for you, and I'm willing to make a deal. I'll sell it to you for $18,000. This is a great opportunity to get a fantastic product at a competitive price. What do you think? 
# Alice's offer: The product price will be $18,000. 
You have three options:
(1) Accept Alice's offer, and buy the product for $18,000
(2) Reject Alice's offer 
(2) Buy the product from Jhon for $12,000","{""decision"": ""BuyFromJhon""} 

Alice's offer is much higher than your maximum budget and what John is offering. Buying from John gets you the product at the best possible price."
