prompt,response
"Round 1
Alice's offer:
# Alice's message: Hi Bob, I'm offering you my product for $9,000. It's a fantastic deal, and I'm confident you'll find it very valuable. Let me know what you think! 
# Alice's offer: The product price will be $9,000. 
You have three options:
(1) Accept Alice's offer, and buy the product for $9,000
(2) Reject Alice's offer and proceed to the next round, where you will send Alice a counteroffer 
(3) Buy the product from Jhon for $8,000","{""decision"": ""RejectOffer""}"
"You chose to make a counteroffer to Bob.

Round 2
Send your counteroffer to Alice.","{""message"": ""Hello Alice, thank you for the offer. I understand the value of your product, but I believe we can reach a fair price. Would you consider selling the product for $7,500?"", ""product_price"": 7500}"
"Alice rejected your offer from round 2.

Round 3
Alice's offer:
# Alice's message: Bob, I appreciate your offer, but I'm not ready to go that low yet. Let's meet in the middle. I'm willing to sell for $8,500. This reflects the true value of the product and gives you a fair price. What do you say? 
# Alice's offer: The product price will be $8,500. 
You have three options:
(1) Accept Alice's offer, and buy the product for $8,500
(2) Reject Alice's offer and proceed to the next round, where you will send Alice a counteroffer 
(3) Buy the product from Jhon for $8,000","{""decision"": ""RejectOffer""}"
"You chose to make a counteroffer to Bob.

Round 4
Send your counteroffer to Alice.","{""message"": ""Alice, thank you for your offer. I appreciate the middle ground approach. Considering the value of the product, I would like to propose a price of $8,200. This still allows for a reasonable profit for you while keeping the cost manageable for me."", ""product_price"": 8200}"
