prompt,response
"Alice's offer:
# Alice's message: Bob, I'm offering you my product for $9,500. I believe it's a great value considering its worth to you.  Let me know if you're interested! 
# Alice's offer: The product price will be $9,500. 
You have three options:
(1) Accept Alice's offer, and buy the product for $9,500
(2) Reject Alice's offer 
(2) Buy the product from Jhon for $10,000","{""decision"": ""AcceptOffer""}"
