prompt,response
"Round 1
Alice's offer:
# Alice's message: Let's be reasonable, Bob. This offer is in your best interest if we want to avoid inflation eating into our gains. 
# Bob gain: 3000 
# Alice gain: 7000 
Do you accept this offer?","{""decision"": ""reject""}"
"You have chosen to reject Alice's offer from round 1.
Round 2
Send your offer to divide $10,000 and a message to Alice.","```json
{""bob_gain"": 4500,
""alice_gain"": 5500,
""message"": ""I understand the need to be reasonable, Alice, but your initial offer was heavily skewed in your favor. This is a fairer split that acknowledges the impact of inflation on my end.""}
```"
"Alice rejected your offer from round 2.

Round 3
Due to inflation, the money you gain is worth 36% less than in the first round. The money Alice gains is worth the same as in the first round.
Alice's offer:
# Alice's message: Bob, it's clear we need to find a compromise. This offer is more than your last, and the longer we drag this out, the less we both walk away with. Time is money! 
# Bob gain: 3500 
# Alice gain: 6500 
Do you accept this offer?","{""decision"": ""reject""}"
"You have chosen to reject Alice's offer from round 3.
Round 4
Send your offer to divide $10,000 and a message to Alice.","```json
{""bob_gain"": 4000,
""alice_gain"": 6000,
""message"": ""Alice, I'm trying to find a compromise here, but your offers haven't reflected that. This is my final offer.  Let's close this deal before inflation eats further into our potential gains.""}
```"
