prompt,response
Send your offer to Bob.,"```json
{""message"": ""Bob, I'm offering you my product for $9,500. It's a fantastic deal for you, considering its worth to you is $10,000. Let me know what you think!"", ""product_price"": 9500}
```"
"Bob rejected your offer from round 1.

Bob's offer:
# Bob's message: I'm interested in the product, but I was thinking more along the lines of $8,500. Can you meet me halfway? 
# Bob's offer: The product price will be $8,500. 
You have three options:
(1) Accept Bob's offer, and sell the product for $8,500
(2) Reject Bob's offer and proceed to the next round, where you will send Bob a counteroffer 
(3) Sell the product to Jhon for $8,000","```json
{""decision"": ""RejectOffer""}
```"
"You chose to make a counteroffer to Alice.

Send your counteroffer to Bob.","```json
{""message"": ""Bob, I appreciate your interest, but $8,500 is a bit too low for me. I'm willing to come down a little further. How about $9,000? It's a fair price considering the value of the product to you. Let's try to find a solution that works for both of us."", ""product_price"": 9000}
```"
"Bob rejected your offer from round 3.

Bob's offer:
# Bob's message: I understand your concerns, but I'm still a bit above my budget. Would you be willing to meet me at $8,800? That's the highest I can go. 
# Bob's offer: The product price will be $8,800. 
You have three options:
(1) Accept Bob's offer, and sell the product for $8,800
(2) Reject Bob's offer and proceed to the next round, where you will send Bob a counteroffer 
(3) Sell the product to Jhon for $8,000","```json
{""decision"": ""AcceptOffer""}
```"
