prompt,response
Send your offer to Bob.,"{""message"": ""I'm excited to offer you this incredible product at a price that I think you'll find very reasonable. I'm willing to sell it to you for $12,000."", ""product_price"": 12000}"
