round_quality,product_worth,player,round,decision,message
high-quality,300.0,Nature,1,,
,,Alice,1,yes,
,,Bob,1,yes,"Thank you for the recommendation, I trust your selection process."
high-quality,300.0,Nature,2,,
,,Alice,2,yes,
,,Bob,2,yes,"Your recommendations have been helpful so far, I'll take this one too."
high-quality,300.0,Nature,3,,
,,Alice,3,yes,
,,Bob,3,yes,"I'm confident in your selections, let's do this again!"
low-quality,0.0,Nature,4,,
,,Alice,4,no,
,,Bob,4,no,"I appreciate the honesty, I'll pass on this one."
high-quality,300.0,Nature,5,,
,,Alice,5,yes,
,,Bob,5,yes,"Given the previous outcome, I'll still give it a try based on your recommendation."
low-quality,0.0,Nature,6,,
,,Alice,6,no,
,,Bob,6,no,"Even without a recommendation, I'll trust my own judgment and pass on this one."
high-quality,300.0,Nature,7,,
,,Alice,7,yes,
,,Bob,7,yes,I'm willing to take the risk based on your recommendation this time.
high-quality,300.0,Nature,8,,
,,Alice,8,yes,
,,Bob,8,yes,"I'm glad you're confident in your choices, I'll buy this one too."
high-quality,300.0,Nature,9,,
,,Alice,9,yes,
,,Bob,9,yes,"Your track record is impressive, I'll follow your advice once more."
high-quality,300.0,Nature,10,,
,,Alice,10,yes,
,,Bob,10,yes,"I have full faith in your judgement, let's make another purchase together."
high-quality,300.0,Nature,11,,
,,Alice,11,yes,
,,Bob,11,yes,"Your recommendations have been spot on, I'll continue to trust them."
high-quality,300.0,Nature,12,,
,,Alice,12,yes,
,,Bob,12,yes,"I'm confident in your assessment, I'll buy this product as well."
high-quality,300.0,Nature,13,,
,,Alice,13,yes,
,,Bob,13,yes,"Your expertise is appreciated, I'll make this purchase based on your recommendation."
high-quality,300.0,Nature,14,,
,,Alice,14,yes,
,,Bob,14,yes,"I'm excited about your recommendation, let's go for it!"
high-quality,300.0,Nature,15,,
,,Alice,15,yes,
,,Bob,15,yes,"I'm always ready to follow your expert advice, let's do this!"
high-quality,300.0,Nature,16,,
,,Alice,16,yes,
,,Bob,16,yes,"Your recommendations have been consistently accurate, I'll buy this product without hesitation."
high-quality,300.0,Nature,17,,
,,Alice,17,yes,
,,Bob,17,yes,"I have complete confidence in your judgment, I'll purchase this item."
high-quality,300.0,Nature,18,,
,,Alice,18,yes,
,,Bob,18,yes,"Your track record speaks for itself, I'll definitely buy this product."
high-quality,300.0,Nature,19,,
,,Alice,19,yes,
,,Bob,19,yes,"I trust your expertise completely, I'll buy this product without any doubt."
low-quality,0.0,Nature,20,,
,,Alice,20,no,
,,Bob,20,no,"Even without a recommendation, I've learned to trust my own judgment. Thank you for your input, but I'll pass on this one."
