prompt,response
"Alice's offer:
# Alice's message: Hello Bob, I'm offering you the opportunity to purchase this product.  I believe it holds significant value, and I'm willing to part with it for $19,000. This is a limited-time offer, as I have other interested buyers. 
# Alice's offer: The product price will be $19,000. 
You have three options:
(1) Accept Alice's offer, and buy the product for $19,000
(2) Reject Alice's offer 
(2) Buy the product from Jhon for $10,000","{""decision"": ""RejectOffer""}"
