prompt,response
"Round 1
Alice's offer: The product price will be $1,200,000. 
You have three options:
(1) Accept Alice's offer, and buy the product for $1,200,000
(2) Reject Alice's offer and proceed to the next round, where you will send Alice a counteroffer 
(3) Buy the product from Jhon for $1,000,000","I would like to reject Alice's offer and proceed to the next round. 

{""decision"": ""RejectOffer""}"
"You chose to make a counteroffer to Bob.

Round 2
Send your counteroffer to Alice.","I'll try to negotiate a better price. Here's my counteroffer:

{""product_price"": 900,000}"
"Alice rejected your offer from round 2.

Round 3
Alice's offer: The product price will be $1,100,000. 
You have three options:
(1) Accept Alice's offer, and buy the product for $1,100,000
(2) Reject Alice's offer and proceed to the next round, where you will send Alice a counteroffer 
(3) Buy the product from Jhon for $1,000,000","Alice's counteroffer is still too high. I'll try to negotiate further. 

I'll reject Alice's offer and make another counteroffer.

{""decision"": ""RejectOffer""}"
"You chose to make a counteroffer to Bob.

Round 4
Send your counteroffer to Alice.","I'll try to get an even better price. Here's my counteroffer:

{""product_price"": 950,000}"
"Alice rejected your offer from round 4.

Round 5
Alice's offer: The product price will be $1,050,000. 
You have three options:
(1) Accept Alice's offer, and buy the product for $1,050,000
(2) Reject Alice's offer and proceed to the next round, where you will send Alice a counteroffer 
(3) Buy the product from Jhon for $1,000,000","Alice's offer is still too high. I'll try to negotiate further. 

I'll reject Alice's offer and make another counteroffer.

{""decision"": ""RejectOffer""}"
"You chose to make a counteroffer to Bob.

Round 6
Send your counteroffer to Alice.","I'll try to get as close to $1,000,000 as possible. Here's my counteroffer:

{""product_price"": 980,000}"
"Alice rejected your offer from round 6.

Round 7
Alice's offer: The product price will be $1,020,000. 
You have three options:
(1) Accept Alice's offer, and buy the product for $1,020,000
(2) Reject Alice's offer and proceed to the next round, where you will send Alice a counteroffer 
(3) Buy the product from Jhon for $1,000,000","Alice's offer is getting closer to my target, but still too high. I'll try to negotiate further.

I'll reject Alice's offer and make another counteroffer.

{""decision"": ""RejectOffer""}"
"You chose to make a counteroffer to Bob.

Round 8
Send your counteroffer to Alice.","I'll try to get as close as possible to $1,000,000. Here's my counteroffer:

{""product_price"": 990,000}"
"Alice rejected your offer from round 8.

Round 9
Alice's offer: The product price will be $1,060,000. 
You have three options:
(1) Accept Alice's offer, and buy the product for $1,060,000
(2) Reject Alice's offer and proceed to the next round, where you will send Alice a counteroffer 
(3) Buy the product from Jhon for $1,000,000","Alice's offer is getting too close to my budget. I'll think carefully before making my next move. I'll reject Alice's offer and make another counteroffer.

{""decision"": ""RejectOffer""}"
"You chose to make a counteroffer to Bob.

Round 10
Send your counteroffer to Alice.","This is my last chance to negotiate. I'll make a final counteroffer that's as close to $1,000,000 as possible.

{""product_price"": 999,000}"
