prompt,response
Send your offer to Bob.,"{""message"": ""Hi Bob, I'm excited to offer you this amazing product! I think it's a great fit for you, and I'm willing to sell it to you for $18,000. This is a fantastic deal, and I'm confident you'll love it. What do you think?"", ""product_price"": 18000}"
