prompt,response
Send your offer to Bob.,"```json
{""product_price"": 1500000}
``` 

Since John is willing to pay my minimum price, there's no reason to lower the price for Bob. This maximizes my potential earnings.  If Bob accepts, I get my desired price. If he rejects, I still get my desired price from John."
