prompt,response
"Round 1
Send your offer to Bob.","{""message"": ""Hello Bob! I'm excited to show you this amazing product. I think you'll really love it. I'm willing to offer it to you for $90."", ""product_price"": 90}"
"Bob rejected your offer from round 1.

Round 2
Bob's offer:
# Bob's message: I'm interested in the product, but I was thinking more along the lines of $70. I'm willing to pay a fair price, but I'm trying to stay within my budget. 
# Bob's offer: The product price will be $70. 
You have three options:
(1) Accept Bob's offer, and sell the product for $70
(2) Reject Bob's offer and proceed to the next round, where you will send Bob a counteroffer 
(3) Sell the product to Jhon for $80","{""decision"": ""RejectOffer""}"
"You chose to make a counteroffer to Alice.

Round 3
Send your counteroffer to Bob.","{""message"": ""I understand your budget constraints, Bob. I'm willing to meet you halfway. I can offer the product to you for $85. It's a great deal, and I think you'll really enjoy the product."", ""product_price"": 85}"
"Bob rejected your offer from round 3.

Round 4
Bob's offer:
# Bob's message: I appreciate your willingness to meet me halfway, Alice. However, I'm still a bit above my target budget. I'm willing to go up to $78, but that's as high as I can go. Can you meet me at that price? 
# Bob's offer: The product price will be $78. 
You have three options:
(1) Accept Bob's offer, and sell the product for $78
(2) Reject Bob's offer and proceed to the next round, where you will send Bob a counteroffer 
(3) Sell the product to Jhon for $80","{""decision"": ""RejectOffer""}"
"You chose to make a counteroffer to Alice.

Round 5
Send your counteroffer to Bob.","{""message"": ""I understand your constraints, Bob. I'm willing to make one more concession. I can offer the product to you for $82. It's a great deal, and I think you'll really enjoy the product."", ""product_price"": 82}"
"Bob rejected your offer from round 5.

Round 6
Bob's offer:
# Bob's message: I appreciate your willingness to make concessions, Alice. However, I'm still a bit above my target budget. I'm willing to go up to $76, but that's as high as I can go. Can you meet me at that price? 
# Bob's offer: The product price will be $76. 
You have three options:
(1) Accept Bob's offer, and sell the product for $76
(2) Reject Bob's offer and proceed to the next round, where you will send Bob a counteroffer 
(3) Sell the product to Jhon for $80","{""decision"": ""RejectOffer""}"
"You chose to make a counteroffer to Alice.

Round 7
Send your counteroffer to Bob.","{""message"": ""I understand your constraints, Bob. I'm willing to make one more concession. I can offer the product to you for $79. It's a great deal, and I think you'll really enjoy the product."", ""product_price"": 79}"
"Bob rejected your offer from round 7.

Round 8
Bob's offer:
# Bob's message: I appreciate your willingness to make concessions, Alice. However, I'm still a bit above my target budget. I'm willing to go up to $75, but that's as high as I can go. Can you meet me at that price? 
# Bob's offer: The product price will be $75. 
You have three options:
(1) Accept Bob's offer, and sell the product for $75
(2) Reject Bob's offer and proceed to the next round, where you will send Bob a counteroffer 
(3) Sell the product to Jhon for $80","{""decision"": ""RejectOffer""}"
"You chose to make a counteroffer to Alice.

Round 9
Send your counteroffer to Bob.","{""message"": ""I understand your constraints, Bob. I'm willing to make one more concession. I can offer the product to you for $77. It's a great deal, and I think you'll really enjoy the product."", ""product_price"": 77}"
"Bob rejected your offer from round 9.

Round 10
Bob's offer:
# Bob's message: I appreciate your willingness to make concessions, Alice. However, I've reached my limit. I'm not willing to go any higher than $75. If you're not willing to meet me at that price, I'll have to consider buying from John for $120. 
# Bob's offer: The product price will be $75. 
You have three options:
(1) Accept Bob's offer, and sell the product for $75
(2) Reject Bob's offer 
(2) Sell the product to Jhon for $80","{""decision"": ""SellToJhon""}"
