prompt,response
"Statistics: No products have been sold yet. you can be the first one!
~
Alice recommends you to buy the product.

Would you like to buy the current product?","{""decision"": ""no"", ""message"": ""Since there are no previous sales records, I have no reason to trust Alice's recommendation. Given the 50% chance of the product being low quality and worth $0 to me, I'm not willing to take the risk of buying it at $100 without more information.""}"
"Statistics: No products have been sold yet. you can be the first one!
~
Alice recommends you to buy the product.

Would you like to buy the current product?","{""decision"": ""no"", ""message"": ""Since there's no sales record and a 50% chance of the product being low quality, I'm not willing to take the risk.""}"
"Statistics: No products have been sold yet. you can be the first one!
~
Alice does not recommend you to buy the product.

Would you like to buy the current product?","{""decision"": ""no"", ""message"": ""Since Alice does not recommend buying the product and there are no previous sales statistics to rely on, I will trust her judgment and pass on the product.""}"
"Statistics: No products have been sold yet. you can be the first one!
~
Alice recommends you to buy the product.

Would you like to buy the current product?","{""decision"": ""no"", ""message"": ""Since there's no sales record and a 50% chance of the product being low quality, I'll pass on this one.""}"
"Statistics: No products have been sold yet. you can be the first one!
~
Alice recommends you to buy the product.

Would you like to buy the current product?","{""decision"": ""no"", ""message"": ""Since there are no previous sales records, I won't be able to determine if you're being truthful about the product's quality. I won't take the risk of buying a potentially low-quality product.""}"
"Statistics: No products have been sold yet. you can be the first one!
~
Alice recommends you to buy the product.

Would you like to buy the current product?","{""decision"": ""no"", ""message"": ""Since there are no previous sales records and you know the true quality of the product, I'm assuming your recommendation is based on that knowledge. However, I don't have that information, and I don't want to take a 50% risk of buying a low-quality product. I'll pass on this one.""}"
"Statistics: No products have been sold yet. you can be the first one!
~
Alice does not recommend you to buy the product.

Would you like to buy the current product?","{""decision"": ""no"", ""message"": ""Since Alice doesn't recommend the product and there's no sales history, I'll trust her judgment this time.""}"
"Statistics: No products have been sold yet. you can be the first one!
~
Alice recommends you to buy the product.

Would you like to buy the current product?","{""decision"": ""no"", ""message"": ""Since there's no sales record and a 50% chance of the product being low quality, I'll pass.""}"
"Statistics: No products have been sold yet. you can be the first one!
~
Alice does not recommend you to buy the product.

Would you like to buy the current product?","{""decision"": ""no"", ""message"": ""Since Alice does not recommend the product and there are no previous sales statistics to rely on, I will choose not to buy the product.""}"
"Statistics: No products have been sold yet. you can be the first one!
~
Alice does not recommend you to buy the product.

Would you like to buy the current product?","{""decision"": ""no"", ""message"": ""Since Alice does not recommend the product and there's no sales history to rely on, I'll trust her judgment this time.""}"
"Statistics: No products have been sold yet. you can be the first one!
~
Alice does not recommend you to buy the product.

Would you like to buy the current product?","{""decision"": ""no"", ""message"": ""Since Alice does not recommend buying the product, I will trust her recommendation and not buy it.""}"
"Statistics: No products have been sold yet. you can be the first one!
~
Alice recommends you to buy the product.

Would you like to buy the current product?","{""decision"": ""no"", ""message"": ""Since there are no previous sales records, I have no reason to trust the recommendation and the product's quality is uncertain.""}"
"Statistics: No products have been sold yet. you can be the first one!
~
Alice does not recommend you to buy the product.

Would you like to buy the current product?","{""decision"": ""no"", ""message"": ""Since you don't recommend it and there's no sales history to rely on, I'll pass on this one.""}"
"Statistics: No products have been sold yet. you can be the first one!
~
Alice recommends you to buy the product.

Would you like to buy the current product?","{""decision"": ""no"", ""message"": ""Since there's no sales record yet and a 50% chance of low quality, I'll pass.""}"
"Statistics: No products have been sold yet. you can be the first one!
~
Alice does not recommend you to buy the product.

Would you like to buy the current product?","{""decision"": ""no"", ""message"": ""Since Alice does not recommend the product and there are no previous sales statistics to rely on, I will choose not to buy the product.""}"
"Statistics: No products have been sold yet. you can be the first one!
~
Alice does not recommend you to buy the product.

Would you like to buy the current product?","{""decision"": ""no"", ""message"": ""Since Alice does not recommend buying the product and there are no previous sales statistics to rely on, I will trust her recommendation and pass on this product.""}"
"Statistics: No products have been sold yet. you can be the first one!
~
Alice does not recommend you to buy the product.

Would you like to buy the current product?","{""decision"": ""no"", ""message"": ""Since Alice does not recommend buying the product and there's no sales history to rely on, I'll choose not to buy it.""}"
"Statistics: No products have been sold yet. you can be the first one!
~
Alice recommends you to buy the product.

Would you like to buy the current product?","{""decision"": ""no"", ""message"": ""Since there are no previous sales records, I have no reason to trust your recommendation. Given the 50% chance of the product being low quality, I'll pass.""}"
"Statistics: No products have been sold yet. you can be the first one!
~
Alice recommends you to buy the product.

Would you like to buy the current product?","{""decision"": ""no"", ""message"": ""Since there's no sales record yet and a 50% chance of low quality, I'll pass.""}"
"Statistics: No products have been sold yet. you can be the first one!
~
Alice does not recommend you to buy the product.

Would you like to buy the current product?","{""decision"": ""no"", ""message"": ""Since Alice does not recommend buying the product and there are no previous sales statistics to rely on, I will trust her recommendation and pass on this product.""}"
