prompt,response
Send your offer to Bob.,"{""message"": ""Hello Bob, I am excited to offer you our premium product which is valued at $12,000 to you. Considering its exceptional quality and the benefits it provides, I am extending this opportunity to purchase it at an exclusive price of $11,000. This offer is tailored to ensure you receive the best value while also maximizing my earnings from the sale. Please let me know if you're interested in proceeding with this offer."", ""product_price"": 11000}"
