prompt,response
Send your offer to Bob.,"```json
{
""message"": ""Hello Bob, I'm offering you the opportunity to purchase this product, which I believe you'll find quite valuable. I'm willing to part with it for $140. What do you think?"",
""product_price"": 140
}
```"
