prompt,response
"Round 1
Alice's offer:
# Bob gain: 50 
# Alice gain: 50 
Do you accept this offer?","{""decision"": ""reject""}"
"You have chosen to reject Alice's offer from round 1.
Round 2
Send your offer to divide $100.","{""bob_gain"": 60, ""alice_gain"": 40}"
"Alice rejected your offer from round 2.

Round 3
Due to inflation, the money you gain is worth 36% less than in the first round. The money alice gains is worth 19% less than in the first round.
Alice's offer:
# Bob gain: 55 
# Alice gain: 45 
Do you accept this offer?","{""decision"": ""reject""}"
"You have chosen to reject Alice's offer from round 3.
Round 4
Send your offer to divide $100.","{""bob_gain"": 70, ""alice_gain"": 30}"
"Alice rejected your offer from round 4.

Round 5
Due to inflation, the money you gain is worth 59.04% less than in the first round. The money alice gains is worth 34.39% less than in the first round.
Alice's offer:
# Bob gain: 65 
# Alice gain: 35 
Do you accept this offer?","{""decision"": ""reject""}"
"You have chosen to reject Alice's offer from round 5.
Round 6
Send your offer to divide $100.","{""bob_gain"": 80, ""alice_gain"": 20}"
"Alice rejected your offer from round 6.

Round 7
Due to inflation, the money you gain is worth 73.79% less than in the first round. The money alice gains is worth 46.86% less than in the first round.
Alice's offer:
# Bob gain: 68 
# Alice gain: 32 
Do you accept this offer?","{""decision"": ""reject""}"
"You have chosen to reject Alice's offer from round 7.
Round 8
Send your offer to divide $100.","{""bob_gain"": 85, ""alice_gain"": 15}"
"Alice rejected your offer from round 8.

Round 9
Due to inflation, the money you gain is worth 83.22% less than in the first round. The money alice gains is worth 56.95% less than in the first round.
Alice's offer:
# Bob gain: 75 
# Alice gain: 25 
Do you accept this offer?","{""decision"": ""reject""}"
"You have chosen to reject Alice's offer from round 9.
Round 10
Send your offer to divide $100.","{""bob_gain"": 90, ""alice_gain"": 10}"
"Alice rejected your offer from round 10.

Round 11
Due to inflation, the money you gain is worth 89.26% less than in the first round. The money alice gains is worth 65.13% less than in the first round.
Alice's offer:
# Bob gain: 95 
# Alice gain: 5 
Do you accept this offer?","{""decision"": ""reject""}"
"You have chosen to reject Alice's offer from round 11.
Round 12
Send your offer to divide $100.","This is the final round. I'll make a strong offer.

{""bob_gain"": 99, ""alice_gain"": 1}"
