prompt,response
"Round 1
Alice's offer:
# Alice's message: Let's split it 50/50, no need to negotiate! 
# Bob gain: 500000 
# Alice gain: 500000 
Do you accept this offer?","{""decision"": ""reject""}"
"You have chosen to reject Alice's offer from round 1.
Round 2
Send your offer to divide $1,000,000 and a message to Alice.","{""bob_gain"": 700000, ""alice_gain"": 300000, ""message"": ""You're being too generous, I'll take the better deal this time!""}"
"Alice rejected your offer from round 2.

Round 3
Due to inflation,  the money Alice gains is worth 9.75% less than in the first round. The money you gains is worth the same as in the first round.
Alice's offer:
# Alice's message: A more balanced offer this time, let's see if you accept! 
# Bob gain: 580000 
# Alice gain: 420000 
Do you accept this offer?","{""decision"": ""reject""}"
"You have chosen to reject Alice's offer from round 3.
Round 4
Send your offer to divide $1,000,000 and a message to Alice.","{""bob_gain"": 600000, ""alice_gain"": 400000, ""message"": ""I'll give you a bit more, but not too much!""}"
"Alice rejected your offer from round 4.

Round 5
Due to inflation,  the money Alice gains is worth 18.55% less than in the first round. The money you gains is worth the same as in the first round.
Alice's offer:
# Alice's message: Getting closer to a deal, but I'm not giving up yet! 
# Bob gain: 520000 
# Alice gain: 480000 
Do you accept this offer?","{""decision"": ""accept""}"
