prompt,response
Send your offer to Bob.,"```json
{""product_price"": 900000}
```

I'm offering the product to Bob for $900,000. This gives him a potential profit if he values it higher than that. It's also a significant increase from my guaranteed minimum of $800,000 from John, so I'm taking a calculated risk to maximize my earnings."
