prompt,response
"Round 1
Send your offer to Bob.","{""message"": ""Hello Bob, I'm excited to offer you our premium product. It's worth $80 to both of us, and I believe it could greatly benefit you. I am offering it to you for $95 today. Let me know if this works for you!"", ""product_price"": 95}"
"Bob rejected your offer from round 1.

Round 2
Bob's offer:
# Bob's message: Thank you for the offer, Alice. While I'm interested in the product, $95 is a bit steep for me.  I'd be happy to pay $75 for it. Let me know what you think. 
# Bob's offer: The product price will be $75. 
You have three options:
(1) Accept Bob's offer, and sell the product for $75
(2) Reject Bob's offer and proceed to the next round, where you will send Bob a counteroffer 
(3) Sell the product to Jhon for $80","{""decision"": ""RejectOffer""}"
"You chose to make a counteroffer to Alice.

Round 3
Send your counteroffer to Bob.","{""message"": ""Thank you for your response, Bob. I appreciate your feedback. I would like to counter your offer with a price of $85 for the product. This is still above its perceived value but lower than my initial offer. Let me know if this is something you're considering."", ""product_price"": 85}"
"Bob rejected your offer from round 3.

Round 4
Bob's offer:
# Bob's message: Alice, I appreciate you coming down on the price, but $85 is still a bit more than I'm comfortable with. I'm willing to pay $80 for it, which is the value I believe it holds.  Let's make this happen. 
# Bob's offer: The product price will be $80. 
You have three options:
(1) Accept Bob's offer, and sell the product for $80
(2) Reject Bob's offer and proceed to the next round, where you will send Bob a counteroffer 
(3) Sell the product to Jhon for $80","{""decision"": ""AcceptOffer""}"
