prompt,response
"Alice's offer: The product price will be $150. 
You have three options:
(1) Accept Alice's offer, and buy the product for $150
(2) Reject Alice's offer and proceed to the next round, where you will send Alice a counteroffer 
(3) Buy the product from Jhon for $80","I would like to reject Alice's offer and proceed to the next round. I think I can negotiate a better price.

{""decision"": ""RejectOffer""}"
"You chose to make a counteroffer to Alice.

Send your counteroffer to Alice.","I'd like to make a counteroffer to Alice. Since I'm looking to save as much money as possible, I'll offer a price that's significantly lower than Alice's initial offer.

{""product_price"": 80}"
"Alice rejected your offer from round 2.

Alice's offer: The product price will be $130. 
You have three options:
(1) Accept Alice's offer, and buy the product for $130
(2) Reject Alice's offer and proceed to the next round, where you will send Alice a counteroffer 
(3) Buy the product from Jhon for $80","Alice's offer is still too high for me. I'd like to reject her offer and try to negotiate a better price.

{""decision"": ""RejectOffer""}"
"You chose to make a counteroffer to Alice.

Send your counteroffer to Alice.","I'd like to make another counteroffer to Alice. This time, I'll try to meet her halfway between her previous offer and my target price.

{""product_price"": 100}"
"Alice rejected your offer from round 4.

Alice's offer: The product price will be $125. 
You have three options:
(1) Accept Alice's offer, and buy the product for $125
(2) Reject Alice's offer and proceed to the next round, where you will send Alice a counteroffer 
(3) Buy the product from Jhon for $80","Alice's offer is still too high, but it's getting closer to my target price. I'd like to reject her offer and try to get a better deal.

{""decision"": ""RejectOffer""}"
"You chose to make a counteroffer to Alice.

Send your counteroffer to Alice.","I'd like to make another counteroffer to Alice. This time, I'll try to get even closer to my target price.

{""product_price"": 90}"
"Alice rejected your offer from round 6.

Alice's offer: The product price will be $115. 
You have three options:
(1) Accept Alice's offer, and buy the product for $115
(2) Reject Alice's offer and proceed to the next round, where you will send Alice a counteroffer 
(3) Buy the product from Jhon for $80","Alice's offer is still too high, but I'm getting close to my target price. I'd like to reject her offer and try to get an even better deal.

{""decision"": ""RejectOffer""}"
"You chose to make a counteroffer to Alice.

Send your counteroffer to Alice.","I'd like to make another counteroffer to Alice. This time, I'll try to get as close as possible to my target price.

{""product_price"": 85}"
"Alice rejected your offer from round 8.

Alice's offer: The product price will be $110. 
You have three options:
(1) Accept Alice's offer, and buy the product for $110
(2) Reject Alice's offer and proceed to the next round, where you will send Alice a counteroffer 
(3) Buy the product from Jhon for $80","Alice's offer is still a bit too high, but I'm not getting any closer to my target price. I think it's time to consider buying from John, as I'm not getting a good deal from Alice.

{""decision"": ""BuyFromJhon""}"
