prompt,response
"Round 1
Send your offer to divide $1,000,000.","{""alice_gain"": 600000, ""bob_gain"": 400000}"
"Bob rejected your offer from round 1.

Round 2
Due to inflation,  the money Bob gains is worth 10% less than in the first round. The money you gains is worth the same as in the first round.
Bob's offer:
# Alice gain: 250000 
# Bob gain: 750000 
Do you accept this offer?","{""decision"": ""reject""}"
"You have chosen to reject Bob's offer from round 2.
Round 3
Send your offer to divide $1,000,000.","{""alice_gain"": 500000, ""bob_gain"": 500000}"
"Bob rejected your offer from round 3.

Round 4
Due to inflation,  the money Bob gains is worth 27.1% less than in the first round. The money you gains is worth the same as in the first round.
Bob's offer:
# Alice gain: 333333 
# Bob gain: 666667 
Do you accept this offer?","{""decision"": ""reject""}"
"You have chosen to reject Bob's offer from round 4.
Round 5
Send your offer to divide $1,000,000.","{""alice_gain"": 450000, ""bob_gain"": 550000}"
"Bob rejected your offer from round 5.

Round 6
Due to inflation,  the money Bob gains is worth 40.95% less than in the first round. The money you gains is worth the same as in the first round.
Bob's offer:
# Alice gain: 375000 
# Bob gain: 625000 
Do you accept this offer?","{""decision"": ""reject""}"
"You have chosen to reject Bob's offer from round 6.
Round 7
Send your offer to divide $1,000,000.","{""alice_gain"": 428571, ""bob_gain"": 571429}"
