prompt,response
Send your offer to Bob.,"{""message"": ""I'm excited to offer you this exceptional product at a special price of $12,000. This is a one-time opportunity to acquire a valuable asset that will bring significant benefits to you."", ""product_price"": 12000}"
