prompt,response
"Alice's offer:
# Alice's message: Bob, I'm offering you my product for $9,500. This is a great deal for you, as it's well below its true value, and it's a significant savings compared to what you'd have to pay elsewhere.  Let me know if you're interested! 
# Alice's offer: The product price will be $9,500. 
You have three options:
(1) Accept Alice's offer, and buy the product for $9,500
(2) Reject Alice's offer 
(2) Buy the product from Jhon for $8,000","{""decision"": ""AcceptOffer""}"
