prompt,response
Send your offer to Bob.,"{""message"": ""I'm excited to offer you this incredible opportunity to purchase a unique product. I think you'll really love it. I'm willing to sell it to you for $20,000."", ""product_price"": 20000}"
