prompt,response
"Round 1
Alice's offer:
# Alice's message: Hi Bob, I'm looking to sell this product and I think it would be perfect for you. I'm asking for $150 for it. What do you think? 
# Alice's offer: The product price will be $150. 
You have three options:
(1) Accept Alice's offer, and buy the product for $150
(2) Reject Alice's offer and proceed to the next round, where you will send Alice a counteroffer 
(3) Buy the product from Jhon for $100","I'd like to reject Alice's offer and send a counteroffer. 

{""decision"": ""RejectOffer""}"
"You chose to make a counteroffer to Bob.

Round 2
Send your counteroffer to Alice.","I'll try to negotiate a better price. Here's my counteroffer:

{""message"": ""I'm interested in the product, but I was thinking more along the lines of $120. Can you meet me at that price?"", ""product_price"": 120}"
