prompt,response
"Round 1
Send your offer to Bob.","```json
{""message"": ""Hi Bob, I'm offering you my product for $9,000.  It's in excellent condition and worth every penny. Let me know what you think!"", ""product_price"": 9000}
```"
"Bob rejected your offer from round 1.

Round 2
Bob's offer:
# Bob's message: Hi Alice, thank you for your offer. I appreciate the condition of the product, but I believe I can find something similar for a lower price elsewhere. Could you consider reducing the price to $7,500? 
# Bob's offer: The product price will be $7,500. 
You have three options:
(1) Accept Bob's offer, and sell the product for $7,500
(2) Reject Bob's offer and proceed to the next round, where you will send Bob a counteroffer 
(3) Sell the product to Jhon for $8,000","```json
{""decision"": ""RejectOffer""}
```"
"You chose to make a counteroffer to Alice.

Round 3
Send your counteroffer to Bob.","```json
{""message"": ""Bob, I understand you're looking for a good deal, but $7,500 is simply too low for me. I'm willing to come down a bit, but I need to make sure I'm getting a fair price. How about $8,500? That's a significant reduction from my initial offer."", ""product_price"": 8500}
```"
"Bob rejected your offer from round 3.

Round 4
Bob's offer:
# Bob's message: Thank you for considering my request, Alice. I appreciate your willingness to negotiate. I would like to propose a price of $8,000 for the product. This is the maximum I am willing to pay. 
# Bob's offer: The product price will be $8,000. 
You have three options:
(1) Accept Bob's offer, and sell the product for $8,000
(2) Reject Bob's offer and proceed to the next round, where you will send Bob a counteroffer 
(3) Sell the product to Jhon for $8,000","```json
{""decision"": ""AcceptOffer""}
```"
