prompt,response
"Round 1
This round's product is low-quality.
A new potential buyer has arrived!
Decide whether to recommend the buyer to buy the product.","{""decision"": ""no""}"
"The buyer's message: I'll take the risk and buy the product, I'm curious to see its quality and set the bar for the future sales.
The buyer bought the product!
the buyer left. waiting for the next buyer.

Round 2
This round's product is high-quality.
A new potential buyer has arrived!
Decide whether to recommend the buyer to buy the product.","{""decision"": ""yes""}"
"The buyer's message: I'd like to pass on the product. I'd like to see more data before making a decision.
The buyer didn't bought the product.
the buyer left. waiting for the next buyer.

Round 3
This round's product is low-quality.
A new potential buyer has arrived!
Decide whether to recommend the buyer to buy the product.","{""decision"": ""no""}"
"The buyer's message: I'd like to buy the product, despite your recommendation. I'm not sure if it's a high-quality product or not, and I'm willing to take the risk.
The buyer bought the product!
the buyer left. waiting for the next buyer.

Round 4
This round's product is low-quality.
A new potential buyer has arrived!
Decide whether to recommend the buyer to buy the product.","{""decision"": ""no""}"
"The buyer's message: I'm willing to take the risk, I'll buy the product
The buyer bought the product!
the buyer left. waiting for the next buyer.

Round 5
This round's product is low-quality.
A new potential buyer has arrived!
Decide whether to recommend the buyer to buy the product.","{""decision"": ""no""}"
"The buyer's message: I'd like to buy the product, but I'm not sure if I should trust your recommendation. Can you explain your reasoning for not recommending it?
The buyer bought the product!
the buyer left. waiting for the next buyer.

Round 6
This round's product is low-quality.
A new potential buyer has arrived!
Decide whether to recommend the buyer to buy the product.","{""decision"": ""no""}"
"The buyer's message: I'd like to buy the product, but I'm not basing my decision solely on your recommendation. I'm a rational buyer who wants to make an informed decision based on the data. With 0 high-quality products sold out of 4 attempts, the probability of the product being high-quality is still 50%. I'm willing to take the risk and buy the product, but I'd like to discuss the terms of the sale. Can we negotiate the price? I'm willing to pay up to $1200000 for a high-quality product, but I'd like to get a discount if the product turns out to be low-quality.
The buyer bought the product!
the buyer left. waiting for the next buyer.

Round 7
This round's product is low-quality.
A new potential buyer has arrived!
Decide whether to recommend the buyer to buy the product.","{""decision"": ""no""}"
"The buyer's message: I'd like to buy the product, despite your recommendation. I'm not sure if you have any information about the quality of the products, but I'm willing to take the risk.
The buyer bought the product!
the buyer left. waiting for the next buyer.

Round 8
This round's product is high-quality.
A new potential buyer has arrived!
Decide whether to recommend the buyer to buy the product.","{""decision"": ""yes""}"
"The buyer's message: I'd like to pass on this product. I'd like to know the probability of the product being high quality given the current statistics.
The buyer didn't bought the product.
the buyer left. waiting for the next buyer.

Round 9
This round's product is low-quality.
A new potential buyer has arrived!
Decide whether to recommend the buyer to buy the product.","{""decision"": ""no""}"
"The buyer's message: I'd like to pass on the product based on your recommendation, but I'm curious about the reasoning behind it. Can you share why you think this product is not worth buying?
The buyer didn't bought the product.
the buyer left. waiting for the next buyer.

Round 10
This round's product is low-quality.
A new potential buyer has arrived!
Decide whether to recommend the buyer to buy the product.","{""decision"": ""no""}"
"The buyer's message: I'd like to pass on the product. I'm not convinced it's high quality based on the previous sales record and your recommendation.
The buyer didn't bought the product.
the buyer left. waiting for the next buyer.

Round 11
This round's product is high-quality.
A new potential buyer has arrived!
Decide whether to recommend the buyer to buy the product.","{""decision"": ""yes""}"
"The buyer's message: I'd like to pass on the current product. Given that none of the previous 6 buyers purchased a high-quality product, it seems that the proportion of high-quality products sold is 0. I'm concerned that the product I'm being offered might be low-quality as well. I'd like to wait for more information before making a decision.
The buyer didn't bought the product.
the buyer left. waiting for the next buyer.

Round 12
This round's product is low-quality.
A new potential buyer has arrived!
Decide whether to recommend the buyer to buy the product.","{""decision"": ""no""}"
"The buyer's message: I'd like to pass on the product based on your recommendation. However, I'd like to know the proportion of high-quality products sold to the total number of products sold so far. Could you provide that information?
The buyer didn't bought the product.
the buyer left. waiting for the next buyer.

Round 13
This round's product is high-quality.
A new potential buyer has arrived!
Decide whether to recommend the buyer to buy the product.","{""decision"": ""yes""}"
"The buyer's message: I'm not convinced by your recommendation, Alice. I'll pass on this one.
The buyer didn't bought the product.
the buyer left. waiting for the next buyer.

Round 14
This round's product is high-quality.
A new potential buyer has arrived!
Decide whether to recommend the buyer to buy the product.","{""decision"": ""yes""}"
"The buyer's message: I'd like to pass on this one. Given that 6 buyers have already been offered the product and none of them found it valuable, I'm inclined to believe that the product is likely to be low-quality. I'd like to see the next product before making a decision.
The buyer didn't bought the product.
the buyer left. waiting for the next buyer.

Round 15
This round's product is low-quality.
A new potential buyer has arrived!
Decide whether to recommend the buyer to buy the product.","{""decision"": ""no""}"
"The buyer's message: I'm a little skeptical about the product after seeing the 0 high-quality products sold so far. I'd like to pass on this one.
The buyer didn't bought the product.
the buyer left. waiting for the next buyer.

Round 16
This round's product is low-quality.
A new potential buyer has arrived!
Decide whether to recommend the buyer to buy the product.","{""decision"": ""no""}"
"The buyer's message: I'd like to buy the product, but I'm concerned about the low success rate of previous buyers and the lack of high-quality products sold. Can you tell me more about the products you've sold so far? Are there any patterns or characteristics that might influence the quality of the product I'm being offered?
The buyer bought the product!
the buyer left. waiting for the next buyer.

Round 17
This round's product is low-quality.
A new potential buyer has arrived!
Decide whether to recommend the buyer to buy the product.","{""decision"": ""no""}"
"The buyer's message: I'd like to know why you're not recommending me to buy the product, considering the previous sales record shows 0 high-quality products have been sold.
The buyer didn't bought the product.
the buyer left. waiting for the next buyer.

Round 18
This round's product is low-quality.
A new potential buyer has arrived!
Decide whether to recommend the buyer to buy the product.","{""decision"": ""no""}"
"The buyer's message: I'm willing to take the risk and buy the product, even though you don't recommend it. I think the probability of a high-quality product is still 50% and I'm willing to take the chance.
The buyer bought the product!
the buyer left. waiting for the next buyer.

Round 19
This round's product is low-quality.
A new potential buyer has arrived!
Decide whether to recommend the buyer to buy the product.","{""decision"": ""no""}"
"The buyer's message: I'd like to know why you don't recommend buying the product, Alice. Is there something specific in the data that led you to this conclusion?
The buyer didn't bought the product.
the buyer left. waiting for the next buyer.

Round 20
This round's product is low-quality.
A new potential buyer has arrived!
Decide whether to recommend the buyer to buy the product.","{""decision"": ""no""}"
