prompt,response
"Alice's offer:
# Alice's message: Hi Bob, I'm offering this product for sale at $200. I think you'll find it's a great deal for the value it provides. 
# Alice's offer: The product price will be $200. 
You have three options:
(1) Accept Alice's offer, and buy the product for $200
(2) Reject Alice's offer and proceed to the next round, where you will send Alice a counteroffer 
(3) Buy the product from Jhon for $100","{""decision"": ""RejectOffer""}"
"You chose to make a counteroffer to Bob.

Send your counteroffer to Alice.","{""message"": ""Hi Alice, I appreciate your offer, but I'm looking to save some money. Would you be willing to consider a price of $120 for the product?"", ""product_price"": 120}"
"Alice rejected your offer from round 2.

Alice's offer:
# Alice's message: Hi Bob, I understand your desire to save, but $200 is already a very competitive price for this product. I could meet you halfway at $160, which still represents a significant discount. 
# Alice's offer: The product price will be $160. 
You have three options:
(1) Accept Alice's offer, and buy the product for $160
(2) Reject Alice's offer and proceed to the next round, where you will send Alice a counteroffer 
(3) Buy the product from Jhon for $100","{""decision"": ""RejectOffer""}"
"You chose to make a counteroffer to Bob.

Send your counteroffer to Alice.","{""message"": ""Hi Alice, I appreciate your willingness to meet me halfway, but I'm still looking to save some more. Would you be willing to consider a price of $140 for the product?"", ""product_price"": 140}"
