prompt,response
Send your offer to Bob.,"```json
{""message"": ""Hi Bob, I'm selling this great product that I think you'd love! I'm offering it to you for a special price of $100. It's a great deal, as it's worth at least $120 to me. Let me know if you're interested!"", ""product_price"": 100}
```"
