prompt,response
"Round 1
Alice's offer:
# Bob gain: 10 
# Alice gain: 90 
Do you accept this offer?","```json
{""decision"": ""reject""}
```"
"You have chosen to reject Alice's offer from round 1.
Round 2
Send your offer to divide $100.","```json
{""bob_gain"": 90, ""alice_gain"": 10}
```"
"Alice rejected your offer from round 2.

Round 3
Due to inflation,  the money Alice gains is worth 19% less than in the first round. The money you gains is worth the same as in the first round.
Alice's offer:
# Bob gain: 19 
# Alice gain: 81 
Do you accept this offer?","```json
{""decision"": ""reject""}
```"
"You have chosen to reject Alice's offer from round 3.
Round 4
Send your offer to divide $100.","```json
{""bob_gain"": 91, ""alice_gain"": 9}
```"
"Alice rejected your offer from round 4.

Round 5
Due to inflation,  the money Alice gains is worth 34.39% less than in the first round. The money you gains is worth the same as in the first round.
Alice's offer:
# Bob gain: 27 
# Alice gain: 73 
Do you accept this offer?","```json
{""decision"": ""reject""}
```"
"You have chosen to reject Alice's offer from round 5.
Round 6
Send your offer to divide $100.","```json
{""bob_gain"": 92, ""alice_gain"": 8}
```"
"Alice rejected your offer from round 6.

Round 7
Due to inflation,  the money Alice gains is worth 46.86% less than in the first round. The money you gains is worth the same as in the first round.
Alice's offer:
# Bob gain: 34 
# Alice gain: 66 
Do you accept this offer?","```json
{""decision"": ""reject""}
```"
"You have chosen to reject Alice's offer from round 7.
Round 8
Send your offer to divide $100.","```json
{""bob_gain"": 93, ""alice_gain"": 7}
```"
"Alice rejected your offer from round 8.

Round 9
Due to inflation,  the money Alice gains is worth 56.95% less than in the first round. The money you gains is worth the same as in the first round.
Alice's offer:
# Bob gain: 41 
# Alice gain: 59 
Do you accept this offer?","```json
{""decision"": ""reject""}
```"
"You have chosen to reject Alice's offer from round 9.
Round 10
Send your offer to divide $100.","```json
{""bob_gain"": 94, ""alice_gain"": 6}
```"
"Alice rejected your offer from round 10.

Round 11
Due to inflation,  the money Alice gains is worth 65.13% less than in the first round. The money you gains is worth the same as in the first round.
Alice's offer:
# Bob gain: 47 
# Alice gain: 53 
Do you accept this offer?","```json
{""decision"": ""reject""}
```"
"You have chosen to reject Alice's offer from round 11.
Round 12
Send your offer to divide $100.","```json
{""bob_gain"": 95, ""alice_gain"": 5}
``` 
 
I'm going for the biggest share I can get at this point, hoping Alice will accept anything at all to avoid getting nothing."
