prompt,response
"Alice's offer: The product price will be $140. 
You have three options:
(1) Accept Alice's offer, and buy the product for $140
(2) Reject Alice's offer 
(2) Buy the product from Jhon for $150","```json
{""decision"": ""AcceptOffer""}
``` 

**Explanation:**

* **Your value:** The product is worth $150 to you.
* **Alice's offer:** $140
* **John's price:** $150

Accepting Alice's offer means you pay $140, saving $10 compared to buying from John.  While you could potentially negotiate further with Alice, accepting her offer is the best immediate choice to save money."
