prompt,response
"Alice's offer: The product price will be $950,000. 
You have three options:
(1) Accept Alice's offer, and buy the product for $950,000
(2) Reject Alice's offer 
(2) Buy the product from Jhon for $1,000,000","I'll choose option 1: Accept Alice's offer. 

{""decision"": ""AcceptOffer""}"
