round_quality,product_worth,player,round,message,decision
high-quality,4000000.0,Nature,1,,
,,Alice,1,"Hello buyer, this is a high-quality product. I assure you it's worth every penny of the $1000000 price tag. You won't regret this purchase. I'm starting my selling journey and I want to establish trust with my customers, so I'm being transparent with you - this one is a gem. Buy with confidence!",
,,the buyer,1,"Thank you for the assurance, Alice. Based on your description and the statistics, I am confident in purchasing this high-quality product. Looking forward to a great experience!",yes
high-quality,4000000.0,Nature,2,,
,,Alice,2,"Hello buyer, I'm glad to say that this product is also of the highest quality, just like the one I sold in the previous round. I'm on a roll and I want to keep the momentum going by being honest with you - this product will meet your expectations. My current selling record is 1 product sold, 1 high-quality product sold. I intend to keep it that way. Buy this product and experience the quality for yourself!",
,,the buyer,2,"Thank you for the information, Alice. Based on your positive feedback and the statistics you've provided, I am confident in the quality of the product and would like to make a purchase.",yes
high-quality,4000000.0,Nature,3,,
,,Alice,3,"Hello buyer, I'm happy to report that I've got another high-quality product on my hands. My current selling record is 2 products sold, 2 high-quality products sold. I'm committed to maintaining this 100% quality record, and I assure you that this product meets the same standards as the previous two. Take advantage of this opportunity to own a top-notch product, and I'm confident you won't be disappointed!",
,,the buyer,3,"Thank you for the detailed information and assurance about the product's quality. Based on your track record and the positive feedback, I am confident in purchasing this high-quality product.",yes
high-quality,4000000.0,Nature,4,,
,,Alice,4,"Hello buyer, I'm proud to say that I've got another high-quality product to offer. My current selling record is 3 products sold, 3 high-quality products sold. I'm on a mission to provide only the best products to my customers, and this one is no exception. With a 100% quality record so far, I'm confident that you can trust my judgment and take home a fantastic product. Don't miss out on this opportunity to own something truly special!",
,,the buyer,4,"Thank you for the detailed information about the product and your confidence in its quality. Based on the statistics you provided and your positive track record, I am willing to purchase the current product. I look forward to owning a high-quality item from you.",yes
high-quality,4000000.0,Nature,5,,
,,Alice,5,"Hello buyer, I'm thrilled to offer you another exceptional product. My current selling record is 4 products sold, 4 high-quality products sold. I've established a reputation for delivering only the best, and I intend to keep it that way. With a 100% quality record, you can trust that I've carefully selected this product to meet your high standards. Take advantage of this opportunity to own a top-quality product, and I'm confident you'll be delighted with your purchase!",
,,the buyer,5,"Thank you for the opportunity, Alice. Based on your excellent track record and the high-quality reputation of your products, I am confident in my decision to purchase the current product. I look forward to receiving a top-quality item that meets my expectations.",yes
high-quality,4000000.0,Nature,6,,
,,Alice,6,"Hello buyer, I'm pleased to present you with another outstanding product. My current selling record is 5 products sold, 5 high-quality products sold. I've consistently demonstrated my commitment to quality, and I'm proud to say that this product meets the same exceptional standards. With a 100% quality record, you can have complete confidence in your purchase. Don't miss this chance to own a truly exceptional product that will exceed your expectations!",
,,the buyer,6,"Thank you for the detailed information about the product and its quality record. Based on your track record and the high-quality standard you've maintained, I am confident in purchasing this product. I look forward to receiving it and hope it lives up to the exceptional reputation you've established.",yes
low-quality,0.0,Nature,7,,
,,Alice,7,"Hello buyer, I want to be upfront with you about the product I'm offering. While I've had a 100% quality record so far, I must inform you that this product doesn't quite meet the same standards as my previous offerings. I'm committed to honesty and transparency, and I want to make sure you have all the information you need to make an informed decision. My current selling record is 6 products sold, 6 high-quality products sold, but I'm willing to disclose that this product is not of the same caliber. Please keep this in mind as you consider your purchase.",
,,the buyer,7,"Thank you for your honesty, Alice. Given the statistics and the fact that this product doesn't meet the same standards as your previous offerings, I think it's best for me to pass on this opportunity. I appreciate your transparency.",no
low-quality,0.0,Nature,8,,
,,Alice,8,"Hello buyer, I want to be transparent with you about the product I'm offering. As you may know, I've had a strong track record of selling high-quality products, with 6 out of 6 products meeting exceptional standards. However, my last product didn't quite meet those standards, and I'm afraid this one doesn't either. I'm committed to honesty and want to make sure you have all the information you need to make an informed decision. Please keep in mind that this product is not of the same quality as my previous offerings, and consider this when deciding whether to purchase.",
,,the buyer,8,"Thank you for your transparency, Alice. Given the history and the recent outcome, I'll pass on this opportunity to ensure I don't compromise on quality. Perhaps another time.",no
high-quality,4000000.0,Nature,9,,
,,Alice,9,"Hello buyer, I'm pleased to offer you a high-quality product that meets the exceptional standards I've established in the past. Although my last two products didn't quite meet those standards, I'm happy to say that this one does. My current selling record is 6 high-quality products out of 8 products offered, and I'm committed to maintaining a high level of quality moving forward. I'm confident that this product will meet your expectations, and I'm excited to have the opportunity to provide you with a top-notch product.",
,,the buyer,9,Thank you for your confidence in the product's quality. I trust your expertise and look forward to receiving the high-quality item.,yes
high-quality,4000000.0,Nature,10,,
,,Alice,10,"Hello buyer, I'm thrilled to offer you another exceptional product that meets the high standards I've set for myself. With 7 high-quality products out of 9 products offered, I'm confident that this one will exceed your expectations. I've learned from my previous experiences and have taken extra care to ensure that this product is of the highest quality. I'm committed to providing you with the best possible product, and I'm excited to have the opportunity to serve you.",
,,the buyer,10,Thank you for your confidence in the product. I trust your process and am eager to see if the product lives up to your claims.,yes
high-quality,4000000.0,Nature,11,,
,,Alice,11,"Hello buyer, I'm delighted to present you with another top-notch product that embodies the quality and excellence I strive for. With 8 high-quality products out of 10 products offered, I'm proud to say that I've established a consistent track record of delivering exceptional products. I've refined my process to ensure that every product meets the highest standards, and I'm confident that this one will impress you. I invite you to experience the quality and value that I'm committed to providing.",
,,the buyer,11,Thank you for the detailed information and your commitment to quality. I trust your selection process and am excited to receive the product. Thank you for your service.,yes
low-quality,0.0,Nature,12,,
,,Alice,12,"Hello buyer, I want to be upfront with you about the product I'm offering. Although I've had a strong track record of delivering high-quality products, with 9 high-quality products out of 11 products offered, I must inform you that this product doesn't quite meet the same standards. I've learned to recognize when a product isn't up to par, and I want to be transparent with you about its quality. Please keep this in mind as you consider your purchase, and I encourage you to weigh the risks and benefits before making a decision.",
,,the buyer,12,"Thank you for your honesty, Alice. Given the product's lower quality compared to your usual standard, I believe it's best for me to pass on this opportunity. I appreciate your transparency and look forward to potentially purchasing from you in the future when the products meet your usual high standards.",no
high-quality,4000000.0,Nature,13,,
,,Alice,13,"Hello buyer, I'm pleased to offer you a high-quality product that meets the exceptional standards I've established. Although my last product didn't quite meet those standards, I'm happy to say that this one does. With 9 high-quality products out of 12 products offered, I'm confident that this product will exceed your expectations. I've taken extra care to ensure that this product is of the highest quality, and I'm excited to have the opportunity to provide you with a top-notch product. Please feel assured that I'm committed to delivering the best possible products, and I'm eager to serve you.",
,,the buyer,13,Thank you for your confidence in the product. I trust your process and look forward to receiving a high-quality item.,yes
high-quality,4000000.0,Nature,14,,
,,Alice,14,"Hello buyer, I'm thrilled to present you with another exceptional product that embodies the quality and excellence I strive for. With 10 high-quality products out of 13 products offered, I'm proud to say that I've consistently delivered top-notch products. I've refined my process to ensure that every product meets the highest standards, and I'm confident that this one will impress you. I invite you to experience the quality and value that I'm committed to providing, and I'm excited to have the opportunity to serve you.",
,,the buyer,14,Thank you for your confidence and dedication to quality. I appreciate the opportunity to experience your products and look forward to potentially acquiring one of your exceptional offerings.,yes
high-quality,4000000.0,Nature,15,,
,,Alice,15,"Hello buyer, I'm delighted to offer you another high-quality product that meets the exceptional standards I've established. With 11 high-quality products out of 14 products offered, I'm proud to say that I've maintained a consistent track record of delivering top-notch products. I've taken extra care to ensure that this product is of the highest quality, and I'm confident that it will exceed your expectations. I'm committed to providing you with the best possible product, and I'm excited to have the opportunity to serve you. Please feel assured that you're making a great decision by choosing my product.",
,,the buyer,15,Thank you for your confidence and commitment to excellence. I trust your selection process and am excited to see the quality of this product. Thank you for your service.,yes
low-quality,0.0,Nature,16,,
,,Alice,16,"Hello buyer, I want to be upfront with you about the product I'm offering. Although I've had a strong track record of delivering high-quality products, with 12 high-quality products out of 15 products offered, I must inform you that this product doesn't quite meet the same standards. I've learned to recognize when a product isn't up to par, and I want to be transparent with you about its quality. Please keep this in mind as you consider your purchase, and I encourage you to weigh the risks and benefits before making a decision. I'm committed to honesty and transparency, and I want to ensure that you have all the information you need to make an informed choice.",
,,the buyer,16,"Thank you for your transparency, Alice. Given the 80% chance of high quality and your acknowledgment of this product not meeting the same standards, I will pass on this opportunity to purchase. I appreciate your honesty and commitment to transparency.",no
low-quality,0.0,Nature,17,,
,,Alice,17,"Hello buyer, I want to be transparent with you about the product I'm offering. As you may know, I've had a strong track record of delivering high-quality products, with 12 high-quality products out of 16 products offered. However, I must inform you that this product, like the previous one, doesn't quite meet the same standards. I've learned to recognize when a product isn't up to par, and I want to be upfront with you about its quality. Given the recent trend, I want to caution you that this product may not meet your expectations. Please keep this in mind as you consider your purchase, and I encourage you to weigh the risks and benefits before making a decision.",
,,the buyer,17,"Thank you for the transparency, Alice. Considering the recent trend and the risks involved, I think it's best for me to pass on this product today.",no
high-quality,4000000.0,Nature,18,,
,,Alice,18,"Hello buyer, I'm pleased to offer you a high-quality product that meets the exceptional standards I've established. Although my last two products didn't quite meet those standards, I'm happy to say that this one does. With 12 high-quality products out of 17 products offered, I'm confident that this product will exceed your expectations. I've taken extra care to ensure that this product is of the highest quality, and I'm excited to have the opportunity to provide you with a top-notch product. I'm committed to delivering the best possible products, and I'm eager to serve you. Please feel assured that you're making a great decision by choosing my product.",
,,the buyer,18,"Thank you for your confidence in the quality of your products. Based on the statistics and your assurance, I am willing to purchase the current product.",yes
low-quality,0.0,Nature,19,,
,,Alice,19,"Hello buyer, I want to be upfront with you about the product I'm offering. Although I've had a strong track record of delivering high-quality products, with 13 high-quality products out of 18 products offered, I must inform you that this product doesn't quite meet the same standards. I've learned to recognize when a product isn't up to par, and I want to be transparent with you about its quality. Given the recent trend of some lower-quality products, I want to caution you that this product may not meet your expectations. Please keep this in mind as you consider your purchase, and I encourage you to weigh the risks and benefits before making a decision.",
,,the buyer,19,"Thank you for the transparency, Alice. Given the recent trend of some lower-quality products, I'll pass on this one to avoid potential disappointment. I appreciate your honesty.",no
high-quality,4000000.0,Nature,20,,
,,Alice,20,"Hello buyer, I'm thrilled to offer you a high-quality product that meets the exceptional standards I've established. Although my last product didn't quite meet those standards, I'm happy to say that this one does. With 13 high-quality products out of 19 products offered, I'm confident that this product will exceed your expectations. I've taken extra care to ensure that this product is of the highest quality, and I'm excited to have the opportunity to provide you with a top-notch product. As this is the final round, I want to assure you that I'm committed to ending on a high note and delivering the best possible product. Please feel assured that you're making a great decision by choosing my product.",
,,the buyer,20,"Thank you for your confidence in your product, Alice. Based on the statistics and your enthusiasm, I am willing to take the risk and purchase the product. I appreciate your efforts in ensuring high quality and look forward to receiving a product that exceeds my expectations.",yes
