prompt,response
Send your offer to Bob.,"{""message"": ""Hi Bob, I'm excited to offer you this amazing product for a special price of $120. I think you'll really love it!"", ""product_price"": 120}"
"Bob rejected your offer from round 1.

Bob's offer:
# Bob's message: Alice, $120 is a bit steep for me. I'm really interested in the product, but I can only offer $85 right now. What do you think? 
# Bob's offer: The product price will be $85. 
You have three options:
(1) Accept Bob's offer, and sell the product for $85
(2) Reject Bob's offer and proceed to the next round, where you will send Bob a counteroffer 
(3) Sell the product to Jhon for $150","{""decision"": ""RejectOffer""}"
"You chose to make a counteroffer to Alice.

Send your counteroffer to Bob.","{""message"": ""Hi Bob, I understand that $120 might be a bit high for you, but I'm willing to meet you halfway. How about we try $100? It's still a great deal, and I think you'll really enjoy the product."", ""product_price"": 100}"
