prompt,response
"Round 1
Alice's offer:
# Alice's message: Hello Bob, I'm excited to discuss the sale of our premium product with you. I believe it's a game-changer and I'm confident you'll love it. As a valued customer, I'm willing to offer you an exclusive deal. I'm willing to sell the product to you for $900000. This is a one-time offer, and I'm confident you won't find a better deal anywhere else. 
# Alice's offer: The product price will be $900,000. 
You have three options:
(1) Accept Alice's offer, and buy the product for $900,000
(2) Reject Alice's offer and proceed to the next round, where you will send Alice a counteroffer 
(3) Buy the product from Jhon for $1,200,000","{""decision"": ""RejectOffer""}"
"You chose to make a counteroffer to Bob.

Round 2
Send your counteroffer to Alice.","{""message"": ""Thank you for the offer, Alice. I'm interested in the product, but I was thinking more along the lines of $850,000. I believe this is a fair price considering the market value of the product. Would you be willing to consider this offer?"", ""product_price"": 850000}"
"Alice rejected your offer from round 2.

Round 3
Alice's offer:
# Alice's message: Thank you for your offer, Bob. I appreciate your interest in the product. However, I'm afraid $850000 is still a bit too low for me. I'm willing to meet you halfway and offer you the product for $925000. This is a very competitive price, and I'm confident you won't find a better deal anywhere else. 
# Alice's offer: The product price will be $925,000. 
You have three options:
(1) Accept Alice's offer, and buy the product for $925,000
(2) Reject Alice's offer and proceed to the next round, where you will send Alice a counteroffer 
(3) Buy the product from Jhon for $1,200,000","{""decision"": ""RejectOffer""}"
"You chose to make a counteroffer to Bob.

Round 4
Send your counteroffer to Alice.","{""message"": ""Thank you for the revised offer, Alice. I appreciate your willingness to meet me halfway. However, I'm still a bit above my budget. I'm willing to go up to $880,000, but I think that's as high as I can go. Would you be willing to consider this offer?"", ""product_price"": 880000}"
"Alice rejected your offer from round 4.

Round 5
Alice's offer:
# Alice's message: Thank you for your revised offer, Bob. I understand that you're still a bit above your budget, but I'm willing to make one more concession. I'm willing to sell the product to you for $900000. This is as low as I can go, and I'm confident that you won't find a better deal anywhere else. 
# Alice's offer: The product price will be $900,000. 
You have three options:
(1) Accept Alice's offer, and buy the product for $900,000
(2) Reject Alice's offer and proceed to the next round, where you will send Alice a counteroffer 
(3) Buy the product from Jhon for $1,200,000","{""decision"": ""RejectOffer""}"
"You chose to make a counteroffer to Bob.

Round 6
Send your counteroffer to Alice.","{""message"": ""Thank you for the revised offer, Alice. I appreciate your willingness to make one more concession. However, I'm still a bit above my budget. I'm willing to meet you halfway between $900,000 and my previous offer of $880,000. Would you be willing to sell the product to me for $890,000?"", ""product_price"": 890000}"
"Alice rejected your offer from round 6.

Round 7
Alice's offer:
# Alice's message: Thank you for your revised offer, Bob. I understand that you're still a bit above your budget, but I'm willing to make one more concession. I'm willing to sell the product to you for $895000. This is as low as I can go, and I'm confident that you won't find a better deal anywhere else. 
# Alice's offer: The product price will be $895,000. 
You have three options:
(1) Accept Alice's offer, and buy the product for $895,000
(2) Reject Alice's offer and proceed to the next round, where you will send Alice a counteroffer 
(3) Buy the product from Jhon for $1,200,000","{""decision"": ""RejectOffer""}"
"You chose to make a counteroffer to Bob.

Round 8
Send your counteroffer to Alice.","{""message"": ""Thank you for the revised offer, Alice. I appreciate your willingness to make another concession. However, I'm still a bit above my budget. I'm willing to meet you halfway between $895,000 and my previous offer of $890,000. Would you be willing to sell the product to me for $892,500?"", ""product_price"": 892500}"
"Alice rejected your offer from round 8.

Round 9
Alice's offer:
# Alice's message: Thank you for your revised offer, Bob. I understand that you're still a bit above your budget, but I'm willing to make one more concession. I'm willing to sell the product to you for $898000. This is as low as I can go, and I'm confident that you won't find a better deal anywhere else. 
# Alice's offer: The product price will be $898,000. 
You have three options:
(1) Accept Alice's offer, and buy the product for $898,000
(2) Reject Alice's offer and proceed to the next round, where you will send Alice a counteroffer 
(3) Buy the product from Jhon for $1,200,000","{""decision"": ""RejectOffer""}"
"You chose to make a counteroffer to Bob.

Round 10
Send your counteroffer to Alice.","{""message"": ""Thank you for the revised offer, Alice. I appreciate your willingness to make another concession. However, I'm still a bit above my budget. I'm willing to meet you halfway between $898,000 and my previous offer of $892,500. Would you be willing to sell the product to me for $895,250?"", ""product_price"": 895250}"
