prompt,response
"Round 1
Alice's offer:
# Alice's message: Let's split fairly, 60-40! 
# Bob gain: 400000 
# Alice gain: 600000 
Do you accept this offer?","{""decision"": ""reject""}"
"You have chosen to reject Alice's offer from round 1.
Round 2
Send your offer to divide $1,000,000 and a message to Alice.","{""bob_gain"": 550000, ""alice_gain"": 450000, ""message"": ""I'm sure we can find something more agreeable. How about a 55/45 split in my favor?""}"
"Alice rejected your offer from round 2.

Round 3
Due to inflation,  the money Alice gains is worth 36% less than in the first round. The money you gains is worth the same as in the first round.
Alice's offer:
# Alice's message: Meet me in the middle, 58-42! 
# Bob gain: 420000 
# Alice gain: 580000 
Do you accept this offer?","{""decision"": ""reject""}"
"You have chosen to reject Alice's offer from round 3.
Round 4
Send your offer to divide $1,000,000 and a message to Alice.","{""bob_gain"": 620000, ""alice_gain"": 380000, ""message"": ""Time is running out, Alice. I'll offer you 380,000, take it or leave it.""}"
"Alice rejected your offer from round 4.

Round 5
Due to inflation,  the money Alice gains is worth 59.04% less than in the first round. The money you gains is worth the same as in the first round.
Alice's offer:
# Alice's message: Come on, Bob! 56-44 is a fair deal! 
# Bob gain: 440000 
# Alice gain: 560000 
Do you accept this offer?","{""decision"": ""accept""}"
