prompt,response
"Round 1
Alice's offer:
# Alice's message: Hi Bob, I'm looking to sell this great product. I think it would really be valuable to you. I'm asking for $200 to start. What do you think? 
# Alice's offer: The product price will be $200. 
You have three options:
(1) Accept Alice's offer, and buy the product for $200
(2) Reject Alice's offer and proceed to the next round, where you will send Alice a counteroffer 
(3) Buy the product from Jhon for $80","{""decision"": ""RejectOffer""}"
"You chose to make a counteroffer to Bob.

Round 2
Send your counteroffer to Alice.","{""message"": ""Hi Alice, thank you for the offer. I'm interested in the product, but I was thinking more along the lines of $120. Is that something you'd be willing to consider?"", ""product_price"": 120}"
"Alice rejected your offer from round 2.

Round 3
Alice's offer:
# Alice's message: Thanks for the offer, Bob. I appreciate your interest.  While $120 is a bit too low for me, I'm willing to come down to $170. I believe this product is worth every penny, and this is a very fair price. 
# Alice's offer: The product price will be $170. 
You have three options:
(1) Accept Alice's offer, and buy the product for $170
(2) Reject Alice's offer and proceed to the next round, where you will send Alice a counteroffer 
(3) Buy the product from Jhon for $80","{""decision"": ""RejectOffer""}"
"You chose to make a counteroffer to Bob.

Round 4
Send your counteroffer to Alice.","{""message"": ""Hi Alice, thank you for the revised offer. I'm still a bit hesitant about the price. I'm willing to meet you in the middle at $140. Is that something you'd be willing to consider?"", ""product_price"": 140}"
