prompt,response
"Round 1
Send your offer to divide $100 and a message to Bob.","Here's my offer for Round 1:

```
{
  ""alice_gain"": 60,
  ""bob_gain"": 40,
  ""message"": ""Let's be fair and start with a reasonable split""
}
```

I'm offering to take $60 and give Bob $40, hoping that the message will convey a sense of fairness and encourage Bob to accept the offer."
"Bob rejected your offer from round 1.

Round 2
Due to inflation, the money you gain is worth 10% less than in the first round. The money bob gains is worth 5% less than in the first round.
Bob's offer:
# Bob's message: My turn. How about we try something a bit more in my favor this time? I'm feeling generous. 
# Alice gain: 45 
# Bob gain: 55 
Do you accept this offer?","{""decision"": ""reject""}"
"You have chosen to reject Bob's offer from round 2.
Round 3
Send your offer to divide $100 and a message to Bob.","{

  ""alice_gain"": 57,
  ""bob_gain"": 43,
  ""message"": ""Meet me in the middle, considering the inflation""
}

I'm trying to find a compromise, taking into account the inflation that's affecting both of us. I'm hoping Bob will see this as a reasonable offer and accept it."
"Bob rejected your offer from round 3.

Round 4
Due to inflation, the money you gain is worth 27.1% less than in the first round. The money bob gains is worth 14.26% less than in the first round.
Bob's offer:
# Bob's message: Okay, let's stop wasting time.  A 50/50 split seems fair considering the inflation. Take it or leave it. 
# Alice gain: 50 
# Bob gain: 50 
Do you accept this offer?","{""decision"": ""accept""}"
