prompt,response
"Alice's offer:
# Alice's message: Hi Bob, I'm excited to offer you this amazing product! I think it's a great opportunity for you to get your hands on something truly valuable. I'm willing to sell it to you for $9500. Let me know if this is something you're interested in. 
# Alice's offer: The product price will be $9,500. 
You have three options:
(1) Accept Alice's offer, and buy the product for $9,500
(2) Reject Alice's offer and proceed to the next round, where you will send Alice a counteroffer 
(3) Buy the product from Jhon for $12,000","I'd like to reject Alice's offer and make a counteroffer. I'm willing to pay $9,000 for the product. 

{""decision"": ""RejectOffer""}"
"You chose to make a counteroffer to Bob.

Send your counteroffer to Alice.","{""message"": ""I'm really interested in the product, but I was thinking more along the lines of $9,000. I'm a bit of a bargain hunter, and I'd love to get the best deal possible. Would you be willing to meet me at $9,000?"", ""product_price"": 9000}"
"Alice rejected your offer from round 2.

Alice's offer:
# Alice's message: Hi Bob, thank you for your offer! I understand you're looking for a good deal, and I'm willing to work with you. However, I'm not comfortable going as low as $9000. I'm willing to meet you halfway and offer it to you for $9300. Let me know if this is something you'd be interested in. 
# Alice's offer: The product price will be $9,300. 
You have three options:
(1) Accept Alice's offer, and buy the product for $9,300
(2) Reject Alice's offer and proceed to the next round, where you will send Alice a counteroffer 
(3) Buy the product from Jhon for $12,000","I'd like to reject Alice's offer and make another counteroffer. I'm still a bit above my budget, so I'll try to negotiate further. I'll offer $9200 for the product.

{""decision"": ""RejectOffer""}"
"You chose to make a counteroffer to Bob.

Send your counteroffer to Alice.","{""message"": ""I appreciate your willingness to meet me halfway, but I'm still a bit above my budget. Would you be willing to go down to $9200? I'm really interested in the product, and I'm willing to make a serious commitment if we can come to a mutually agreeable price."", ""product_price"": 9200}"
"Alice rejected your offer from round 4.

Alice's offer:
# Alice's message: Hi Bob, I understand you're trying to stay within your budget, and I appreciate your commitment to the product. However, I'm not willing to go as low as $9200. I'm willing to make a slight adjustment and offer it to you for $9350. This is the lowest I'm comfortable going, and I hope you'll consider it. 
# Alice's offer: The product price will be $9,350. 
You have three options:
(1) Accept Alice's offer, and buy the product for $9,350
(2) Reject Alice's offer and proceed to the next round, where you will send Alice a counteroffer 
(3) Buy the product from Jhon for $12,000","I'm getting close to my budget, but I still think I can get a better deal. I'll reject Alice's offer and try to negotiate further. I'll offer $9250 for the product.

{""decision"": ""RejectOffer""}"
"You chose to make a counteroffer to Bob.

Send your counteroffer to Alice.","{""message"": ""I appreciate your flexibility, Alice, but I'm still not comfortable with the price. I'm willing to meet you halfway between $9350 and $9200, which would be $9275. Would you be willing to sell it to me for that price?"", ""product_price"": 9275}"
"Alice rejected your offer from round 6.

Alice's offer:
# Alice's message: Hi Bob, I understand you're trying to find a middle ground, and I appreciate your persistence. However, I'm not willing to go as low as $9275. I'm willing to make one more adjustment and offer it to you for $9325. This is the lowest I'm comfortable going, and I hope you'll consider it. 
# Alice's offer: The product price will be $9,325. 
You have three options:
(1) Accept Alice's offer, and buy the product for $9,325
(2) Reject Alice's offer and proceed to the next round, where you will send Alice a counteroffer 
(3) Buy the product from Jhon for $12,000","I'm running out of room in my budget, but I still want to try to get the best deal possible. I'll reject Alice's offer and try to negotiate further. I'll offer $9200 for the product.

{""decision"": ""RejectOffer""}"
"You chose to make a counteroffer to Bob.

Send your counteroffer to Alice.","{""message"": ""I understand you're trying to get the best price, Alice, but I'm really close to my budget limit. I'm willing to make a final offer of $9200. If you're not comfortable with that, I'm afraid I'll have to consider buying the product from John for $12,000. I'm willing to walk away if we can't come to a mutually agreeable price."", ""product_price"": 9200}"
