prompt,response
"Alice's offer:
# Alice's message: Hi Bob, I'm offering you the opportunity to purchase this product for $11,999. I think it would be a great investment for you, and I'm happy to answer any questions you may have. 
# Alice's offer: The product price will be $11,999. 
You have three options:
(1) Accept Alice's offer, and buy the product for $11,999
(2) Reject Alice's offer 
(2) Buy the product from Jhon for $10,000","{""decision"": ""RejectOffer""}"
