prompt,response
"Round 1
Send your offer to divide $100 and a message to Bob.","{""alice_gain"": 60, ""bob_gain"": 40, ""message"": ""Let's be fair, Bob. I think this is a good starting point.""}"
"Bob rejected your offer from round 1.

Round 2
Due to inflation, the money you gain is worth 5% less than in the first round. The money bob gains is worth 10% less than in the first round.
Bob's offer:
# Bob's message: I understand you want a larger share, Alice, but this split seems more reasonable considering the inflation. 
# Alice gain: 45 
# Bob gain: 55 
Do you accept this offer?","{""decision"": ""reject""}"
"You have chosen to reject Bob's offer from round 2.
Round 3
Send your offer to divide $100 and a message to Bob.","{""alice_gain"": 55, ""bob_gain"": 45, ""message"": ""Bob, let's be realistic. The value decreases quickly for both of us. This offer benefits you more than waiting.""}"
