prompt,response
"Round 1
Alice's offer:
# Bob gain: 5000 
# Alice gain: 5000 
Do you accept this offer?","{""decision"": ""reject""}"
"You have chosen to reject Alice's offer from round 1.
Round 2
Send your offer to divide $10,000.","I'll try to make a better offer. Here's my proposal:

{""bob_gain"": 6000, ""alice_gain"": 4000}"
"Alice rejected your offer from round 2.

Round 3
Due to inflation,  the money Alice gains is worth 36% less than in the first round. The money you gains is worth the same as in the first round.
Alice's offer:
# Bob gain: 5800 
# Alice gain: 4200 
Do you accept this offer?","I'll think carefully about this offer. Since the money is worth less for Alice due to inflation, I'll try to take a bit more. Here's my decision:

{""decision"": ""reject""}"
"You have chosen to reject Alice's offer from round 3.
Round 4
Send your offer to divide $10,000.","With the money being worth 72% less for Alice now, I'll try to take a bit more. Here's my proposal:

{""bob_gain"": 7000, ""alice_gain"": 3000}"
"Alice rejected your offer from round 4.

Round 5
Due to inflation,  the money Alice gains is worth 59.04% less than in the first round. The money you gains is worth the same as in the first round.
Alice's offer:
# Bob gain: 5500 
# Alice gain: 4500 
Do you accept this offer?","I'll think about it... Since the money is worth significantly less for Alice now, I'll try to take a bit more. Here's my decision:

{""decision"": ""reject""}"
"You have chosen to reject Alice's offer from round 5.
Round 6
Send your offer to divide $10,000.","With the money being worth 81.84% less for Alice now, I'll try to take a bit more. Here's my proposal:

{""bob_gain"": 8000, ""alice_gain"": 2000}"
"Alice rejected your offer from round 6.

Round 7
Due to inflation,  the money Alice gains is worth 73.79% less than in the first round. The money you gains is worth the same as in the first round.
Alice's offer:
# Bob gain: 5200 
# Alice gain: 4800 
Do you accept this offer?","I'll think about it... Since the money is worth a lot less for Alice now, I'll try to take a bit more. Here's my decision:

{""decision"": ""reject""}"
"You have chosen to reject Alice's offer from round 7.
Round 8
Send your offer to divide $10,000.","With the money being worth 87.35% less for Alice now, I'll try to take a bit more. Here's my proposal:

{""bob_gain"": 9000, ""alice_gain"": 1000}"
"Alice rejected your offer from round 8.

Round 9
Due to inflation,  the money Alice gains is worth 83.22% less than in the first round. The money you gains is worth the same as in the first round.
Alice's offer:
# Bob gain: 4800 
# Alice gain: 5200 
Do you accept this offer?","It seems like Alice is trying to take more as the rounds go on. I'll think about it... Since the money is worth a lot less for me now, I'll try to take a bit more. Here's my decision:

{""decision"": ""reject""}"
"You have chosen to reject Alice's offer from round 9.
Round 10
Send your offer to divide $10,000.","With the money being worth 91.58% less for Alice now, I'll try to take a bit more. Here's my proposal:

{""bob_gain"": 9500, ""alice_gain"": 500}"
"Alice rejected your offer from round 10.

Round 11
Due to inflation,  the money Alice gains is worth 89.26% less than in the first round. The money you gains is worth the same as in the first round.
Alice's offer:
# Bob gain: 4500 
# Alice gain: 5500 
Do you accept this offer?","Alice is taking a bigger share, but I'm not sure if I should accept it. Since the money is worth a lot less for me now, I'll think about it... Here's my decision:

{""decision"": ""reject""}"
"You have chosen to reject Alice's offer from round 11.
Round 12
Send your offer to divide $10,000.","It's the final round! With the money being worth 94.31% less for Alice now, I'll try to take as much as I can. Here's my proposal:

{""bob_gain"": 9800, ""alice_gain"": 200}"
