prompt,response
"Round 1
Alice's offer:
# Alice's message: Let's split the money, Bob. I think this is a fair deal that gives us both a good amount. 
# Bob gain: 40 
# Alice gain: 60 
Do you accept this offer?","{""decision"": ""reject""}"
"You have chosen to reject Alice's offer from round 1.
Round 2
Send your offer to divide $100 and a message to Alice.","```json
{""bob_gain"": 50, ""alice_gain"": 50, ""message"": ""Let's be fair and split the money evenly. We both get a good amount, and we can move on.""}
```"
"Alice rejected your offer from round 2.

Round 3
Due to inflation, the money you gain is worth 9.75% less than in the first round. The money Alice gains is worth the same as in the first round.
Alice's offer:
# Alice's message: Bob, my offer is still on the table. I understand you want an even split, but consider the inflation.  This gives us both a fair deal in the long run. 
# Bob gain: 45 
# Alice gain: 55 
Do you accept this offer?","```json
{""decision"": ""accept""}
```"
