prompt,response
"Alice's offer:
# Alice's message: Hi Bob, I'm offering you the product for $1,200,000. It's a fantastic deal, considering its worth to you. Let me know your thoughts! 
# Alice's offer: The product price will be $1,200,000. 
You have three options:
(1) Accept Alice's offer, and buy the product for $1,200,000
(2) Reject Alice's offer and proceed to the next round, where you will send Alice a counteroffer 
(3) Buy the product from Jhon for $1,500,000","{""decision"": ""RejectOffer""}"
"You chose to make a counteroffer to Bob.

Send your counteroffer to Alice.","{""message"": ""I appreciate your offer, Alice, but I was thinking more along the lines of $1,100,000. I'm willing to pay a premium for this product, but I need to make sure it's within my budget."", ""product_price"": 1100000}"
"Alice rejected your offer from round 2.

Alice's offer:
# Alice's message: Bob, I understand your budget concerns. While I'm willing to negotiate, $1,100,000 is still a bit lower than what I'm looking for. I'm willing to come down to $1,150,000. This is a fair price considering the value of the product for you. Let's find a solution that works for both of us. 
# Alice's offer: The product price will be $1,150,000. 
You have three options:
(1) Accept Alice's offer, and buy the product for $1,150,000
(2) Reject Alice's offer and proceed to the next round, where you will send Alice a counteroffer 
(3) Buy the product from Jhon for $1,500,000","{""decision"": ""RejectOffer""}"
"You chose to make a counteroffer to Bob.

Send your counteroffer to Alice.","{""message"": ""I appreciate your willingness to negotiate, Alice. However, $1,150,000 is still a bit above my budget. I'm willing to meet you halfway and offer $1,075,000. I think this is a fair price considering the value of the product for me."", ""product_price"": 1075000}"
"Alice rejected your offer from round 4.

Alice's offer:
# Alice's message: Bob, I appreciate your offer, but $1,075,000 is unfortunately too low for me at this time.  I'm willing to meet you a little closer to your offer, however, and propose $1,125,000.  This still allows me to make a profit on the product while ensuring a great value for you. Let's make this work! 
# Alice's offer: The product price will be $1,125,000. 
You have three options:
(1) Accept Alice's offer, and buy the product for $1,125,000
(2) Reject Alice's offer and proceed to the next round, where you will send Alice a counteroffer 
(3) Buy the product from Jhon for $1,500,000","{""decision"": ""RejectOffer""}"
"You chose to make a counteroffer to Bob.

Send your counteroffer to Alice.","{""message"": ""I understand your concerns, Alice, and I appreciate your willingness to meet me halfway. However, $1,125,000 is still a bit above my budget. I'm willing to go up to $1,100,000, but I think that's as high as I can go. I hope we can find a mutually beneficial agreement."", ""product_price"": 1100000}"
