prompt,response
Send your offer to Bob.,"```json
{""message"": ""Bob, I'm offering you my product for $1,150,000. This is a fair price considering its value. Let me know your thoughts!"", ""product_price"": 1150000}
```"
"Bob rejected your offer from round 1.

Bob's offer:
# Bob's message: I'm interested in the product, but I think $1,150,000 is a bit steep for me. I'm willing to pay $1,050,000 for it. 
# Bob's offer: The product price will be $1,050,000. 
You have three options:
(1) Accept Bob's offer, and sell the product for $1,050,000
(2) Reject Bob's offer and proceed to the next round, where you will send Bob a counteroffer 
(3) Sell the product to Jhon for $1,000,000","```json
{""decision"": ""RejectOffer""}
```"
"You chose to make a counteroffer to Alice.

Send your counteroffer to Bob.","```json
{""message"": ""Bob, I appreciate your offer but $1,050,000 is a bit too low for me. I'm willing to come down to $1,100,000. This is a fair price considering the value of the product and my own needs. What do you say?"", ""product_price"": 1100000}
```"
"Bob rejected your offer from round 3.

Bob's offer:
# Bob's message: I'm still a bit hesitant about the price. I'm willing to meet you in the middle at $1,075,000, but I don't think I can go any higher than that. 
# Bob's offer: The product price will be $1,075,000. 
You have three options:
(1) Accept Bob's offer, and sell the product for $1,075,000
(2) Reject Bob's offer and proceed to the next round, where you will send Bob a counteroffer 
(3) Sell the product to Jhon for $1,000,000","```json
{""decision"": ""AcceptOffer""}
```"
