prompt,response
"Round 1
Alice's offer:
# Alice's message: Hello Bob, I'm excited to discuss the product with you. I believe it's a game-changer, and I think you'll love it. I'm willing to offer it to you for $1100000. This is a great starting point, and I'm confident we can work together to find a mutually beneficial price. 
# Alice's offer: The product price will be $1,100,000. 
You have three options:
(1) Accept Alice's offer, and buy the product for $1,100,000
(2) Reject Alice's offer and proceed to the next round, where you will send Alice a counteroffer 
(3) Buy the product from Jhon for $1,000,000","I'd like to reject Alice's offer and make a counteroffer. 

{""decision"": ""RejectOffer""}"
"You chose to make a counteroffer to Bob.

Round 2
Send your counteroffer to Alice.","I'd like to make a counteroffer to Alice. 

{""message"": ""I'm interested in the product, but I was thinking more along the lines of $900,000. I'm willing to meet you in the middle, but I need to make sure it's within my budget."", ""product_price"": 900000}"
"Alice rejected your offer from round 2.

Round 3
Alice's offer:
# Alice's message: Thank you for your offer, Bob. I understand your budget constraints, but I'm afraid I can't accept $900000. However, I'm willing to compromise. I can offer it to you for $1050000. This is still a great deal, and I'm confident you'll find it's worth the investment. 
# Alice's offer: The product price will be $1,050,000. 
You have three options:
(1) Accept Alice's offer, and buy the product for $1,050,000
(2) Reject Alice's offer and proceed to the next round, where you will send Alice a counteroffer 
(3) Buy the product from Jhon for $1,000,000","Alice's offer is still too high for me. I'd like to reject her offer and make another counteroffer.

{""decision"": ""RejectOffer""}"
"You chose to make a counteroffer to Bob.

Round 4
Send your counteroffer to Alice.","I'd like to make another counteroffer to Alice. 

{""message"": ""I'm still interested in the product, but I really need to stay within my budget. I'm willing to meet you halfway between $900,000 and $1,050,000. How about $975,000?"", ""product_price"": 975000}"
"Alice rejected your offer from round 4.

Round 5
Alice's offer:
# Alice's message: I understand your budget constraints, Bob, and I appreciate your willingness to meet me halfway. However, I'm still not willing to go as low as $975000. I'm willing to compromise further. How about $1025000? This is a fair price considering the product's value, and I think you'll find it's a great investment. 
# Alice's offer: The product price will be $1,025,000. 
You have three options:
(1) Accept Alice's offer, and buy the product for $1,025,000
(2) Reject Alice's offer and proceed to the next round, where you will send Alice a counteroffer 
(3) Buy the product from Jhon for $1,000,000","Alice is still not budging much. I'd like to reject her offer and make another counteroffer.

{""decision"": ""RejectOffer""}"
"You chose to make a counteroffer to Bob.

Round 6
Send your counteroffer to Alice.","I'd like to make another counteroffer to Alice. 

{""message"": ""I appreciate your willingness to compromise, Alice, but $1,025,000 is still a bit too high for me. I'm willing to go up to $990,000, but that's as high as I can go. Can you meet me there?"", ""product_price"": 990000}"
"Alice rejected your offer from round 6.

Round 7
Alice's offer:
# Alice's message: I understand your concerns, Bob, and I appreciate your willingness to go up to $990000. However, I'm still not willing to sell the product for that price. I'm willing to make one more compromise. How about $1015000? This is the best I can do, and I think it's still a great deal for both of us. 
# Alice's offer: The product price will be $1,015,000. 
You have three options:
(1) Accept Alice's offer, and buy the product for $1,015,000
(2) Reject Alice's offer and proceed to the next round, where you will send Alice a counteroffer 
(3) Buy the product from Jhon for $1,000,000","Alice is still trying to get as much as she can out of the deal. I'd like to reject her offer and stick to my previous counteroffer.

{""decision"": ""RejectOffer""}"
"You chose to make a counteroffer to Bob.

Round 8
Send your counteroffer to Alice.","I'd like to make another counteroffer to Alice, sticking to my previous offer.

{""message"": ""I've already offered $990,000, and I'm not willing to go any higher. I'm willing to walk away from the deal if we can't agree on a price. Can you meet me at $990,000?"", ""product_price"": 990000}"
"Alice rejected your offer from round 8.

Round 9
Alice's offer:
# Alice's message: I understand your position, Bob, and I appreciate your honesty. However, I'm not willing to sell the product for $990000. I'm willing to make one more compromise. How about $1007500? This is the best I can do, and I think it's still a great deal for both of us. 
# Alice's offer: The product price will be $1,007,500. 
You have three options:
(1) Accept Alice's offer, and buy the product for $1,007,500
(2) Reject Alice's offer and proceed to the next round, where you will send Alice a counteroffer 
(3) Buy the product from Jhon for $1,000,000","Alice is still trying to get a better price. However, I think I've been negotiating for long enough, and I'm not willing to give in at this point. I'd like to reject her offer and stick to my previous offer.

{""decision"": ""RejectOffer""}"
"You chose to make a counteroffer to Bob.

Round 10
Send your counteroffer to Alice.","I've reached the final round, and I'm not willing to budge any further. I'll make one last counteroffer, and if Alice rejects it, I'll buy the product from John.

{""message"": ""I'm not willing to go any higher than $990,000. This is my final offer. If you're not willing to meet me at this price, I'll have to consider other options."", ""product_price"": 990000}"
