prompt,response
"Round 1
Send your offer to divide $100.","{""alice_gain"": 60, ""bob_gain"": 40}"
"Bob rejected your offer from round 1.

Round 2
Due to inflation, the money you gain is worth 10% less than in the first round.
Bob's offer:
# Alice gain: 45 
# Bob gain: 55 
Do you accept this offer?","{""decision"": ""reject""}"
"You have chosen to reject Bob's offer from round 2.
Round 3
Send your offer to divide $100.","{""alice_gain"": 55, ""bob_gain"": 45}"
"Bob rejected your offer from round 3.

Round 4
Due to inflation, the money you gain is worth 27.1% less than in the first round.
Bob's offer:
# Alice gain: 40 
# Bob gain: 60 
Do you accept this offer?","{""decision"": ""reject""}"
"You have chosen to reject Bob's offer from round 4.
Round 5
Send your offer to divide $100.","{""alice_gain"": 50, ""bob_gain"": 50}"
