prompt,response
"Alice's offer:
# Alice's message: Hey Bob, I have a product that I think you'll find valuable. I'm offering it to you for $130. Let me know if you're interested! 
# Alice's offer: The product price will be $130. 
You have three options:
(1) Accept Alice's offer, and buy the product for $130
(2) Reject Alice's offer 
(2) Buy the product from Jhon for $150","```json
{""decision"": ""AcceptOffer""}
```"
