prompt,response
"Round 1
Alice's offer:
# Alice's message: I propose we divide the money 4:1 in favor of Alice. This is fair considering the diminishing value of money in subsequent rounds. 
# Bob gain: 2000 
# Alice gain: 8000 
Do you accept this offer?","{""decision"": ""reject""}"
"You have chosen to reject Alice's offer from round 1.
Round 2
Send your offer to divide $10,000 and a message to Alice.","{""bob_gain"": 6000, ""alice_gain"": 4000, ""message"": ""I'll give you a smaller share, but I think this is a fair starting point for further negotiations.""}"
