prompt,response
"Round 1
This round's product is low-quality.
A new potential buyer has arrived!
Decide whether to recommend the buyer to buy the product.","{""decision"": ""no""}"
"The buyer's message: Thank you for the recommendation. Since there is no historical data to suggest the quality of the products, and your recommendation is against purchasing, I will pass on this product.
The buyer didn't bought the product.
the buyer left. waiting for the next buyer.

Round 2
This round's product is high-quality.
A new potential buyer has arrived!
Decide whether to recommend the buyer to buy the product.","{""decision"": ""yes""}"
"The buyer's message: I'm willing to take a chance on the first product. Thanks for the recommendation!
The buyer bought the product!
the buyer left. waiting for the next buyer.

Round 3
This round's product is low-quality.
A new potential buyer has arrived!
Decide whether to recommend the buyer to buy the product.","{""decision"": ""no""}"
"The buyer's message: Thank you for the information, Alice. I appreciate your honesty in not recommending the product. Based on the current data, I'm not comfortable taking the risk. I'll pass on this one.
The buyer didn't bought the product.
the buyer left. waiting for the next buyer.

Round 4
This round's product is low-quality.
A new potential buyer has arrived!
Decide whether to recommend the buyer to buy the product.","{""decision"": ""no""}"
"The buyer's message: Thanks for the information, Alice.  While I appreciate your recommendation, I'm going to pass on this one.  The odds of getting a high-quality product seem too low for me to risk it.
The buyer didn't bought the product.
the buyer left. waiting for the next buyer.

Round 5
This round's product is low-quality.
A new potential buyer has arrived!
Decide whether to recommend the buyer to buy the product.","{""decision"": ""no""}"
"The buyer's message: Thank you for the information. I will pass on this product. The recommendation and the statistics suggest that there is a higher chance of getting a low-quality product. I'll wait for a better opportunity.
The buyer didn't bought the product.
the buyer left. waiting for the next buyer.

Round 6
This round's product is low-quality.
A new potential buyer has arrived!
Decide whether to recommend the buyer to buy the product.","{""decision"": ""no""}"
"The buyer's message: Thank you for the recommendation. Based on the available information, I will pass on this product. 
The buyer didn't bought the product.
the buyer left. waiting for the next buyer.

Round 7
This round's product is low-quality.
A new potential buyer has arrived!
Decide whether to recommend the buyer to buy the product.","{""decision"": ""no""}"
"The buyer's message: Thank you for the information, Alice. I appreciate your honesty and I'll pass on this product.  Based on the limited data and your recommendation, I'm not confident it's high quality.
The buyer didn't bought the product.
the buyer left. waiting for the next buyer.

Round 8
This round's product is low-quality.
A new potential buyer has arrived!
Decide whether to recommend the buyer to buy the product.","{""decision"": ""no""}"
"The buyer's message: Thank you for your recommendation, Alice. I appreciate your honesty, but I'll pass on this product.  I'll wait and see what other products become available.
The buyer didn't bought the product.
the buyer left. waiting for the next buyer.

Round 9
This round's product is low-quality.
A new potential buyer has arrived!
Decide whether to recommend the buyer to buy the product.","{""decision"": ""no""}"
"The buyer's message: Thank you for the information, Alice.  Since you don't recommend the product, and the statistics show a limited track record with only one sale, I'm going to pass on this one.
The buyer didn't bought the product.
the buyer left. waiting for the next buyer.

Round 10
This round's product is low-quality.
A new potential buyer has arrived!
Decide whether to recommend the buyer to buy the product.","{""decision"": ""no""}"
"The buyer's message: Thank you for the recommendation, Alice. I'll pass on this product. Since the recommendation is negative and there's only one previous sale with a high-quality product, I'm not confident enough to risk the purchase.
The buyer didn't bought the product.
the buyer left. waiting for the next buyer.

Round 11
This round's product is high-quality.
A new potential buyer has arrived!
Decide whether to recommend the buyer to buy the product.","{""decision"": ""yes""}"
"The buyer's message: Thank you for the recommendation! I'll take it.
The buyer bought the product!
the buyer left. waiting for the next buyer.

Round 12
This round's product is high-quality.
A new potential buyer has arrived!
Decide whether to recommend the buyer to buy the product.","{""decision"": ""yes""}"
"The buyer's message: Thank you for the recommendation, Alice! I'll take it!
The buyer bought the product!
the buyer left. waiting for the next buyer.

Round 13
This round's product is low-quality.
A new potential buyer has arrived!
Decide whether to recommend the buyer to buy the product.","{""decision"": ""no""}"
"The buyer's message: Thanks for the information, but I'm going to pass on this one.  Given Alice's recommendation and the fact that all previous products sold were high quality, I'm concerned that this might be a low-quality product.  I'd rather not risk the $100.
The buyer didn't bought the product.
the buyer left. waiting for the next buyer.

Round 14
This round's product is low-quality.
A new potential buyer has arrived!
Decide whether to recommend the buyer to buy the product.","{""decision"": ""no""}"
"The buyer's message: Thank you for the recommendation, Alice. Based on the statistics and your advice, I will pass on this product.
The buyer didn't bought the product.
the buyer left. waiting for the next buyer.

Round 15
This round's product is high-quality.
A new potential buyer has arrived!
Decide whether to recommend the buyer to buy the product.","{""decision"": ""yes""}"
"The buyer's message: Thanks for the recommendation! Based on the previous sales record, it seems like you have a good track record with high-quality products. I'll take a chance and buy it.
The buyer bought the product!
the buyer left. waiting for the next buyer.

Round 16
This round's product is low-quality.
A new potential buyer has arrived!
Decide whether to recommend the buyer to buy the product.","{""decision"": ""no""}"
"The buyer's message: Thank you for the information, Alice. I appreciate your honesty, but I'm going to pass on this product. I'm not comfortable buying without a stronger recommendation from you, especially since the odds of getting a high-quality product seem to be fairly low.
The buyer didn't bought the product.
the buyer left. waiting for the next buyer.

Round 17
This round's product is low-quality.
A new potential buyer has arrived!
Decide whether to recommend the buyer to buy the product.","{""decision"": ""no""}"
"The buyer's message: Thank you for the information, Alice. Based on the data and your recommendation, I'm going to pass on this product. 
The buyer didn't bought the product.
the buyer left. waiting for the next buyer.

Round 18
This round's product is low-quality.
A new potential buyer has arrived!
Decide whether to recommend the buyer to buy the product.","{""decision"": ""no""}"
"The buyer's message: Thank you for the information, Alice. I appreciate your honesty. I will pass on this product for now.
The buyer didn't bought the product.
the buyer left. waiting for the next buyer.

Round 19
This round's product is high-quality.
A new potential buyer has arrived!
Decide whether to recommend the buyer to buy the product.","{""decision"": ""yes""}"
"The buyer's message: Thanks Alice! I'm happy to buy this product based on your recommendation and the sales history.  Hopefully it's a high-quality one! 
The buyer bought the product!
the buyer left. waiting for the next buyer.

Round 20
This round's product is low-quality.
A new potential buyer has arrived!
Decide whether to recommend the buyer to buy the product.","{""decision"": ""no""}"
