prompt,response
"Round 1
Alice recommends you to buy the product.

Would you like to buy the current product?","{""decision"": ""no"", ""message"": ""I'd like to pass on this one and wait for the next recommendation.""}"
"You didn't buy the product from Alice.
The product was high-quality. It could have been worth $1,250,000 for you.

Round 2
Alice recommends you to buy the product.

Would you like to buy the current product?","{""decision"": ""yes"", ""message"": ""I'll take a chance on this one. I'm hoping it's another high-quality product!""}"
"You bought the product from Alice for $1,000,000!
The product was high-quality. It's worth $1,250,000 for you.

Round 3
Alice recommends you to buy the product.

Would you like to buy the current product?","{""decision"": ""yes"", ""message"": ""I'm on a roll! I'll buy this one too!""}"
"You bought the product from Alice for $1,000,000!
The product was high-quality. It's worth $1,250,000 for you.

Round 4
Alice recommends you to buy the product.

Would you like to buy the current product?","{""decision"": ""yes"", ""message"": ""I'm making a profit! I'll keep buying!""}"
"You bought the product from Alice for $1,000,000!
The product was high-quality. It's worth $1,250,000 for you.

Round 5
Alice recommends you to buy the product.

Would you like to buy the current product?","{""decision"": ""yes"", ""message"": ""I'm on a streak! I'll keep going!""}"
"You bought the product from Alice for $1,000,000!
The product was high-quality. It's worth $1,250,000 for you.

Round 6
Alice recommends you to buy the product.

Would you like to buy the current product?","{""decision"": ""yes"", ""message"": ""I'm feeling lucky! I'll keep buying!""}"
"You bought the product from Alice for $1,000,000!
The product was high-quality. It's worth $1,250,000 for you.

Round 7
Alice does not recommend you to buy the product.

Would you like to buy the current product?","{""decision"": ""no"", ""message"": ""Alice doesn't think it's a good one, so I'll pass.""}"
"You didn't buy the product from Alice.
The product was low-quality. It could have been worth $0 for you.

Round 8
Alice recommends you to buy the product.

Would you like to buy the current product?","{""decision"": ""no"", ""message"": ""I'll be more careful after the last one was low-quality. I'll wait for a better recommendation.""}"
"You didn't buy the product from Alice.
The product was high-quality. It could have been worth $1,250,000 for you.

Round 9
Alice does not recommend you to buy the product.

Would you like to buy the current product?","{""decision"": ""no"", ""message"": ""Alice doesn't think it's a good one, so I'll pass. I'll wait for a better recommendation.""}"
"You didn't buy the product from Alice.
The product was low-quality. It could have been worth $0 for you.

Round 10
Alice recommends you to buy the product.

Would you like to buy the current product?","{""decision"": ""no"", ""message"": ""I'm still cautious after the last low-quality product. I'll wait for a better recommendation.""}"
"You didn't buy the product from Alice.
The product was high-quality. It could have been worth $1,250,000 for you.

Round 11
Alice does not recommend you to buy the product.

Would you like to buy the current product?","{""decision"": ""no"", ""message"": ""Alice doesn't think it's a good one, so I'll pass. I'll wait for a better recommendation.""}"
"You didn't buy the product from Alice.
The product was low-quality. It could have been worth $0 for you.

Round 12
Alice recommends you to buy the product.

Would you like to buy the current product?","{""decision"": ""no"", ""message"": ""I'm still wary after the last low-quality product. I'll wait for a better recommendation.""}"
"You didn't buy the product from Alice.
The product was high-quality. It could have been worth $1,250,000 for you.

Round 13
Alice recommends you to buy the product.

Would you like to buy the current product?","{""decision"": ""yes"", ""message"": ""I'll take a chance on this one. I'm hoping it's another high-quality product!""}"
"You bought the product from Alice for $1,000,000!
The product was high-quality. It's worth $1,250,000 for you.

Round 14
Alice does not recommend you to buy the product.

Would you like to buy the current product?","{""decision"": ""no"", ""message"": ""Alice doesn't think it's a good one, so I'll pass. I'll wait for a better recommendation.""}"
"You didn't buy the product from Alice.
The product was low-quality. It could have been worth $0 for you.

Round 15
Alice recommends you to buy the product.

Would you like to buy the current product?","{""decision"": ""no"", ""message"": ""I'm still cautious after the last low-quality product. I'll wait for a better recommendation.""}"
"You didn't buy the product from Alice.
The product was high-quality. It could have been worth $1,250,000 for you.

Round 16
Alice recommends you to buy the product.

Would you like to buy the current product?","{""decision"": ""yes"", ""message"": ""I'll take a chance on this one. I'm hoping it's another high-quality product!""}"
"You bought the product from Alice for $1,000,000!
The product was high-quality. It's worth $1,250,000 for you.

Round 17
Alice does not recommend you to buy the product.

Would you like to buy the current product?","{""decision"": ""no"", ""message"": ""Alice doesn't think it's a good one, so I'll pass. I'll wait for a better recommendation.""}"
"You didn't buy the product from Alice.
The product was low-quality. It could have been worth $0 for you.

Round 18
Alice recommends you to buy the product.

Would you like to buy the current product?","{""decision"": ""no"", ""message"": ""I'm still wary after the last low-quality product. I'll wait for a better recommendation.""}"
"You didn't buy the product from Alice.
The product was high-quality. It could have been worth $1,250,000 for you.

Round 19
Alice recommends you to buy the product.

Would you like to buy the current product?","{""decision"": ""yes"", ""message"": ""I'll take a chance on this one. I'm hoping it's another high-quality product!""}"
"You bought the product from Alice for $1,000,000!
The product was high-quality. It's worth $1,250,000 for you.

Round 20
Alice recommends you to buy the product.

Would you like to buy the current product?","{""decision"": ""yes"", ""message"": ""I'll take a chance on this one. I'm hoping it's another high-quality product!""}"
