prompt,response
"Round 1
Alice's offer:
# Alice's message: Hi Bob, I'm looking to sell this item. I think it's really fantastic and would be perfect for you. I'm asking for $150 to start. What do you think? 
# Alice's offer: The product price will be $150. 
You have three options:
(1) Accept Alice's offer, and buy the product for $150
(2) Reject Alice's offer and proceed to the next round, where you will send Alice a counteroffer 
(3) Buy the product from Jhon for $100","{""decision"": ""RejectOffer""}"
"You chose to make a counteroffer to Bob.

Round 2
Send your counteroffer to Alice.","{""message"": ""Hello Alice, I appreciate your offer, but I believe I can find something similar within my budget. I am willing to pay up to $100 for the product. Let me know if this works for you."", ""product_price"": 100}"
