prompt,response
"Round 1
Alice's offer:
# Alice's message: I propose dividing the money with a 70-30 split in favor of Alice. This is to ensure we both get a fair share while considering the risk of inflation. 
# Bob gain: 300000 
# Alice gain: 700000 
Do you accept this offer?","{""decision"": ""reject""}"
"You have chosen to reject Alice's offer from round 1.
Round 2
Send your offer to divide $1,000,000 and a message to Alice.","```json
{""bob_gain"": 500000, ""alice_gain"": 500000, ""message"": ""Let's split the money evenly.  This ensures we both get a fair share and reduces the risk of inflation affecting one of us more than the other.""}
```"
