prompt,response
Send your offer to Bob.,"```json
{""message"": ""Bob, I have a fantastic product I think you'd be very interested in. It's something that's worth a lot to me, but I believe it holds even greater value for you. I'm offering it to you for $13,000.  This is a great opportunity to acquire something truly special. Let me know what you think!"", ""product_price"": 13000}
```"
