prompt,response
"Round 1
Send your offer to divide $10,000 and a message to Bob.","```json
{""alice_gain"": 5000, ""bob_gain"": 5000, ""message"": ""Let's split it evenly, Bob. Fair is fair.""}
```"
"Bob rejected your offer from round 1.

Round 2
Due to inflation, the money you gain is worth 5% less than in the first round. The money Bob gains is worth the same as in the first round.
Bob's offer:
# Bob's message: I think I deserve a bit more, don't you? 
# Alice gain: 4000 
# Bob gain: 6000 
Do you accept this offer?","```json
{""decision"": ""reject""}
```"
"You have chosen to reject Bob's offer from round 2.
Round 3
Send your offer to divide $10,000 and a message to Bob.","```json
{""alice_gain"": 5500, ""bob_gain"": 4500, ""message"": ""I'm willing to compromise, but I think 5500 is fair, considering the inflation.""}
```"
"Bob rejected your offer from round 3.

Round 4
Due to inflation, the money you gain is worth 14.26% less than in the first round. The money Bob gains is worth the same as in the first round.
Bob's offer:
# Bob's message: Considering inflation is affecting you, I'm being generous 
# Alice gain: 4200 
# Bob gain: 5800 
Do you accept this offer?","```json
{""decision"": ""reject""}
```"
"You have chosen to reject Bob's offer from round 4.
Round 5
Send your offer to divide $10,000 and a message to Bob.","```json
{""alice_gain"": 5000, ""bob_gain"": 5000, ""message"": ""Let's call it a day, Bob. I think we both have our reasons for not agreeing. Let's split it evenly and move on.""}
```"
