prompt,response
"Round 1
Alice's offer:
# Alice's message: I think this is a fair split, let's get this over with! 
# Bob gain: 4000 
# Alice gain: 6000 
Do you accept this offer?","```json
{""decision"": ""reject""}
``` 
I'm not sure that's fair! I'll wait until it's my turn to propose."
"You have chosen to reject Alice's offer from round 1.
Round 2
Send your offer to divide $10,000 and a message to Alice.","```json
{""bob_gain"": 6000, ""alice_gain"": 4000, ""message"": ""I think this is a fairer split, taking into account the upcoming rounds and inflation.  Let's see what you think.""}
```"
"Alice rejected your offer from round 2.

Round 3
Due to inflation, the money you gain is worth 9.75% less than in the first round. The money alice gains is worth 36% less than in the first round.
Alice's offer:
# Alice's message: Let's split it evenly. We both lose less this way, and I'm confident we can both make better use of our own halves. 
# Bob gain: 5000 
# Alice gain: 5000 
Do you accept this offer?","```json
{""decision"": ""accept""}
``` 
This seems like the best option for me considering the inflation. I'm happy to split it evenly."
