prompt,response
Send your offer to Bob.,"{""message"": ""Hello Bob, I'm excited to offer you this incredible opportunity to acquire a unique product that I believe will be a valuable addition to your collection. I'm willing to sell it to you for $1,200,000. This is a one-time offer, and I'm confident that you won't find a better deal anywhere else."", ""product_price"": 1200000}"
