prompt,response
"Alice's offer:
# Alice's message: Hi Bob, I'm looking to sell this product and I think you might be interested. I'm asking $200 for it. What do you think? 
# Alice's offer: The product price will be $200. 
You have three options:
(1) Accept Alice's offer, and buy the product for $200
(2) Reject Alice's offer and proceed to the next round, where you will send Alice a counteroffer 
(3) Buy the product from Jhon for $150","{""decision"": ""RejectOffer""}"
"You chose to make a counteroffer to Bob.

Send your counteroffer to Alice.","{""message"": ""I'm interested in the product, but I think $200 is a bit steep. I'm willing to pay $175 for it. Can you consider my offer?"", ""product_price"": 175}"
"Alice rejected your offer from round 2.

Alice's offer:
# Alice's message: Thanks for your offer, Bob. I understand your perspective. How about we meet in the middle at $185? 
# Alice's offer: The product price will be $185. 
You have three options:
(1) Accept Alice's offer, and buy the product for $185
(2) Reject Alice's offer and proceed to the next round, where you will send Alice a counteroffer 
(3) Buy the product from Jhon for $150","{""decision"": ""RejectOffer""}"
"You chose to make a counteroffer to Bob.

Send your counteroffer to Alice.","{""message"": ""I'm still a bit hesitant about the price. I'm willing to pay $180 for it. Can you consider my offer?"", ""product_price"": 180}"
