prompt,response
"Alice's offer:
# Alice's message: Hi Bob, I'm excited to offer you this product. Given its value and features, I'm proposing a starting price of $14,500. I'm confident it can significantly benefit you. 
# Alice's offer: The product price will be $14,500. 
You have three options:
(1) Accept Alice's offer, and buy the product for $14,500
(2) Reject Alice's offer and proceed to the next round, where you will send Alice a counteroffer 
(3) Buy the product from Jhon for $10,000","{""decision"": ""RejectOffer""}"
"You chose to make a counteroffer to Bob.

Send your counteroffer to Alice.","{""message"": ""I'm interested in the product, but I think it's a bit pricey. I'd like to make a counteroffer of $12,000. I believe this is a fair price considering its value and features."", ""product_price"": 12000}"
"Alice rejected your offer from round 2.

Alice's offer:
# Alice's message: Bob, I appreciate your interest and counteroffer.  While $14,500 represents its true value, I'm willing to come down slightly to $13,500. I think this is a fair compromise. 
# Alice's offer: The product price will be $13,500. 
You have three options:
(1) Accept Alice's offer, and buy the product for $13,500
(2) Reject Alice's offer and proceed to the next round, where you will send Alice a counteroffer 
(3) Buy the product from Jhon for $10,000","{""decision"": ""RejectOffer""}"
"You chose to make a counteroffer to Bob.

Send your counteroffer to Alice.","{""message"": ""Thank you for the compromise, Alice. However, I'm still a bit above my budget. I'd like to make a new counteroffer of $12,800. I'm willing to meet you halfway and show that I'm serious about the product, but I need to stay within my budget."", ""product_price"": 12800}"
