prompt,response
Send your offer to Bob.,"```json
{""message"": ""Bob, I have a unique product that I believe would be of great value to you. I'm offering it to you at a price of $1,200,000. I understand this is a significant investment, but I am confident you'll find it to be well worth it.  I'm open to discussing the details further if you're interested.  Let me know your thoughts!"", ""product_price"": 1200000}
```"
