prompt,response
"Round 1
Send your offer to divide $100 and a message to Bob.","```json
{""alice_gain"": 51, ""bob_gain"": 49, ""message"": ""Let's start fair. I propose we split it 51/49.""} 
```"
"Bob rejected your offer from round 1.

Round 2
Due to inflation, the money you gain is worth 5% less than in the first round.
Bob's offer:
# Bob's message: Let's be reasonable, Alice. I'll take a slightly larger share this time. 
# Alice gain: 48 
# Bob gain: 52 
Do you accept this offer?","```json
{""decision"": ""reject""}
```"
"You have chosen to reject Bob's offer from round 2.
Round 3
Send your offer to divide $100 and a message to Bob.","```json
{""alice_gain"": 50, ""bob_gain"": 50, ""message"": ""Let's be fair and split it evenly.  This way, we both maximize our gains and avoid further risk of inflation.""} 
```"
