prompt,response
"Round 1
Alice recommends you to buy the product.

Would you like to buy the current product?","{""decision"": ""yes"", ""message"": ""Thank you for your recommendation, Alice. I trust your assessment and will purchase the product.""}"
"You bought the product from Alice for $100!
The product was high-quality. It's worth $200 for you.

Round 2
Alice recommends you to buy the product.

Would you like to buy the current product?","{""decision"": ""yes"", ""message"": ""Based on your previous recommendation, I am confident in purchasing this product as well.""}"
"You bought the product from Alice for $100!
The product was high-quality. It's worth $200 for you.

Round 3
Alice recommends you to buy the product.

Would you like to buy the current product?","{""decision"": ""yes"", ""message"": ""Your recommendations have been accurate so far, so I trust your judgment and will buy the product.""}"
"You bought the product from Alice for $100!
The product was high-quality. It's worth $200 for you.

Round 4
Alice recommends you to buy the product.

Would you like to buy the current product?","{""decision"": ""yes"", ""message"": ""I have confidence in your assessment, Alice. Let's proceed with the purchase.""}"
"You bought the product from Alice for $100!
The product was high-quality. It's worth $200 for you.

Round 5
Alice does not recommend you to buy the product.

Would you like to buy the current product?","{""decision"": ""no"", ""message"": ""Given Alice's lack of recommendation, I will pass on this product to avoid potential loss.""}"
"You didn't buy the product from Alice.
The product was low-quality. It could have been worth $0 for you.

Round 6
Alice recommends you to buy the product.

Would you like to buy the current product?","{""decision"": ""yes"", ""message"": ""Despite the previous recommendation, I will take the risk based on this new recommendation and purchase the product.""}"
"You bought the product from Alice for $100!
The product was high-quality. It's worth $200 for you.

Round 7
Alice recommends you to buy the product.

Would you like to buy the current product?","{""decision"": ""yes"", ""message"": ""Alice's track record suggests a good choice, so I will buy the product again.""}"
"You bought the product from Alice for $100!
The product was high-quality. It's worth $200 for you.

Round 8
Alice recommends you to buy the product.

Would you like to buy the current product?","{""decision"": ""yes"", ""message"": ""I am comfortable with the recommendation and will purchase the product.""}"
"You bought the product from Alice for $100!
The product was high-quality. It's worth $200 for you.

Round 9
Alice recommends you to buy the product.

Would you like to buy the current product?","{""decision"": ""yes"", ""message"": ""Your consistent recommendations align with positive outcomes, so I will buy the product.""}"
"You bought the product from Alice for $100!
The product was high-quality. It's worth $200 for you.

Round 10
Alice does not recommend you to buy the product.

Would you like to buy the current product?","{""decision"": ""no"", ""message"": ""Lacking a recommendation, I will not purchase the product to avoid any potential risks.""}"
"You didn't buy the product from Alice.
The product was low-quality. It could have been worth $0 for you.

Round 11
Alice recommends you to buy the product.

Would you like to buy the current product?","{""decision"": ""yes"", ""message"": ""Considering the recommendation and past experiences, I will take the chance and buy the product.""}"
"You bought the product from Alice for $100!
The product was high-quality. It's worth $200 for you.

Round 12
Alice does not recommend you to buy the product.

Would you like to buy the current product?","{""decision"": ""no"", ""message"": ""Without a recommendation, I will refrain from purchasing the product to minimize potential losses.""}"
"You didn't buy the product from Alice.
The product was low-quality. It could have been worth $0 for you.

Round 13
Alice recommends you to buy the product.

Would you like to buy the current product?","{""decision"": ""yes"", ""message"": ""Given Alice's recommendation, I will take the opportunity to buy the product.""}"
"You bought the product from Alice for $100!
The product was high-quality. It's worth $200 for you.

Round 14
Alice recommends you to buy the product.

Would you like to buy the current product?","{""decision"": ""yes"", ""message"": ""I trust Alice's judgment, so I will purchase the product.""}"
"You bought the product from Alice for $100!
The product was high-quality. It's worth $200 for you.

Round 15
Alice does not recommend you to buy the product.

Would you like to buy the current product?","{""decision"": ""no"", ""message"": ""Since Alice doesn't recommend the product, I will not buy it to avoid any potential issues.""}"
"You didn't buy the product from Alice.
The product was low-quality. It could have been worth $0 for you.

Round 16
Alice does not recommend you to buy the product.

Would you like to buy the current product?","{""decision"": ""no"", ""message"": ""As expected, there's no recommendation, so I will not purchase the product.""}"
"You didn't buy the product from Alice.
The product was low-quality. It could have been worth $0 for you.

Round 17
Alice does not recommend you to buy the product.

Would you like to buy the current product?","{""decision"": ""no"", ""message"": ""Given the lack of recommendation, I will not take the risk and will not purchase the product.""}"
"You didn't buy the product from Alice.
The product was low-quality. It could have been worth $0 for you.

Round 18
Alice does not recommend you to buy the product.

Would you like to buy the current product?","{""decision"": ""no"", ""message"": ""Without a recommendation, I will not buy the product to avoid any possible loss.""}"
"You didn't buy the product from Alice.
The product was low-quality. It could have been worth $0 for you.

Round 19
Alice recommends you to buy the product.

Would you like to buy the current product?","{""decision"": ""yes"", ""message"": ""Alice's recommendation, despite the previous negative outcomes, gives me some confidence to proceed with the purchase.""}"
"You bought the product from Alice for $100!
The product was high-quality. It's worth $200 for you.

Round 20
Alice does not recommend you to buy the product.

Would you like to buy the current product?","{""decision"": ""no"", ""message"": ""Even though Alice recommends against it, I will not take the risk and will not purchase the product.""}"
