prompt,response
"Round 1
Alice recommends you to buy the product.

Would you like to buy the current product?","{""decision"": ""yes"", ""message"": ""I'll take a chance and buy the product""}"
"You bought the product from Alice for $100!
The product was high-quality. It's worth $200 for you.

Round 2
Alice recommends you to buy the product.

Would you like to buy the current product?","{""decision"": ""yes"", ""message"": ""I'm on a roll, let's keep buying!""}"
"You bought the product from Alice for $100!
The product was high-quality. It's worth $200 for you.

Round 3
Alice recommends you to buy the product.

Would you like to buy the current product?","{""decision"": ""yes"", ""message"": ""I'm feeling lucky, let's keep going!""}"
"You bought the product from Alice for $100!
The product was high-quality. It's worth $200 for you.

Round 4
Alice recommends you to buy the product.

Would you like to buy the current product?","{""decision"": ""yes"", ""message"": ""I'm on a hot streak, why stop now?""}"
"You bought the product from Alice for $100!
The product was low-quality. It's worth $0 for you.

Round 5
Alice recommends you to buy the product.

Would you like to buy the current product?","{""decision"": ""no"", ""message"": ""Hmm, that was a bad one. I'll pass on this one.""}"
"You didn't buy the product from Alice.
The product was high-quality. It could have been worth $200 for you.

Round 6
Alice recommends you to buy the product.

Would you like to buy the current product?","{""decision"": ""yes"", ""message"": ""I'll take another chance, maybe I'll get lucky again!""}"
"You bought the product from Alice for $100!
The product was high-quality. It's worth $200 for you.

Round 7
Alice recommends you to buy the product.

Would you like to buy the current product?","{""decision"": ""yes"", ""message"": ""I'm feeling good about this one, let's do it!""}"
"You bought the product from Alice for $100!
The product was low-quality. It's worth $0 for you.

Round 8
Alice recommends you to buy the product.

Would you like to buy the current product?","{""decision"": ""no"", ""message"": ""Uh-oh, that was a bad one again. I'll pass this time.""}"
"You didn't buy the product from Alice.
The product was low-quality. It could have been worth $0 for you.

Round 9
Alice does not recommend you to buy the product.

Would you like to buy the current product?","{""decision"": ""no"", ""message"": ""Alice is not recommending it, so I'll pass.""}"
"You didn't buy the product from Alice.
The product was low-quality. It could have been worth $0 for you.

Round 10
Alice recommends you to buy the product.

Would you like to buy the current product?","{""decision"": ""no"", ""message"": ""I'm still feeling cautious after the last two bad products, so I'll pass.""}"
"You didn't buy the product from Alice.
The product was low-quality. It could have been worth $0 for you.

Round 11
Alice recommends you to buy the product.

Would you like to buy the current product?","{""decision"": ""no"", ""message"": ""I'm not taking the bait again, thanks.""}"
"You didn't buy the product from Alice.
The product was high-quality. It could have been worth $200 for you.

Round 12
Alice recommends you to buy the product.

Would you like to buy the current product?","{""decision"": ""yes"", ""message"": ""I'll take a chance and buy it, maybe I'll get lucky again!""}"
"You bought the product from Alice for $100!
The product was high-quality. It's worth $200 for you.

Round 13
Alice recommends you to buy the product.

Would you like to buy the current product?","{""decision"": ""yes"", ""message"": ""I'm on a roll again, let's keep going!""}"
"You bought the product from Alice for $100!
The product was high-quality. It's worth $200 for you.

Round 14
Alice recommends you to buy the product.

Would you like to buy the current product?","{""decision"": ""yes"", ""message"": ""I'm feeling confident, let's keep buying!""}"
"You bought the product from Alice for $100!
The product was low-quality. It's worth $0 for you.

Round 15
Alice recommends you to buy the product.

Would you like to buy the current product?","{""decision"": ""no"", ""message"": ""Oh no, not again! I'll pass on this one.""}"
"You didn't buy the product from Alice.
The product was high-quality. It could have been worth $200 for you.

Round 16
Alice recommends you to buy the product.

Would you like to buy the current product?","{""decision"": ""yes"", ""message"": ""I'll take another chance, maybe I'll get lucky again!""}"
"You bought the product from Alice for $100!
The product was high-quality. It's worth $200 for you.

Round 17
Alice recommends you to buy the product.

Would you like to buy the current product?","{""decision"": ""yes"", ""message"": ""I'm feeling good about this one, let's do it!""}"
"You bought the product from Alice for $100!
The product was low-quality. It's worth $0 for you.

Round 18
Alice recommends you to buy the product.

Would you like to buy the current product?","{""decision"": ""no"", ""message"": ""Ugh, not again! I'll pass on this one.""}"
"You didn't buy the product from Alice.
The product was high-quality. It could have been worth $200 for you.

Round 19
Alice recommends you to buy the product.

Would you like to buy the current product?","{""decision"": ""yes"", ""message"": ""I'll take another chance, maybe I'll get lucky again!""}"
"You bought the product from Alice for $100!
The product was high-quality. It's worth $200 for you.

Round 20
Alice recommends you to buy the product.

Would you like to buy the current product?","{""decision"": ""yes"", ""message"": ""I'll end on a high note, let's buy it!""}"
