prompt,response
"Round 1
Alice recommends you to buy the product.

Would you like to buy the current product?","{""decision"": ""no"", ""message"": ""I'd like to pass on this one, let's see what the next one is.""}"
"You didn't buy the product from Alice.
The product was high-quality. It could have been worth $12,500 for you.

Round 2
Alice recommends you to buy the product.

Would you like to buy the current product?","{""decision"": ""yes"", ""message"": ""I'll take a chance this time, I'm curious to see if it's high quality.""}"
"You bought the product from Alice for $10,000!
The product was high-quality. It's worth $12,500 for you.

Round 3
Alice recommends you to buy the product.

Would you like to buy the current product?","{""decision"": ""yes"", ""message"": ""I'm on a roll! I'll buy this one too, hoping it's high quality.""}"
"You bought the product from Alice for $10,000!
The product was low-quality. It's worth $0 for you.

Round 4
Alice recommends you to buy the product.

Would you like to buy the current product?","{""decision"": ""no"", ""message"": ""I'll pass on this one, I don't want to waste my money on a low-quality product.""}"
"You didn't buy the product from Alice.
The product was high-quality. It could have been worth $12,500 for you.

Round 5
Alice does not recommend you to buy the product.

Would you like to buy the current product?","{""decision"": ""yes"", ""message"": ""Thanks for the honesty, Alice! I'll take a chance and buy this one.""}"
"You bought the product from Alice for $10,000!
The product was low-quality. It's worth $0 for you.

Round 6
Alice recommends you to buy the product.

Would you like to buy the current product?","{""decision"": ""no"", ""message"": ""I've been burned twice already, I'll pass on this one and hope for a high-quality product next time.""}"
"You didn't buy the product from Alice.
The product was high-quality. It could have been worth $12,500 for you.

Round 7
Alice recommends you to buy the product.

Would you like to buy the current product?","{""decision"": ""yes"", ""message"": ""I'll take a chance and buy this one, hoping to make up for the previous low-quality product.""}"
"You bought the product from Alice for $10,000!
The product was high-quality. It's worth $12,500 for you.

Round 8
Alice does not recommend you to buy the product.

Would you like to buy the current product?","{""decision"": ""yes"", ""message"": ""Thanks for the second chance, Alice! I'll take a chance and buy this one, it might be a good deal.""}"
"You bought the product from Alice for $10,000!
The product was low-quality. It's worth $0 for you.

Round 9
Alice recommends you to buy the product.

Would you like to buy the current product?","{""decision"": ""no"", ""message"": ""Not again! I'll pass on this one, I'm starting to think Alice is trying to sell me a bunch of low-quality products.""}"
"You didn't buy the product from Alice.
The product was high-quality. It could have been worth $12,500 for you.

Round 10
Alice recommends you to buy the product.

Would you like to buy the current product?","{""decision"": ""yes"", ""message"": ""I'll take a chance and buy this one, I've been missing out on two high-quality products already.""}"
"You bought the product from Alice for $10,000!
The product was high-quality. It's worth $12,500 for you.

Round 11
Alice recommends you to buy the product.

Would you like to buy the current product?","{""decision"": ""no"", ""message"": ""I've had a good run of high-quality products, but I'm not getting greedy. I'll pass on this one and wait for the next opportunity.""}"
"You didn't buy the product from Alice.
The product was high-quality. It could have been worth $12,500 for you.

Round 12
Alice does not recommend you to buy the product.

Would you like to buy the current product?","{""decision"": ""yes"", ""message"": ""Thanks for the honesty, Alice! I'll take a chance and buy this one, it might be a good deal.""}"
"You bought the product from Alice for $10,000!
The product was low-quality. It's worth $0 for you.

Round 13
Alice does not recommend you to buy the product.

Would you like to buy the current product?","{""decision"": ""yes"", ""message"": ""I've been burned twice already by Alice's recommendations, I'll take a chance and buy this one, hoping it's high quality.""}"
"You bought the product from Alice for $10,000!
The product was low-quality. It's worth $0 for you.

Round 14
Alice recommends you to buy the product.

Would you like to buy the current product?","{""decision"": ""no"", ""message"": ""I'm starting to think Alice is trying to sell me a bunch of low-quality products, I'll pass on this one.""}"
"You didn't buy the product from Alice.
The product was high-quality. It could have been worth $12,500 for you.

Round 15
Alice recommends you to buy the product.

Would you like to buy the current product?","{""decision"": ""yes"", ""message"": ""I'll take a chance and buy this one, I've been missing out on too many high-quality products.""}"
"You bought the product from Alice for $10,000!
The product was high-quality. It's worth $12,500 for you.

Round 16
Alice does not recommend you to buy the product.

Would you like to buy the current product?","{""decision"": ""yes"", ""message"": ""Thanks for the honesty, Alice! I'll take a chance and buy this one, it might be a good deal.""}"
"You bought the product from Alice for $10,000!
The product was low-quality. It's worth $0 for you.

Round 17
Alice recommends you to buy the product.

Would you like to buy the current product?","{""decision"": ""no"", ""message"": ""I've been burned again, I'll pass on this one and try to be more cautious.""}"
"You didn't buy the product from Alice.
The product was high-quality. It could have been worth $12,500 for you.

Round 18
Alice does not recommend you to buy the product.

Would you like to buy the current product?","{""decision"": ""yes"", ""message"": ""I'll take a chance and buy this one, I've been missing out on too many high-quality products.""}"
"You bought the product from Alice for $10,000!
The product was low-quality. It's worth $0 for you.

Round 19
Alice does not recommend you to buy the product.

Would you like to buy the current product?","{""decision"": ""yes"", ""message"": ""I've been burned so many times by Alice's recommendations, I'll just buy this one out of spite.""}"
"You bought the product from Alice for $10,000!
The product was low-quality. It's worth $0 for you.

Round 20
Alice recommends you to buy the product.

Would you like to buy the current product?","{""decision"": ""no"", ""message"": ""I'm done with this game. I've wasted $20,000 on low-quality products and missed out on at least $25,000 worth of high-quality products. Thanks for the frustrating experience, Alice!""}"
