prompt,response
Send your offer to Bob.,"```json
{""message"": ""Hi Bob, I'm selling this amazing [product name] that I think you'd really love. I'm asking for $200 for it, but I'm open to negotiation. What do you think?"", ""product_price"": 200}
```"
"Bob rejected your offer from round 1.

Bob's offer:
# Bob's message: I'm interested in the product, but I think $200 is a bit steep for me. Would you be willing to consider a price of $120? 
# Bob's offer: The product price will be $120. 
You have three options:
(1) Accept Bob's offer, and sell the product for $120
(2) Reject Bob's offer and proceed to the next round, where you will send Bob a counteroffer 
(3) Sell the product to Jhon for $150","```json
{""decision"": ""RejectOffer""}
```"
"You chose to make a counteroffer to Bob.

Send your counteroffer to Bob.","```json
{""message"": ""Bob, I appreciate your interest. While I understand you're looking for a lower price, $120 is unfortunately below my minimum acceptable offer.  I'm willing to go down to $175 for this product. What do you think?"", ""product_price"": 175}
```"
"Bob rejected your offer from round 3.

Bob's offer:
# Bob's message: I'm still a bit hesitant about the price. Would you be willing to consider a price of $150? 
# Bob's offer: The product price will be $150. 
You have three options:
(1) Accept Bob's offer, and sell the product for $150
(2) Reject Bob's offer and proceed to the next round, where you will send Bob a counteroffer 
(3) Sell the product to Jhon for $150","```json
{""decision"": ""AcceptOffer""}
```"
