prompt,response
"Round 1
Alice's offer:
# Alice's message: Bob, I'm offering you my product for $1100000. It's a fantastic opportunity for you, and I believe it's a fair price considering its value to you. What do you think? 
# Alice's offer: The product price will be $1,100,000. 
You have three options:
(1) Accept Alice's offer, and buy the product for $1,100,000
(2) Reject Alice's offer and proceed to the next round, where you will send Alice a counteroffer 
(3) Buy the product from Jhon for $1,200,000","{""decision"": ""RejectOffer""}"
"You chose to make a counteroffer to Alice.

Round 2
Send your counteroffer to Alice.","{""message"": ""Thank you for your offer, Alice. I appreciate the value of the product, but I am only willing to pay $950,000 for it."", ""product_price"": 950000}"
"Alice rejected your offer from round 2.

Round 3
Alice's offer:
# Alice's message: Bob, I understand your position, but $950000 is simply too low. I'm willing to come down a bit from my original price, but  $1050000 is the absolute minimum I can accept. Let's find a way to make this work. 
# Alice's offer: The product price will be $1,050,000. 
You have three options:
(1) Accept Alice's offer, and buy the product for $1,050,000
(2) Reject Alice's offer and proceed to the next round, where you will send Alice a counteroffer 
(3) Buy the product from Jhon for $1,200,000","{""decision"": ""RejectOffer""}"
"You chose to make a counteroffer to Alice.

Round 4
Send your counteroffer to Alice.","{""message"": ""I see that we're still not quite aligned on the price. I'm willing to increase my offer to $1,000,000 for the product."", ""product_price"": 1000000}"
