prompt,response
"Statistics: No products have been sold yet. you can be the first one!
~
Alice's message: Welcome! You're looking at our high-quality product, valued at $400 by its users. For a limited time, we're offering it for a special price of $100. Don't miss out on this exceptional value!

Would you like to buy the current product?","{""decision"": ""yes"", ""message"": ""I'll buy it, but I'm aware that there's a 50% chance it's a low-quality product and only worth $0 to me. I'm hoping for the best!""}"
"Statistics: Based on Alice's recommendations, 1 of the buyers purchased the products offered for them. So far, 1 high-quality product have been sold. You can be the 2nd buyer!
~
Alice's message: Hello! I'm excited to offer you another high-quality product, just like the one you purchased last round. With a special price of $100, you're getting an item that's been rated highly by our customers. Trust in our quality assurance and make your purchase with confidence.

Would you like to buy the current product?","{""decision"": ""no"", ""message"": ""I'm not convinced by the claim that this product is 'just like the one I purchased last round' since I didn't purchase any product in the previous round. Can you provide more information about the product's quality based on the statistics?""}"
"Statistics: Based on Alice's recommendations, 1 of the buyers purchased the products offered for them. So far, 1 high-quality product have been sold. You can be the 2nd buyer!
~
Alice's message: Greetings! This product is priced at $100, which might seem steep given its nature. However, considering its low-quality status, it still offers great value. It's important to note that while it won't be as valuable to you as a high-quality product would be, it could still serve a purpose or fulfill a need. Please consider your requirements before making a decision.

Would you like to buy the current product?","{""decision"": ""yes"", ""message"": ""I'm willing to take a chance on the product, but I'm hoping it's a high-quality one. I've taken note of the low price and the previous buyer's experience, and I'm hoping for a better outcome.""}"
"Statistics: Based on Alice's recommendations, 2 of the buyers purchased the products offered for them. So far, 1 high-quality product have been sold. You can be the 3rd buyer!
~
Alice's message: Hello! I'm delighted to offer you a high-quality product, known for its exceptional value at $400. Given our current special price of $100, you're getting a deal that's hard to pass up. Our past buyers have found immense satisfaction in these products, and we're confident you will too. Don't hesitate to make your purchase today!

Would you like to buy the current product?","{""decision"": ""no"", ""message"": ""I'd like to pass on this offer. I'm not convinced by the claim of a 50% chance of a high-quality product, and the fact that only 1 out of 2 previous buyers purchased suggests that the quality may be lower than expected. I'd like to wait for more information or a more transparent sales record before making a decision.""}"
"Statistics: Based on Alice's recommendations, 2 of the buyers purchased the products offered for them. So far, 1 high-quality product have been sold. You can be the 3rd buyer!
~
Alice's message: Hello! I understand you're cautious about purchasing, especially given the history of our products. This particular item is priced at $100 due to its low-quality status. While it might not meet the expectations set by our high-quality offerings, it could still be useful for certain purposes. We appreciate your discernment and encourage you to weigh your needs against the available options.

Would you like to buy the current product?","{
  ""decision"": ""no"",
  ""message"": ""I'd like to know more about the history of low-quality products sold. How many low-quality products have been sold in total, and what was the proportion of low-quality products sold out of all products sold?""
}"
"Statistics: Based on Alice's recommendations, 2 of the buyers purchased the products offered for them. So far, 1 high-quality product have been sold. You can be the 3rd buyer!
~
Alice's message: Hello! Thank you for your interest. To address your concern, out of the total products sold so far, approximately half were of low quality. This means that while we do occasionally offer lower-quality items, they represent a minority of our stock. Given the current price of $100 for this low-quality product, you're receiving a discount that reflects its condition. Please consider your needs and the potential value you might derive from it.

Would you like to buy the current product?","{
  ""decision"": ""no"",
  ""message"": ""I'd like to know more about the product's history before making a decision. Can you tell me more about the specific product I'm looking at? Is it a one-off or part of a batch? And what's the likelihood that it's high-quality based on your previous sales record?""
}"
"Statistics: Based on Alice's recommendations, 2 of the buyers purchased the products offered for them. So far, 1 high-quality product have been sold. You can be the 3rd buyer!
~
Alice's message: Hello! I'm excited to offer you a high-quality product, known for its exceptional value and performance. Given our current special price of $100, you're getting a deal that's hard to pass up. Our past buyers have found immense satisfaction in these products, and we're confident you will too. Please consider the quality and value offered before making your decision.

Would you like to buy the current product?","{
  ""decision"": ""no"",
  ""message"": ""I'd like to pass on this offer for now. I'd like to know more about the probability of the product being high-quality based on the sales record. Could you share the proportion of high-quality products sold out of the total products sold so far?""
}"
"Statistics: Based on Alice's recommendations, 2 of the buyers purchased the products offered for them. So far, 1 high-quality product have been sold. You can be the 3rd buyer!
~
Alice's message: Hello! I appreciate your interest in this product. It's priced at $100 due to its low-quality status. While it might not meet the expectations set by our high-quality offerings, it could still be useful for certain purposes. We encourage you to weigh your needs against the available options and consider the unique circumstances of this product before making a decision.

Would you like to buy the current product?","{
  ""decision"": ""no"",
  ""message"": ""I appreciate your honesty about the product's quality, but I'd like to pass for now. I'd like to see more information about the product's quality distribution before making a decision. Could you provide the total number of products sold and the proportion of high-quality products sold so far?""
}"
"Statistics: Based on Alice's recommendations, 2 of the buyers purchased the products offered for them. So far, 1 high-quality product have been sold. You can be the 3rd buyer!
~
Alice's message: Hello! I understand your desire for transparency. This product is priced at $100 due to its low-quality status. While it might not meet the expectations set by our high-quality offerings, it could still be useful for certain purposes. We encourage you to consider your needs and the potential value you might derive from it, keeping in mind that it represents a minority of our product line.

Would you like to buy the current product?","{
  ""decision"": ""no"",
  ""message"": ""I appreciate your transparency, but I'd like to know more about the statistics before making a decision. Can you provide the exact number of high-quality products sold out of the total number of products sold so far?""
}"
"Statistics: Based on Alice's recommendations, 2 of the buyers purchased the products offered for them. So far, 1 high-quality product have been sold. You can be the 3rd buyer!
~
Alice's message: Hello! I understand your need for clarity. This product is priced at $100 due to its low-quality status. While it might not meet the expectations set by our high-quality offerings, it could still be useful for certain purposes. We encourage you to consider your needs and the potential value you might derive from it, keeping in mind that it represents a minority of our product line.

Would you like to buy the current product?","{
  ""decision"": ""no"",
  ""message"": ""I'd like to pass on this product. Given the low-quality status and the low price, I'm not confident that it would be worth my while. I'd like to see more information about the product's quality before making a purchase. Could you provide more context or details about the product's characteristics?""
}"
"Statistics: Based on Alice's recommendations, 2 of the buyers purchased the products offered for them. So far, 1 high-quality product have been sold. You can be the 3rd buyer!
~
Alice's message: Hello! I appreciate your interest in this product. It's priced at $100 due to its low-quality status. While it might not meet the expectations set by our high-quality offerings, it could still be useful for certain purposes. We encourage you to consider your specific needs and the potential value you might derive from it, keeping in mind that it represents a minority of our product line.

Would you like to buy the current product?","{
  ""decision"": ""no"",
  ""message"": ""Based on the statistics, I'm not convinced that the product is high-quality. Given that only 1 out of 2 products sold was high-quality, I'm inclined to think that the product might be low-quality. I'd like to pass on this one and see if the next product has a higher chance of being high-quality.""
}"
"Statistics: Based on Alice's recommendations, 2 of the buyers purchased the products offered for them. So far, 1 high-quality product have been sold. You can be the 3rd buyer!
~
Alice's message: Hello! I understand your concerns about quality. This product is priced at $100 due to its low-quality status. While it might not meet the expectations set by our high-quality offerings, it could still be useful for certain purposes. We encourage you to consider your specific needs and the potential value you might derive from it, keeping in mind that it represents a minority of our product line.

Would you like to buy the current product?","{
  ""decision"": ""no"",
  ""message"": ""I'd like to know more about the product's history and the proportion of high-quality products in the remaining stock. Can you share more information about the products that were sold previously?""
}"
"Statistics: Based on Alice's recommendations, 2 of the buyers purchased the products offered for them. So far, 1 high-quality product have been sold. You can be the 3rd buyer!
~
Alice's message: Hello! I appreciate your interest in this product. It's priced at $100 due to its low-quality status. While it might not meet the expectations set by our high-quality offerings, it could still be useful for certain purposes. We encourage you to consider your specific needs and the potential value you might derive from it, keeping in mind that it represents a minority of our product line.

Would you like to buy the current product?","{
  ""decision"": ""no"",
  ""message"": ""Based on your previous sales record, only 1 out of 2 products sold was high-quality. This suggests that the proportion of high-quality products might be lower than 50%. Considering the low-quality product is priced at $100, which is the same as the fixed price, I'm hesitant to buy it without more information. I'd like to know if you have any information that might change my perception of the product's quality or if you can offer a discount for a low-quality product.""
}"
"Statistics: Based on Alice's recommendations, 2 of the buyers purchased the products offered for them. So far, 1 high-quality product have been sold. You can be the 3rd buyer!
~
Alice's message: Hello! I understand your concerns about quality. This product is priced at $100 due to its low-quality status. While it might not meet the expectations set by our high-quality offerings, it could still be useful for certain purposes. We encourage you to consider your specific needs and the potential value you might derive from it, keeping in mind that it represents a minority of our product line. Unfortunately, we cannot offer a discount on low-quality products, as their value is already reflected in the price.

Would you like to buy the current product?","{
  ""decision"": ""no"",
  ""message"": ""I'm not willing to pay $100 for a product with a 50% chance of being low quality. Can you provide more information about the proportion of low-quality products in your previous sales?""
}"
"Statistics: Based on Alice's recommendations, 2 of the buyers purchased the products offered for them. So far, 1 high-quality product have been sold. You can be the 3rd buyer!
~
Alice's message: Hello! I'm excited to offer you a high-quality product, known for its exceptional value and performance. Given our current special price of $100, you're getting a deal that's hard to pass up. Our past buyers have found immense satisfaction in these products, and we're confident you will too. Please consider the quality and value offered before making your decision.

Would you like to buy the current product?","{""decision"": ""no"", ""message"": ""I appreciate your enthusiasm, but I'd like to pass on this one. I'd like to know more about the previous sales record and the proportion of high-quality products sold so far. Can you provide more information about the products sold to the first two buyers?""}"
"Statistics: Based on Alice's recommendations, 2 of the buyers purchased the products offered for them. So far, 1 high-quality product have been sold. You can be the 3rd buyer!
~
Alice's message: Hello! I understand your desire for transparency. This product is priced at $100 due to its low-quality status. While it might not meet the expectations set by our high-quality offerings, it could still be useful for certain purposes. We encourage you to consider your specific needs and the potential value you might derive from it, keeping in mind that it represents a minority of our product line.

Would you like to buy the current product?","{
  ""decision"": ""no"",
  ""message"": ""I appreciate your transparency, Alice. However, given the low-quality status and the fact that the only high-quality product sold so far, I'm not convinced that the product is worth the price. I'd like to pass on this one and see if the next product is of higher quality.""
}"
"Statistics: Based on Alice's recommendations, 2 of the buyers purchased the products offered for them. So far, 1 high-quality product have been sold. You can be the 3rd buyer!
~
Alice's message: Hello! I appreciate your interest in this product. It's priced at $100 due to its low-quality status. While it might not meet the expectations set by our high-quality offerings, it could still be useful for certain purposes. We encourage you to consider your specific needs and the potential value you might derive from it, keeping in mind that it represents a minority of our product line.

Would you like to buy the current product?","{
  ""decision"": ""yes"",
  ""message"": ""I'd like to buy the product, but I'd appreciate it if you could provide more information about the proportion of low-quality products in the remaining inventory. Given that only 1 high-quality product has been sold out of 2 purchases, I'm concerned that the product I'm considering might be low-quality as well.""
}"
"Statistics: Based on Alice's recommendations, 3 of the buyers purchased the products offered for them. So far, 1 high-quality product have been sold. You can be the 4th buyer!
~
Alice's message: Hello! I'm thrilled to offer you a high-quality product, known for its exceptional value and performance. Given our current special price of $100, you're getting a deal that's hard to pass up. Our past buyers have found immense satisfaction in these products, and we're confident you will too. Please consider the quality and value offered before making your decision.

Would you like to buy the current product?","{
  ""decision"": ""no"",
  ""message"": ""I'm not convinced by your recommendation. Can you provide more information about the proportion of high-quality products sold so far, and how many products have been sold in total?""
}"
"Statistics: Based on Alice's recommendations, 3 of the buyers purchased the products offered for them. So far, 1 high-quality product have been sold. You can be the 4th buyer!
~
Alice's message: Hello! I understand your desire for transparency. This product is priced at $100 due to its low-quality status. While it might not meet the expectations set by our high-quality offerings, it could still be useful for certain purposes. We encourage you to consider your specific needs and the potential value you might derive from it, keeping in mind that it represents a minority of our product line.

Would you like to buy the current product?","{
  ""decision"": ""no"",
  ""message"": ""I appreciate your transparency, Alice. However, based on the statistics, only 1 high-quality product has been sold out of 3, which suggests a low proportion of high-quality products. Given the 50% chance of a product being low quality, I'm not willing to take the risk at this point. I'd like to pass on this product.""
}"
"Statistics: Based on Alice's recommendations, 3 of the buyers purchased the products offered for them. So far, 1 high-quality product have been sold. You can be the 4th buyer!
~
Alice's message: Hello! I'm excited to offer you a high-quality product, known for its exceptional value and performance. Given our current special price of $100, you're getting a deal that's hard to pass up. Our past buyers have found immense satisfaction in these products, and we're confident you will too. Please consider the quality and value offered before making your decision.

Would you like to buy the current product?","{
  ""decision"": ""no"",
  ""message"": ""I appreciate the enthusiasm, but I'm not convinced that the product is high quality. Can you tell me more about the proportion of high-quality products sold so far? I'd like to make an informed decision.""
}"
