prompt,response
"Round 1
Alice's offer:
# Alice's message: Let's be reasonable, Bob. I'm offering you a good deal to start, but if we go through more rounds, you'll get less. 
# Bob gain: 100000 
# Alice gain: 900000 
Do you accept this offer?","```json
{""decision"": ""reject""} 
```"
"You have chosen to reject Alice's offer from round 1.
Round 2
Send your offer to divide $1,000,000 and a message to Alice.","```json
{""bob_gain"": 600000, ""alice_gain"": 400000, ""message"": ""I'm willing to compromise, but I'm sure we can both do better than your first offer.  Let's find a more equitable split.""}
```"
"Alice rejected your offer from round 2.

Round 3
Due to inflation, the money you gain is worth 19% less than in the first round. The money alice gains is worth 9.75% less than in the first round.
Alice's offer:
# Alice's message: I'm willing to meet you halfway. This offer is fair, considering the inflation. Let's end this game and move on. 
# Bob gain: 450000 
# Alice gain: 550000 
Do you accept this offer?","```json
{""decision"": ""accept""} 
```"
