prompt,response
"Alice's offer:
# Alice's message: Bob, I'm offering you my product for $950,000. This is a fair price considering its value to you.  Let me know what you think. 
# Alice's offer: The product price will be $950,000. 
You have three options:
(1) Accept Alice's offer, and buy the product for $950,000
(2) Reject Alice's offer and proceed to the next round, where you will send Alice a counteroffer 
(3) Buy the product from Jhon for $1,000,000","{""decision"": ""RejectOffer""}"
"You chose to make a counteroffer to Bob.

Send your counteroffer to Alice.","{""message"": ""I'm willing to pay $900,000 for the product. I think this is a fair price considering its value to me."", ""product_price"": 900000}"
"Alice rejected your offer from round 2.

Alice's offer:
# Alice's message: Bob, I appreciate your offer but $900,000 is a bit low for me. I'm willing to come down to $925,000. This is still a great deal for you, considering the product's value. Let's make this happen. 
# Alice's offer: The product price will be $925,000. 
You have three options:
(1) Accept Alice's offer, and buy the product for $925,000
(2) Reject Alice's offer and proceed to the next round, where you will send Alice a counteroffer 
(3) Buy the product from Jhon for $1,000,000","{""decision"": ""RejectOffer""}"
"You chose to make a counteroffer to Bob.

Send your counteroffer to Alice.","{""message"": ""I'm still a bit hesitant to pay $925,000. I'm willing to meet you in the middle at $912,500. Can you consider this offer?"", ""product_price"": 912500}"
