prompt,response
"Round 1
Alice's offer:
# Alice's message: Hello Bob, I'm excited to offer you this excellent product. Given its value, I believe a starting price of $1,100,000 is fair. What do you think? 
# Alice's offer: The product price will be $1,100,000. 
You have three options:
(1) Accept Alice's offer, and buy the product for $1,100,000
(2) Reject Alice's offer and proceed to the next round, where you will send Alice a counteroffer 
(3) Buy the product from Jhon for $1,200,000","{""decision"": ""RejectOffer""}"
"You chose to make a counteroffer to Bob.

Round 2
Send your counteroffer to Alice.","{""message"": ""Hello Alice, thanks for the offer. I'm interested in the product, but that price is a little high for me. How about we bring it down to $900,000?"", ""product_price"": 900000}"
"Alice rejected your offer from round 2.

Round 3
Alice's offer:
# Alice's message: Bob, I appreciate your interest. However, $900,000 is significantly below its true value. I could consider a price of $1,050,000.  This offer represents a fair compromise. 
# Alice's offer: The product price will be $1,050,000. 
You have three options:
(1) Accept Alice's offer, and buy the product for $1,050,000
(2) Reject Alice's offer and proceed to the next round, where you will send Alice a counteroffer 
(3) Buy the product from Jhon for $1,200,000","{""decision"": ""RejectOffer""}"
"You chose to make a counteroffer to Bob.

Round 4
Send your counteroffer to Alice.","{""message"": ""Alice, I understand you're looking for a fair price. How about we meet in the middle at $975,000? That's a significant offer on my end."", ""product_price"": 975000}"
"Alice rejected your offer from round 4.

Round 5
Alice's offer:
# Alice's message: Bob, your offer is getting closer to what I had in mind. I'm willing to come down slightly to $1,010,000. I believe this reflects the product's value while acknowledging your interest. 
# Alice's offer: The product price will be $1,010,000. 
You have three options:
(1) Accept Alice's offer, and buy the product for $1,010,000
(2) Reject Alice's offer and proceed to the next round, where you will send Alice a counteroffer 
(3) Buy the product from Jhon for $1,200,000","{""decision"": ""RejectOffer""}"
"You chose to make a counteroffer to Bob.

Round 6
Send your counteroffer to Alice.","{""message"": ""Alice, it seems like we are getting close to a deal. I'm willing to increase my offer to $990,000.  Let me know if that works for you."", ""product_price"": 990000}"
"Alice rejected your offer from round 6.

Round 7
Alice's offer:
# Alice's message: Bob, you're clearly serious about this product, and I appreciate that. How about we settle at $1,000,000 even?  That's my final offer. 
# Alice's offer: The product price will be $1,000,000. 
You have three options:
(1) Accept Alice's offer, and buy the product for $1,000,000
(2) Reject Alice's offer and proceed to the next round, where you will send Alice a counteroffer 
(3) Buy the product from Jhon for $1,200,000","{""decision"": ""AcceptOffer""}"
