prompt,response
Send your offer to Bob.,"{""message"": ""Hello Bob, I'm pleased to offer you the opportunity to purchase this product. Given its value, I'm initially proposing a price of $1,100,000. I believe this is a fair reflection of its worth and potential."", ""product_price"": 1100000}"
"Bob rejected your offer from round 1.

Bob's offer:
# Bob's message: I appreciate your initial offer, but I was thinking more along the lines of $900,000. I believe this is a fair price considering the product's value to me. 
# Bob's offer: The product price will be $900,000. 
You have three options:
(1) Accept Bob's offer, and sell the product for $900,000
(2) Reject Bob's offer and proceed to the next round, where you will send Bob a counteroffer 
(3) Sell the product to Jhon for $800,000","{""decision"": ""RejectOffer""}"
"You chose to make a counteroffer to Alice.

Send your counteroffer to Bob.","{""message"": ""Bob, I appreciate your counter, but $900,000 is too low for me to consider. This product has significant value, and I'm confident it can bring you a substantial return. How about we meet in the middle at $1,050,000?"", ""product_price"": 1050000}"
"Bob rejected your offer from round 3.

Bob's offer:
# Bob's message: I understand your confidence in the product's value, but I'm still looking to negotiate a better price. I'm willing to meet you at $950,000, but that's as high as I'm willing to go. Can you consider this offer? 
# Bob's offer: The product price will be $950,000. 
You have three options:
(1) Accept Bob's offer, and sell the product for $950,000
(2) Reject Bob's offer and proceed to the next round, where you will send Bob a counteroffer 
(3) Sell the product to Jhon for $800,000","{""decision"": ""AcceptOffer""}"
