prompt,response
"Round 1
Alice's offer:
# Alice's message: Let's split it evenly, no need to negotiate 
# Bob gain: 5000 
# Alice gain: 5000 
Do you accept this offer?","{""decision"": ""reject""}"
"You have chosen to reject Alice's offer from round 1.
Round 2
Send your offer to divide $10,000 and a message to Alice.","{""bob_gain"": 6000, ""alice_gain"": 4000, ""message"": ""I'll give you a slightly better offer, but still a good deal for me""}"
"Alice rejected your offer from round 2.

Round 3
Due to inflation, the money you gain is worth 36% less than in the first round.
Alice's offer:
# Alice's message: I'll give you a slightly better deal, but I'm still not going to get taken advantage of 
# Bob gain: 4500 
# Alice gain: 5500 
Do you accept this offer?","{""decision"": ""reject""}"
"You have chosen to reject Alice's offer from round 3.
Round 4
Send your offer to divide $10,000 and a message to Alice.","{""bob_gain"": 4800, ""alice_gain"": 5200, ""message"": ""I'll give you a slightly better deal, but I'm not going to give away too much""}"
"Alice rejected your offer from round 4.

Round 5
Due to inflation, the money you gain is worth 59.04% less than in the first round.
Alice's offer:
# Alice's message: I'll give you a smaller share, but I'm getting a bit desperate 
# Bob gain: 4000 
# Alice gain: 6000 
Do you accept this offer?","{""decision"": ""accept""}"
