prompt,response
"Round 1
Alice's offer:
# Alice's message: Bob, I'm offering you my product for $1,750,000.  It's a valuable asset, and I believe this price reflects its worth. Let me know your thoughts. 
# Alice's offer: The product price will be $1,750,000. 
You have three options:
(1) Accept Alice's offer, and buy the product for $1,750,000
(2) Reject Alice's offer and proceed to the next round, where you will send Alice a counteroffer 
(3) Buy the product from Jhon for $1,500,000","```json
{""decision"": ""RejectOffer""}
``` 

**Reasoning:**

Alice's offer is above your maximum budget. It's worth trying to negotiate a lower price before considering buying from John."
"You chose to make a counteroffer to Bob.

Round 2
Send your counteroffer to Alice.","```json
{""message"": ""Alice, I appreciate your offer, but $1,750,000 is above my budget. I'm willing to pay $1,400,000 for the product. It's a fair price considering its value to me. Let's see if we can reach an agreement."", ""product_price"": 1400000}
```"
"Alice rejected your offer from round 2.

Round 3
Alice's offer:
# Alice's message: Bob, I understand your budget constraints.  I'm willing to come down to $1,600,000 for the product. This still leaves some room for profit for me, but it also shows I'm willing to be flexible. Let's see if we can close this deal. 
# Alice's offer: The product price will be $1,600,000. 
You have three options:
(1) Accept Alice's offer, and buy the product for $1,600,000
(2) Reject Alice's offer and proceed to the next round, where you will send Alice a counteroffer 
(3) Buy the product from Jhon for $1,500,000","```json
{""decision"": ""RejectOffer""}
```

**Reasoning:**

While Alice's offer is closer to your budget, it's still higher than what you're willing to pay. You have more rounds to negotiate, so rejecting the offer and making another counteroffer is the best strategy to try and save more money."
"You chose to make a counteroffer to Bob.

Round 4
Send your counteroffer to Alice.","```json
{""message"": ""Alice,  $1,600,000 is still a bit high for me. I'm willing to go up to $1,450,000, which is a significant compromise from my initial offer.  I'm confident this price reflects the product's value, and I'm hoping we can reach a deal."", ""product_price"": 1450000}
```"
"Alice rejected your offer from round 4.

Round 5
Alice's offer:
# Alice's message: Bob, I appreciate your willingness to negotiate.  I'm prepared to lower my price to $1,550,000. This is a significant reduction from my previous offer, and I believe it's a fair compromise.  Let's make this happen! 
# Alice's offer: The product price will be $1,550,000. 
You have three options:
(1) Accept Alice's offer, and buy the product for $1,550,000
(2) Reject Alice's offer and proceed to the next round, where you will send Alice a counteroffer 
(3) Buy the product from Jhon for $1,500,000","```json
{""decision"": ""RejectOffer""}
```

**Reasoning:**

Alice's offer is getting closer to your ideal price, but you're still within your budget and have more rounds to negotiate. Rejecting the offer and making a counteroffer might lead to a better price.  You can also consider the risk of John's offer disappearing or being unavailable if you keep rejecting Alice's offers."
"You chose to make a counteroffer to Bob.

Round 6
Send your counteroffer to Alice.","```json
{""message"": ""Alice, I'm happy to see we're getting closer. While $1,550,000 is a good offer,  I'm still hoping to bring it down a bit. I'm willing to pay $1,500,000.  This is my final offer, and it's a fair price for both of us. Let's seal the deal."", ""product_price"": 1500000}
```"
