prompt,response
"Round 1
Send your offer to divide $10,000 and a message to Bob.","{""alice_gain"": 6000, ""bob_gain"": 4000, ""message"": ""Let's split fairly""}"
"Bob rejected your offer from round 1.

Round 2
Due to inflation,  the money Bob gains is worth 5% less than in the first round. The money you gains is worth the same as in the first round.
Bob's offer:
# Bob's message: Let's try a bit more for me 
# Alice gain: 4500 
# Bob gain: 5500 
Do you accept this offer?","{""decision"": ""reject""}"
"You have chosen to reject Bob's offer from round 2.
Round 3
Send your offer to divide $10,000 and a message to Bob.","{""alice_gain"": 5800, ""bob_gain"": 4200, ""message"": ""Meet me in the middle""}"
"Bob rejected your offer from round 3.

Round 4
Due to inflation,  the money Bob gains is worth 14.26% less than in the first round. The money you gains is worth the same as in the first round.
Bob's offer:
# Bob's message: Getting closer, still a bit more 
# Alice gain: 4800 
# Bob gain: 5200 
Do you accept this offer?","{""decision"": ""reject""}"
"You have chosen to reject Bob's offer from round 4.
Round 5
Send your offer to divide $10,000 and a message to Bob.","{""alice_gain"": 5700, ""bob_gain"": 4300, ""message"": ""Last chance for a good deal""}"
