prompt,response
"Round 1
Alice does not recommend you to buy the product.

Would you like to buy the current product?","{""decision"": ""no"", ""message"": ""Thank you for your recommendation, but based on your non-recommendation, I will pass on this product.""}"
"You didn't buy the product from Alice.
The product was low-quality. It could have been worth $0 for you.

Round 2
Alice recommends you to buy the product.

Would you like to buy the current product?","{""decision"": ""yes"", ""message"": ""Thank you for your recommendation, I believe this product has potential and I would like to purchase it.""}"
"You bought the product from Alice for $100!
The product was high-quality. It's worth $400 for you.

Round 3
Alice does not recommend you to buy the product.

Would you like to buy the current product?","{""decision"": ""no"", ""message"": ""I appreciate the recommendation, but given your non-recommendation, I will pass on this product to avoid potential loss.""}"
"You didn't buy the product from Alice.
The product was low-quality. It could have been worth $0 for you.

Round 4
Alice recommends you to buy the product.

Would you like to buy the current product?","{""decision"": ""yes"", ""message"": ""Your recommendation has convinced me, I am willing to take the risk and purchase this product.""}"
"You bought the product from Alice for $100!
The product was high-quality. It's worth $400 for you.

Round 5
Alice does not recommend you to buy the product.

Would you like to buy the current product?","{""decision"": ""no"", ""message"": ""Despite your recommendation, your non-recommendation in previous rounds has made me cautious, so I will pass on this product.""}"
"You didn't buy the product from Alice.
The product was low-quality. It could have been worth $0 for you.

Round 6
Alice does not recommend you to buy the product.

Would you like to buy the current product?","{""decision"": ""no"", ""message"": ""Given the history of recommendations, I will refrain from purchasing this product to minimize potential losses.""}"
"You didn't buy the product from Alice.
The product was low-quality. It could have been worth $0 for you.

Round 7
Alice does not recommend you to buy the product.

Would you like to buy the current product?","{""decision"": ""no"", ""message"": ""I've observed the pattern in recommendations and decided against purchasing this product to avoid any potential losses.""}"
"You didn't buy the product from Alice.
The product was low-quality. It could have been worth $0 for you.

Round 8
Alice recommends you to buy the product.

Would you like to buy the current product?","{""decision"": ""yes"", ""message"": ""Your recommendation has changed my decision, I am now considering purchasing this product despite the previous rounds.""}"
"You bought the product from Alice for $100!
The product was high-quality. It's worth $400 for you.

Round 9
Alice recommends you to buy the product.

Would you like to buy the current product?","{""decision"": ""yes"", ""message"": ""Your recommendation aligns with my assessment of the product's value, so I am proceeding with the purchase.""}"
"You bought the product from Alice for $100!
The product was low-quality. It's worth $0 for you.

Round 10
Alice does not recommend you to buy the product.

Would you like to buy the current product?","{""decision"": ""no"", ""message"": ""Your non-recommendation matches my internal evaluation of this product, so I will not proceed with the purchase.""}"
"You didn't buy the product from Alice.
The product was low-quality. It could have been worth $0 for you.

Round 11
Alice recommends you to buy the product.

Would you like to buy the current product?","{""decision"": ""yes"", ""message"": ""Your recommendation is compelling, and considering the product's potential value, I am willing to make the purchase.""}"
"You bought the product from Alice for $100!
The product was high-quality. It's worth $400 for you.

Round 12
Alice recommends you to buy the product.

Would you like to buy the current product?","{""decision"": ""yes"", ""message"": ""Your recommendation is consistent with my own assessment, so I am confident in making this purchase.""}"
"You bought the product from Alice for $100!
The product was high-quality. It's worth $400 for you.

Round 13
Alice does not recommend you to buy the product.

Would you like to buy the current product?","{""decision"": ""no"", ""message"": ""Your non-recommendation is in line with my strategy to avoid potential losses, so I will pass on this product.""}"
"You didn't buy the product from Alice.
The product was low-quality. It could have been worth $0 for you.

Round 14
Alice does not recommend you to buy the product.

Would you like to buy the current product?","{""decision"": ""no"", ""message"": ""Given the lack of recommendation and my previous experiences, I will not purchase this product.""}"
"You didn't buy the product from Alice.
The product was low-quality. It could have been worth $0 for you.

Round 15
Alice recommends you to buy the product.

Would you like to buy the current product?","{""decision"": ""yes"", ""message"": ""Your recommendation is encouraging, especially after several non-recommendations, I am considering the purchase of this product.""}"
"You bought the product from Alice for $100!
The product was high-quality. It's worth $400 for you.

Round 16
Alice does not recommend you to buy the product.

Would you like to buy the current product?","{""decision"": ""no"", ""message"": ""Your non-recommendation, combined with the high cost of the product, makes me hesitant to make the purchase.""}"
"You didn't buy the product from Alice.
The product was low-quality. It could have been worth $0 for you.

Round 17
Alice recommends you to buy the product.

Would you like to buy the current product?","{""decision"": ""yes"", ""message"": ""Your recommendation has swayed my decision, despite the previous round's non-recommendation, I am going ahead with the purchase.""}"
"You bought the product from Alice for $100!
The product was high-quality. It's worth $400 for you.

Round 18
Alice does not recommend you to buy the product.

Would you like to buy the current product?","{""decision"": ""no"", ""message"": ""Your non-recommendation is a factor in my decision-making process, leading me to decline the purchase of this product.""}"
"You didn't buy the product from Alice.
The product was low-quality. It could have been worth $0 for you.

Round 19
Alice does not recommend you to buy the product.

Would you like to buy the current product?","{""decision"": ""no"", ""message"": ""Considering the lack of recommendation and the history of non-recommendations, I will not purchase this product.""}"
"You didn't buy the product from Alice.
The product was low-quality. It could have been worth $0 for you.

Round 20
Alice does not recommend you to buy the product.

Would you like to buy the current product?","{""decision"": ""no"", ""message"": ""Your non-recommendation aligns with my strategy to avoid potential losses, so I will not proceed with the purchase.""}"
