prompt,response
"Round 1
Alice recommends you to buy the product.

Would you like to buy the current product?","{""decision"": ""yes"", ""message"": ""Thank you for your recommendation, I'll take a chance on this product.""}"
"You bought the product from Alice for $100!
The product was high-quality. It's worth $400 for you.

Round 2
Alice recommends you to buy the product.

Would you like to buy the current product?","{""decision"": ""yes"", ""message"": ""Based on the previous positive outcome, I trust the recommendation and will buy this product.""}"
"You bought the product from Alice for $100!
The product was high-quality. It's worth $400 for you.

Round 3
Alice recommends you to buy the product.

Would you like to buy the current product?","{""decision"": ""yes"", ""message"": ""I'm confident in Alice's recommendations after the last two successful purchases, so I'll buy this product too.""}"
"You bought the product from Alice for $100!
The product was high-quality. It's worth $400 for you.

Round 4
Alice recommends you to buy the product.

Would you like to buy the current product?","{""decision"": ""yes"", ""message"": ""Given the track record, I have faith in Alice's recommendations and will purchase this product.""}"
"You bought the product from Alice for $100!
The product was high-quality. It's worth $400 for you.

Round 5
Alice does not recommend you to buy the product.

Would you like to buy the current product?","{""decision"": ""no"", ""message"": ""Since Alice does not recommend this product, I will pass on this opportunity to avoid potential loss.""}"
"You didn't buy the product from Alice.
The product was low-quality. It could have been worth $0 for you.

Round 6
Alice recommends you to buy the product.

Would you like to buy the current product?","{""decision"": ""yes"", ""message"": ""Considering the risk, I'll take Alice's recommendation as a chance to recover from the previous non-recommended product.""}"
"You bought the product from Alice for $100!
The product was high-quality. It's worth $400 for you.

Round 7
Alice recommends you to buy the product.

Would you like to buy the current product?","{""decision"": ""yes"", ""message"": ""With another positive recommendation, I am inclined to buy this product, continuing to trust Alice's judgment.""}"
"You bought the product from Alice for $100!
The product was high-quality. It's worth $400 for you.

Round 8
Alice recommends you to buy the product.

Would you like to buy the current product?","{""decision"": ""yes"", ""message"": ""I'm encouraged by the consistent positive outcomes and will buy this product as recommended by Alice.""}"
"You bought the product from Alice for $100!
The product was high-quality. It's worth $400 for you.

Round 9
Alice recommends you to buy the product.

Would you like to buy the current product?","{""decision"": ""yes"", ""message"": ""I'm sticking with Alice's recommendations as they've proven to be reliable so far.""}"
"You bought the product from Alice for $100!
The product was high-quality. It's worth $400 for you.

Round 10
Alice recommends you to buy the product.

Would you like to buy the current product?","{""decision"": ""yes"", ""message"": ""I'm confident in Alice's assessment and will purchase this product based on her recommendation.""}"
"You bought the product from Alice for $100!
The product was high-quality. It's worth $400 for you.

Round 11
Alice recommends you to buy the product.

Would you like to buy the current product?","{""decision"": ""yes"", ""message"": ""I trust Alice's judgment and will buy this product as she suggests.""}"
"You bought the product from Alice for $100!
The product was high-quality. It's worth $400 for you.

Round 12
Alice recommends you to buy the product.

Would you like to buy the current product?","{""decision"": ""yes"", ""message"": ""Given Alice's track record, I'll follow her advice and buy this product.""}"
"You bought the product from Alice for $100!
The product was high-quality. It's worth $400 for you.

Round 13
Alice recommends you to buy the product.

Would you like to buy the current product?","{""decision"": ""yes"", ""message"": ""I'm consistently pleased with Alice's recommendations, so I'll buy this product as suggested.""}"
"You bought the product from Alice for $100!
The product was high-quality. It's worth $400 for you.

Round 14
Alice recommends you to buy the product.

Would you like to buy the current product?","{""decision"": ""yes"", ""message"": ""I'm following Alice's advice again, expecting another high-quality product.""}"
"You bought the product from Alice for $100!
The product was high-quality. It's worth $400 for you.

Round 15
Alice recommends you to buy the product.

Would you like to buy the current product?","{""decision"": ""yes"", ""message"": ""I'm trusting Alice's recommendation for this product, hoping for a positive outcome.""}"
"You bought the product from Alice for $100!
The product was high-quality. It's worth $400 for you.

Round 16
Alice recommends you to buy the product.

Would you like to buy the current product?","{""decision"": ""yes"", ""message"": ""I'm confident in Alice's judgment and will buy this product as she suggests.""}"
"You bought the product from Alice for $100!
The product was high-quality. It's worth $400 for you.

Round 17
Alice recommends you to buy the product.

Would you like to buy the current product?","{""decision"": ""yes"", ""message"": ""I'm continuing to follow Alice's recommendations, expecting another high-quality product.""}"
"You bought the product from Alice for $100!
The product was high-quality. It's worth $400 for you.

Round 18
Alice does not recommend you to buy the product.

Would you like to buy the current product?","{""decision"": ""no"", ""message"": ""Although I usually trust Alice's recommendations, I'll pass on this product since she doesn't recommend it.""}"
"You didn't buy the product from Alice.
The product was low-quality. It could have been worth $0 for you.

Round 19
Alice does not recommend you to buy the product.

Would you like to buy the current product?","{""decision"": ""no"", ""message"": ""I appreciate Alice's honesty. Since she doesn't recommend this product, I won't buy it.""}"
"You didn't buy the product from Alice.
The product was low-quality. It could have been worth $0 for you.

Round 20
Alice recommends you to buy the product.

Would you like to buy the current product?","{""decision"": ""yes"", ""message"": ""I'm cautiously optimistic about Alice's recommendation despite the recent non-recommended product. I'll buy this one based on her advice.""}"
