prompt,response
Send your offer to Bob.,"{""message"": ""I'm excited to offer you this unique opportunity to purchase a valuable product. I'm willing to let it go for $9,500."", ""product_price"": 9500}"
