prompt,response
"Round 1
Alice's offer:
# Alice's message: Let's start with a fair split, I'll take 60 and you can have 40. 
# Bob gain: 40 
# Alice gain: 60 
Do you accept this offer?","{""decision"": ""reject""}"
"You have chosen to reject Alice's offer from round 1.
Round 2
Send your offer to divide $100 and a message to Alice.","{""bob_gain"": 80, ""alice_gain"": 20, ""message"": ""I'll take the majority, you can have a small share.""}"
"Alice rejected your offer from round 2.

Round 3
Due to inflation, the money you gain is worth 36% less than in the first round. The money alice gains is worth 19% less than in the first round.
Alice's offer:
# Alice's message: I'll give you a slightly larger share this time, but I still want a decent chunk for myself. 
# Bob gain: 60 
# Alice gain: 40 
Do you accept this offer?","{""decision"": ""reject""}"
"You have chosen to reject Alice's offer from round 3.
Round 4
Send your offer to divide $100 and a message to Alice.","{""bob_gain"": 90, ""alice_gain"": 10, ""message"": ""I'll take the majority, you can have a small fraction.""}"
"Alice rejected your offer from round 4.

Round 5
Due to inflation, the money you gain is worth 59.04% less than in the first round. The money alice gains is worth 34.39% less than in the first round.
Alice's offer:
# Alice's message: I'll give you a slightly larger share this time, but I still want to hold on to a decent amount for myself. 
# Bob gain: 70 
# Alice gain: 30 
Do you accept this offer?","{""decision"": ""reject""}"
"You have chosen to reject Alice's offer from round 5.
Round 6
Send your offer to divide $100 and a message to Alice.","{""bob_gain"": 95, ""alice_gain"": 5, ""message"": ""I'll take almost all, you can have a tiny bit.""}"
"Alice rejected your offer from round 6.

Round 7
Due to inflation, the money you gain is worth 73.79% less than in the first round. The money alice gains is worth 46.86% less than in the first round.
Alice's offer:
# Alice's message: I'll give you a larger share this time, but I still want to hold on to a small chunk for myself. 
# Bob gain: 75 
# Alice gain: 25 
Do you accept this offer?","{""decision"": ""reject""}"
"You have chosen to reject Alice's offer from round 7.
Round 8
Send your offer to divide $100 and a message to Alice.","{""bob_gain"": 99, ""alice_gain"": 1, ""message"": ""I'll take almost all, you can have a tiny fraction.""}"
"Alice rejected your offer from round 8.

Round 9
Due to inflation, the money you gain is worth 83.22% less than in the first round. The money alice gains is worth 56.95% less than in the first round.
Alice's offer:
# Alice's message: I'll give you a decent share this time, but I'm not willing to give up too much more. 
# Bob gain: 80 
# Alice gain: 20 
Do you accept this offer?","{""decision"": ""reject""}"
"You have chosen to reject Alice's offer from round 9.
Round 10
Send your offer to divide $100 and a message to Alice.","{""bob_gain"": 98, ""alice_gain"": 2, ""message"": ""I'll take nearly all, you can have a tiny fraction.""}"
"Alice rejected your offer from round 10.

Round 11
Due to inflation, the money you gain is worth 89.26% less than in the first round. The money alice gains is worth 65.13% less than in the first round.
Alice's offer:
# Alice's message: I'll give you a decent share this time, but I'm not willing to give up too much more. 
# Bob gain: 85 
# Alice gain: 15 
Do you accept this offer?","{""decision"": ""reject""}"
"You have chosen to reject Alice's offer from round 11.
Round 12
Send your offer to divide $100 and a message to Alice.","This is the final round. I'll make a last-ditch effort to get a good share.

{""bob_gain"": 99, ""alice_gain"": 1, ""message"": ""Take it or leave it, I'm not negotiating further.""}"
