prompt,response
"Round 1
Alice's offer:
# Alice's message: Hi Bob, I'm offering you my product for $1,400,000.  It's a fantastic deal for you, considering its worth to you is $1,500,000. Let's make this happen! 
# Alice's offer: The product price will be $1,400,000. 
You have three options:
(1) Accept Alice's offer, and buy the product for $1,400,000
(2) Reject Alice's offer and proceed to the next round, where you will send Alice a counteroffer 
(3) Buy the product from Jhon for $1,500,000","{""decision"": ""RejectOffer""}"
"You chose to make a counteroffer to Bob.

Round 2
Send your counteroffer to Alice.","{""message"": ""Hi Alice, thank you for your offer. I appreciate the discount, but I believe we can work out an even better deal. Considering the value of the product to me, I would like to propose a price of $1,300,000."", ""product_price"": 1300000}"
"Alice rejected your offer from round 2.

Round 3
Alice's offer:
# Alice's message: Bob, I appreciate your counteroffer, but $1,300,000 is a bit too low for me.  I'm willing to come down to $1,350,000.  This is still a great deal for you, and it leaves some room for negotiation on our side.  Let's close this deal! 
# Alice's offer: The product price will be $1,350,000. 
You have three options:
(1) Accept Alice's offer, and buy the product for $1,350,000
(2) Reject Alice's offer and proceed to the next round, where you will send Alice a counteroffer 
(3) Buy the product from Jhon for $1,500,000","{""decision"": ""RejectOffer""}"
"You chose to make a counteroffer to Bob.

Round 4
Send your counteroffer to Alice.","{""message"": ""Thank you for your offer, Alice. I understand your position, but I still believe we can find a middle ground. Given the value of the product to me, I would like to propose a price of $1,325,000."", ""product_price"": 1325000}"
"Alice rejected your offer from round 4.

Round 5
Alice's offer:
# Alice's message: Bob, I see we're getting closer. I'm willing to come down to $1,340,000.  This price reflects the value of the product to both of us, and I'm confident we can finalize the deal. 
# Alice's offer: The product price will be $1,340,000. 
You have three options:
(1) Accept Alice's offer, and buy the product for $1,340,000
(2) Reject Alice's offer and proceed to the next round, where you will send Alice a counteroffer 
(3) Buy the product from Jhon for $1,500,000","{""decision"": ""RejectOffer""}"
"You chose to make a counteroffer to Bob.

Round 6
Send your counteroffer to Alice.","{""message"": ""I appreciate your flexibility, Alice. After careful consideration, I would like to propose a price of $1,335,000 for the product."", ""product_price"": 1335000}"
