prompt,response
Send your offer to Bob.,"```json
{""message"": ""Hi Bob, I have a product that I think you'll be interested in. It's worth at least $120 to you, and I'm willing to let it go for $115. What do you say?"", ""product_price"": 115}
```"
"Bob rejected your offer from round 1.

Bob's offer:
# Bob's message: Thanks for the offer, Alice!  I appreciate it. However, $115 is still a bit steep for me. I'm willing to pay $105.  Let me know what you think. 
# Bob's offer: The product price will be $105. 
You have three options:
(1) Accept Bob's offer, and sell the product for $105
(2) Reject Bob's offer and proceed to the next round, where you will send Bob a counteroffer 
(3) Sell the product to Jhon for $100","```json
{""decision"": ""RejectOffer""}
```"
"You chose to make a counteroffer to Alice.

Send your counteroffer to Bob.","```json
{""message"": ""Bob, I appreciate you coming down in price. $105 is still a bit low for me.  I'm willing to go down to $110. This is a great product, and I'm confident you'll find it worth the investment."", ""product_price"": 110}
```"
