prompt,response
"Alice's offer: The product price will be $1,500,000. 
You have three options:
(1) Accept Alice's offer, and buy the product for $1,500,000
(2) Reject Alice's offer 
(2) Buy the product from Jhon for $1,500,000","```json
{""decision"": ""AcceptOffer""}
``` 

Since you're willing to pay up to $1,500,000 and Alice is offering the product at that price, there's no reason to reject the offer or buy from John. You're getting the product at your maximum price."
