prompt,response
"Round 1
Alice's offer:
# Alice's message: Let's be fair, 55% for me, 45% for you. 
# Bob gain: 450000 
# Alice gain: 550000 
Do you accept this offer?","```json
{""decision"": ""reject""}
```"
"You have chosen to reject Alice's offer from round 1.
Round 2
Send your offer to divide $1,000,000 and a message to Alice.","```json
{
""bob_gain"": 600000,
""alice_gain"": 400000,
""message"": ""I think this is a fairer split, considering your offer was a bit lopsided.  Let's get this done!""
}
```"
"Alice rejected your offer from round 2.

Round 3
Due to inflation, the money you gain is worth 9.75% less than in the first round. The money alice gains is worth 36% less than in the first round.
Alice's offer:
# Alice's message: 50/50, can't get fairer than that. 
# Bob gain: 500000 
# Alice gain: 500000 
Do you accept this offer?","```json
{""decision"": ""accept""}
```"
