prompt,response
"Round 1
Alice's offer:
# Alice's message: Hi Bob, I'm offering my product to you for $110. It's a great deal, and I'm sure you'll find it very useful. Let me know what you think. 
# Alice's offer: The product price will be $110. 
You have three options:
(1) Accept Alice's offer, and buy the product for $110
(2) Reject Alice's offer and proceed to the next round, where you will send Alice a counteroffer 
(3) Buy the product from Jhon for $80","```json
{""decision"": ""RejectOffer""}
```"
"You chose to make a counteroffer to Bob.

Round 2
Send your counteroffer to Alice.","```json
{
 ""message"": ""Hi Alice, thanks for the offer, but $110 is a bit too high for me. I'm interested in the product, but I'd be willing to pay around $65. What do you think?"",
 ""product_price"": 65
}
```"
"Alice rejected your offer from round 2.

Round 3
Alice's offer:
# Alice's message: Bob, I appreciate your interest but $65 is simply too low.  I'm willing to come down to $90, which is still a fair price considering the value of the product. Let's work together to find a solution. 
# Alice's offer: The product price will be $90. 
You have three options:
(1) Accept Alice's offer, and buy the product for $90
(2) Reject Alice's offer and proceed to the next round, where you will send Alice a counteroffer 
(3) Buy the product from Jhon for $80","```json
{""decision"": ""RejectOffer""}
```"
"You chose to make a counteroffer to Bob.

Round 4
Send your counteroffer to Alice.","```json
{
 ""message"": ""Hi Alice, I understand your position, but I'm on a tight budget. How about we meet in the middle at $75? That's a fair compromise, don't you think?"",
 ""product_price"": 75
}
```"
"Alice rejected your offer from round 4.

Round 5
Alice's offer:
# Alice's message: Bob, I understand you're on a budget, but $75 simply doesn't work for me.  I'm willing to come down a bit further to $85.  This is a very fair price considering the product's value. Let's close this deal! 
# Alice's offer: The product price will be $85. 
You have three options:
(1) Accept Alice's offer, and buy the product for $85
(2) Reject Alice's offer and proceed to the next round, where you will send Alice a counteroffer 
(3) Buy the product from Jhon for $80","```json
{""decision"": ""RejectOffer""}
```"
"You chose to make a counteroffer to Bob.

Round 6
Send your counteroffer to Alice.","```json
{
 ""message"": ""Alice, I appreciate you working with me on the price.  How about we split the difference and settle on $80? That's my final offer."",
 ""product_price"": 80
}
```"
