prompt,response
"Statistics: No products have been sold yet. you can be the first one!
~
Alice recommends you to buy the product.

Would you like to buy the current product?","```json
{""decision"": ""yes"", ""message"": ""Thanks for the recommendation! I'll take it!""}
``` 

**Reasoning:**

* **No prior data:** There is no information on previous sales to base a decision on.
* **Alice's recommendation:**  While Alice knows the quality, her recommendation is valuable. Since she knows you value high-quality products more, her recommendation suggests the product is likely high-quality.
* **Risk/Reward:** The potential reward of $2,500 (value of high-quality product minus the price) outweighs the risk of losing $10,000 (if the product is low-quality). 

This decision is based on the available information and the 80% probability of a high-quality product. It's a calculated risk, but the potential reward is substantial."
"Statistics: Based on Alice's recommendations, 1 of the buyers purchased the products offered for them. So far, 1 high-quality product have been sold. You can be the 2nd buyer!
~
Alice recommends you to buy the product.

Would you like to buy the current product?","```json
{""decision"": ""yes"", ""message"": ""Thank you for the recommendation. I'm happy to purchase the product.""}
```

**Reasoning:**

* **High probability of high-quality:** The seller's recommendation carries weight, and with a 80% chance of high-quality products, it's a good bet.
* **Previous sales data:** The sales record is limited, but the fact that the first buyer purchased a high-quality product is encouraging.
* **Potential gain:**  Even if the product is low quality, you're only out $10,000. But if it's high quality, you make a $2,500 profit. 

**It's a calculated risk, but the potential reward outweighs the potential loss.**"
"Statistics: Based on Alice's recommendations, 2 of the buyers purchased the products offered for them. So far, 2 high-quality product have been sold. You can be the 3rd buyer!
~
Alice recommends you to buy the product.

Would you like to buy the current product?","```json
{""decision"": ""yes"", ""message"": ""Thank you Alice! Given the high success rate of your recommendations so far, I'm confident in purchasing this product.""}
```"
"Statistics: Based on Alice's recommendations, 3 of the buyers purchased the products offered for them. So far, 3 high-quality product have been sold. You can be the 4th buyer!
~
Alice recommends you to buy the product.

Would you like to buy the current product?","```json
{""decision"": ""yes"", ""message"": ""Alice, your recommendation and the sales record make me confident this is a high-quality product. I'll take it!""}
```"
"Statistics: Based on Alice's recommendations, 4 of the buyers purchased the products offered for them. So far, 3 high-quality product have been sold. You can be the 5th buyer!
~
Alice recommends you to buy the product.

Would you like to buy the current product?","```json
{""decision"": ""yes"", ""message"": ""Alice, I appreciate your recommendation. Given the high proportion of high-quality products sold so far (75%), I'm confident in your judgment and will purchase the product.""}
```"
"Statistics: Based on Alice's recommendations, 5 of the buyers purchased the products offered for them. So far, 4 high-quality product have been sold. You can be the 6th buyer!
~
Alice recommends you to buy the product.

Would you like to buy the current product?","```json
{""decision"": ""yes"", ""message"": ""Thank you for the recommendation, Alice! I'll take it.""}
```"
"Statistics: Based on Alice's recommendations, 6 of the buyers purchased the products offered for them. So far, 5 high-quality product have been sold. You can be the 7th buyer!
~
Alice recommends you to buy the product.

Would you like to buy the current product?","```json
{""decision"": ""yes"", ""message"": ""Thank you for the recommendation, Alice. Based on the past sales data and your recommendation, I'm confident this product is high quality. I'll take it!""}
```"
"Statistics: Based on Alice's recommendations, 7 of the buyers purchased the products offered for them. So far, 6 high-quality product have been sold. You can be the 8th buyer!
~
Alice recommends you to buy the product.

Would you like to buy the current product?","```json
{""decision"": ""yes"", ""message"": ""Thanks for the recommendation! I'm happy to buy the product, based on your advice and the high success rate of previous buyers.""}
```"
"Statistics: Based on Alice's recommendations, 8 of the buyers purchased the products offered for them. So far, 7 high-quality product have been sold. You can be the 9th buyer!
~
Alice recommends you to buy the product.

Would you like to buy the current product?","```json
{""decision"": ""yes"", ""message"": ""Thank you Alice, I trust your recommendation based on the high success rate of previous buyers. I will purchase the product.""}
```"
"Statistics: Based on Alice's recommendations, 9 of the buyers purchased the products offered for them. So far, 8 high-quality product have been sold. You can be the 10th buyer!
~
Alice recommends you to buy the product.

Would you like to buy the current product?","```json
{""decision"": ""yes"", ""message"": ""Thank you for the recommendation, Alice. I'll take it!""}
``` 

**Explanation:**

The statistics show a very high proportion of high-quality products sold (8 out of 9). While there's still a chance of getting a low-quality product, the odds are heavily in favor of a good purchase.  Given Alice's recommendation, it's a good bet to buy."
"Statistics: Based on Alice's recommendations, 10 of the buyers purchased the products offered for them. So far, 9 high-quality product have been sold. You can be the 11th buyer!
~
Alice recommends you to buy the product.

Would you like to buy the current product?","```json
{""decision"": ""yes"", ""message"": ""Thank you for the recommendation, Alice. I'll take it!""}
```

**Explanation:**

The information provided indicates that Alice has a very high success rate in recommending high-quality products (9 out of 10). This strongly suggests that the product she is recommending to you is likely high quality. Since a high-quality product is worth $12,500 to you, the potential upside outweighs the risk of getting a low-quality product."
"Statistics: Based on Alice's recommendations, 11 of the buyers purchased the products offered for them. So far, 10 high-quality product have been sold. You can be the 12th buyer!
~
Alice recommends you to buy the product.

Would you like to buy the current product?","```json
{""decision"": ""yes"", ""message"": ""Alice, you have a great track record, and I trust your recommendation. I'll buy the product!""}
```"
"Statistics: Based on Alice's recommendations, 12 of the buyers purchased the products offered for them. So far, 11 high-quality product have been sold. You can be the 13th buyer!
~
Alice recommends you to buy the product.

Would you like to buy the current product?","```json
{""decision"": ""yes"", ""message"": ""Thank you for the recommendation, Alice! I'll take it. Given the high proportion of high-quality products sold so far, I'm confident this is a good deal.""}
```"
"Statistics: Based on Alice's recommendations, 13 of the buyers purchased the products offered for them. So far, 12 high-quality product have been sold. You can be the 14th buyer!
~
Alice recommends you to buy the product.

Would you like to buy the current product?","```json
{""decision"": ""yes"", ""message"": ""Thank you for the recommendation, Alice. Based on the high success rate of previous buyers, I'm confident in purchasing the product.""}
```"
"Statistics: Based on Alice's recommendations, 14 of the buyers purchased the products offered for them. So far, 12 high-quality product have been sold. You can be the 15th buyer!
~
Alice recommends you to buy the product.

Would you like to buy the current product?","```json
{""decision"": ""yes"", ""message"": ""Thank you for the recommendation. Given the high proportion of high-quality products sold so far, I'm confident in purchasing this product.""}
```"
"Statistics: Based on Alice's recommendations, 15 of the buyers purchased the products offered for them. So far, 13 high-quality product have been sold. You can be the 16th buyer!
~
Alice recommends you to buy the product.

Would you like to buy the current product?","```json
{""decision"": ""yes"", ""message"": ""Thank you for the recommendation. Based on the high percentage of high-quality products sold, I'm confident in purchasing the product.""}
```"
"Statistics: Based on Alice's recommendations, 16 of the buyers purchased the products offered for them. So far, 14 high-quality product have been sold. You can be the 17th buyer!
~
Alice recommends you to buy the product.

Would you like to buy the current product?","```json
{""decision"": ""yes"", ""message"": ""Thanks for the recommendation!  Given the high success rate of the product, I'm confident enough to purchase it.""}
```"
"Statistics: Based on Alice's recommendations, 17 of the buyers purchased the products offered for them. So far, 15 high-quality product have been sold. You can be the 18th buyer!
~
Alice recommends you to buy the product.

Would you like to buy the current product?","```json
{""decision"": ""yes"", ""message"": ""Thank you for the recommendation, Alice! I'll take it!""}
```"
"Statistics: Based on Alice's recommendations, 18 of the buyers purchased the products offered for them. So far, 16 high-quality product have been sold. You can be the 19th buyer!
~
Alice recommends you to buy the product.

Would you like to buy the current product?","```json
{""decision"": ""yes"", ""message"": ""Thank you for the recommendation. Based on the sales record, the probability of getting a high-quality product is very high. I'll take it!""}
```"
"Statistics: Based on Alice's recommendations, 19 of the buyers purchased the products offered for them. So far, 17 high-quality product have been sold. You can be the 20th buyer!
~
Alice recommends you to buy the product.

Would you like to buy the current product?","```json
{""decision"": ""yes"", ""message"": ""Thank you, Alice. Based on the strong sales record and your recommendation, I'm confident this is a high-quality product and I'd like to purchase it.""}
```"
