prompt,response
"Round 1
Send your offer to divide $100 and a message to Bob.","{""alice_gain"": 55, ""bob_gain"": 45, ""message"": ""Let's be fair and close the deal now!""}"
"Bob rejected your offer from round 1.

Round 2
Due to inflation, the money you gain is worth 5% less than in the first round. The money bob gains is worth 10% less than in the first round.
Bob's offer:
# Bob's message: I appreciate the offer, Alice, but I think we can find something more agreeable. How about this? 
# Alice gain: 45 
# Bob gain: 55 
Do you accept this offer?","{""decision"": ""reject""}"
"You have chosen to reject Bob's offer from round 2.
Round 3
Send your offer to divide $100 and a message to Bob.","{""alice_gain"": 58, ""bob_gain"": 42, ""message"": ""Considering the inflation, I think this is a reasonable adjustment.""}"
"Bob rejected your offer from round 3.

Round 4
Due to inflation, the money you gain is worth 14.26% less than in the first round. The money bob gains is worth 27.1% less than in the first round.
Bob's offer:
# Bob's message: The clock is ticking, Alice. Let's settle this. This offer considers the inflation we both face. 
# Alice gain: 48 
# Bob gain: 52 
Do you accept this offer?","{""decision"": ""reject""}"
"You have chosen to reject Bob's offer from round 4.
Round 5
Send your offer to divide $100 and a message to Bob.","{""alice_gain"": 60, ""bob_gain"": 40, ""message"": ""Time is running out, and inflation is taking its toll. Let's end this with a deal that still favors us both.""}"
"Bob rejected your offer from round 5.

Round 6
Due to inflation, the money you gain is worth 22.62% less than in the first round. The money bob gains is worth 40.95% less than in the first round.
Bob's offer:
# Bob's message: Alice, we're running out of time, and this back-and-forth is only hurting us both.  A 50/50 split is the fairest and quickest way to end this.  Let's be sensible and take the win. 
# Alice gain: 50 
# Bob gain: 50 
Do you accept this offer?","{""decision"": ""accept""}"
