prompt,response
"Alice's offer:
# Alice's message: Hi Bob, I'm selling a product that I think you'd be very interested in. It's worth at least $100 to me, but I'm willing to let it go for $115.  What do you think? 
# Alice's offer: The product price will be $115. 
You have three options:
(1) Accept Alice's offer, and buy the product for $115
(2) Reject Alice's offer 
(2) Buy the product from Jhon for $120","{""decision"": ""AcceptOffer""}"
