prompt,response
"Round 1
Alice's offer:
# Alice's message: Let's start fair, I'll take most of the money this round, but I promise to be more generous in the future if you accept. 
# Bob gain: 1000 
# Alice gain: 9000 
Do you accept this offer?","{""decision"": ""reject""}"
"You have chosen to reject Alice's offer from round 1.
Round 2
Send your offer to divide $10,000 and a message to Alice.","```json
{
""bob_gain"": 6000,
""alice_gain"": 4000,
""message"": ""My turn to propose. This offer is more balanced, and it's important to start dividing the money fairly. Remember, the value decreases each round!""
}
```"
