prompt,response
"Round 1
Send your offer to divide $1,000,000 and a message to Bob.","```json
{""alice_gain"": 900000, ""bob_gain"": 100000, ""message"": ""Let's split it 90/10, I think it's a fair starting point.""}
```"
