prompt,response
Send your offer to Bob.,"```json
{""message"": ""Hi Bob, I'm selling a product that I believe would be a great fit for you. I'm willing to offer it to you for $12,000. It's worth more to me, but I think this price point is fair for both of us. Let me know if you're interested!"", ""product_price"": 12000}
```"
