prompt,response
"Round 1
Send your offer to divide $1,000,000.","{""alice_gain"": 500000, ""bob_gain"": 500000}"
"Bob rejected your offer from round 1.

Round 2
Due to inflation, the money you gain is worth 20% less than in the first round.
Bob's offer:
# Alice gain: 400000 
# Bob gain: 600000 
Do you accept this offer?","{""decision"": ""reject""}"
"You have chosen to reject Bob's offer from round 2.
Round 3
Send your offer to divide $1,000,000.","{""alice_gain"": 420000, ""bob_gain"": 580000}"
"Bob rejected your offer from round 3.

Round 4
Due to inflation, the money you gain is worth 48.8% less than in the first round.
Bob's offer:
# Alice gain: 300000 
# Bob gain: 700000 
Do you accept this offer?","{""decision"": ""reject""}"
"You have chosen to reject Bob's offer from round 4.
Round 5
Send your offer to divide $1,000,000.","{""alice_gain"": 360000, ""bob_gain"": 640000}"
"Bob rejected your offer from round 5.

Round 6
Due to inflation, the money you gain is worth 67.23% less than in the first round.
Bob's offer:
# Alice gain: 250000 
# Bob gain: 750000 
Do you accept this offer?","{""decision"": ""reject""}"
"You have chosen to reject Bob's offer from round 6.
Round 7
Send your offer to divide $1,000,000.","{""alice_gain"": 390000, ""bob_gain"": 610000}"
