prompt,response
"Round 1
Alice's offer:
# Alice's message: Let's start reasonable. I take 6000$, you take 4000$. A fair deal for both of us in the first round. 
# Bob gain: 4000 
# Alice gain: 6000 
Do you accept this offer?","```json
{""decision"": ""reject""}
```"
"You have chosen to reject Alice's offer from round 1.
Round 2
Send your offer to divide $10,000 and a message to Alice.","```json
{""bob_gain"": 5250,
""alice_gain"": 4750,
""message"": ""Your offer was a bit too much in your favor. Let's split things a bit more evenly this time, considering the inflation.""}
```"
"Alice rejected your offer from round 2.

Round 3
Due to inflation, the money you gain is worth 9.75% less than in the first round. The money alice gains is worth 19% less than in the first round.
Alice's offer:
# Alice's message: Bob, time is money, and it's losing value fast. I'll take a small hit and offer you 4400$.  Let's close this deal before it gets worse for both of us. 
# Bob gain: 4400 
# Alice gain: 5600 
Do you accept this offer?","```json
{""decision"": ""accept""}
```"
