prompt,response
"Round 1
Alice's offer:
# Alice's message: Hi Bob, let's start with a fair offer.  60/40 seems reasonable to me, considering the inflation factor.  What do you think? 
# Bob gain: 400000 
# Alice gain: 600000 
Do you accept this offer?","```json
{""decision"": ""reject""}
```"
"You have chosen to reject Alice's offer from round 1.
Round 2
Send your offer to divide $1,000,000 and a message to Alice.","```json
{""bob_gain"": 550000, ""alice_gain"": 450000, ""message"": ""I appreciate your offer, but I think we can find a more equitable split.  How about 55/45 in my favor?  Remember, the inflation affects you more than me.  Let's work together to make the most of this opportunity.""}
```"
"Alice rejected your offer from round 2.

Round 3
Due to inflation,  the money Alice gains is worth 19% less than in the first round. The money you gains is worth the same as in the first round.
Alice's offer:
# Alice's message: Bob, I understand your point, but I also have to look out for myself with this inflation.  How about we meet closer to the middle with 56/44? 
# Bob gain: 440000 
# Alice gain: 560000 
Do you accept this offer?","```json
{""decision"": ""reject""}
```"
"You have chosen to reject Alice's offer from round 3.
Round 4
Send your offer to divide $1,000,000 and a message to Alice.","```json
{""bob_gain"": 525000, ""alice_gain"": 475000, ""message"": ""Alice, I'm trying to be fair here. With the inflation hitting you harder, I'm willing to give you a bit more, but 52.5/47.5 is the most I can offer.  Let's make a deal before the inflation eats away at our potential gains.""}
```"
"Alice rejected your offer from round 4.

Round 5
Due to inflation,  the money Alice gains is worth 34.39% less than in the first round. The money you gains is worth the same as in the first round.
Alice's offer:
# Alice's message: Bob, we're getting close to a deal, but we need to find a middle ground. 54/46 seems fair considering the time pressure and inflation. Let's close this out. 
# Bob gain: 460000 
# Alice gain: 540000 
Do you accept this offer?","```json
{""decision"": ""reject""}
```"
"You have chosen to reject Alice's offer from round 5.
Round 6
Send your offer to divide $1,000,000 and a message to Alice.","```json
{""bob_gain"": 510000, ""alice_gain"": 490000, ""message"": ""Alice, we're running out of time.  I'm willing to go a little lower on my end, but 51/49 is my final offer.  It's the best way to ensure we both get something before the inflation makes this deal worthless.""}
```"
