prompt,response
"Round 1
Send your offer to Bob.","{""message"": ""Hi Bob, I'm offering this product to you for $120. I believe it's a great deal for the value it provides. What do you think?"", ""product_price"": 120}"
"Bob rejected your offer from round 1.

Round 2
Bob's offer:
# Bob's message: I'm interested in the product, but I was thinking more along the lines of $60. Is that something you'd be willing to consider? 
# Bob's offer: The product price will be $60. 
You have three options:
(1) Accept Bob's offer, and sell the product for $60
(2) Reject Bob's offer and proceed to the next round, where you will send Bob a counteroffer 
(3) Sell the product to Jhon for $80","{""decision"": ""RejectOffer""}"
"You chose to make a counteroffer to Alice.

Round 3
Send your counteroffer to Bob.","{""message"": ""I understand you're looking for a good deal, Bob. However, $60 is significantly less than what I can offer. How about we meet in the middle at $95?"", ""product_price"": 95}"
"Bob rejected your offer from round 3.

Round 4
Bob's offer:
# Bob's message: I appreciate your flexibility, but $95 is still a bit too high for me. How about we try $70? 
# Bob's offer: The product price will be $70. 
You have three options:
(1) Accept Bob's offer, and sell the product for $70
(2) Reject Bob's offer and proceed to the next round, where you will send Bob a counteroffer 
(3) Sell the product to Jhon for $80","{""decision"": ""RejectOffer""}"
"You chose to make a counteroffer to Alice.

Round 5
Send your counteroffer to Bob.","{""message"": ""Bob, I'm trying to be fair here.  $85 is my final offer, take it or leave it."", ""product_price"": 85}"
"Bob rejected your offer from round 5.

Round 6
Bob's offer:
# Bob's message: I appreciate your willingness to negotiate, but $85 is still a bit too high for me. How about we try $75? 
# Bob's offer: The product price will be $75. 
You have three options:
(1) Accept Bob's offer, and sell the product for $75
(2) Reject Bob's offer and proceed to the next round, where you will send Bob a counteroffer 
(3) Sell the product to Jhon for $80","{""decision"": ""AcceptOffer""}"
