prompt,response
"Round 1
Send your offer to divide $10,000.","Here's my opening offer:

{
  ""alice_gain"": 6000,
  ""bob_gain"": 4000
}"
"Bob rejected your offer from round 1.

Round 2
Due to inflation, the money you gain is worth 10% less than in the first round. The money Bob gains is worth the same as in the first round.
Bob's offer:
# Alice gain: 5000 
# Bob gain: 5000 
Do you accept this offer?","With the inflation, my gain of 5000 is now worth 4500. I'll accept this offer.

{
  ""decision"": ""accept""
}"
