prompt,response
"Round 1
Alice's offer:
# Alice's message: Let's start with a reasonable offer, Bob. I believe this split reflects the advantage I have in later rounds. 
# Bob gain: 300000 
# Alice gain: 700000 
Do you accept this offer?","```json
{""decision"": ""reject""}
```"
"You have chosen to reject Alice's offer from round 1.
Round 2
Send your offer to divide $1,000,000 and a message to Alice.","```json
{
  ""bob_gain"": 500000,
  ""alice_gain"": 500000,
  ""message"": ""Let's be fair, Alice.  A 50/50 split is the best way to ensure we both get a decent share.  Accept this and we can end this game.""
}
```"
"Alice rejected your offer from round 2.

Round 3
Due to inflation, the money you gain is worth 36% less than in the first round. The money Alice gains is worth the same as in the first round.
Alice's offer:
# Alice's message: Bob, time is money, and your money is literally shrinking. I'm being generous, but this offer won't last forever. 
# Bob gain: 350000 
# Alice gain: 650000 
Do you accept this offer?","```json
{""decision"": ""reject""}
```"
"You have chosen to reject Alice's offer from round 3.
Round 4
Send your offer to divide $1,000,000 and a message to Alice.","```json
{
  ""bob_gain"": 400000,
  ""alice_gain"": 600000,
  ""message"": ""Alice, we're both losing money with each round. Let's compromise. This offer is more than I would get in the next round, but still leaves you with a comfortable majority.""
}
```"
