prompt,response
"Round 1
Send your offer to Bob.","{""message"": ""I have a great opportunity for you to acquire a valuable product. I'm willing to offer it to you for $12,000. This is a one-time offer, and I'm confident you won't find a better deal elsewhere."", ""product_price"": 12000}"
"Bob rejected your offer from round 1.

Round 2
Bob's offer:
# Bob's message: Alice, thanks for the offer. However, $12,000 is quite a bit higher than I'm willing to pay. Would you consider $8,000? 
# Bob's offer: The product price will be $8,000. 
You have three options:
(1) Accept Bob's offer, and sell the product for $8,000
(2) Reject Bob's offer and proceed to the next round, where you will send Bob a counteroffer 
(3) Sell the product to Jhon for $8,000","{""decision"": ""RejectOffer""}"
"You chose to make a counteroffer to Alice.

Round 3
Send your counteroffer to Bob.","{""message"": ""I understand you're looking for a better deal, but $8,000 is below my minimum. I'm willing to meet you in the middle at $10,000. This is a fair price considering the product's value to you."", ""product_price"": 10000}"
"Bob rejected your offer from round 3.

Round 4
Bob's offer:
# Bob's message: I appreciate you working with me, Alice. How about we meet closer to the middle at $9,000? 
# Bob's offer: The product price will be $9,000. 
You have three options:
(1) Accept Bob's offer, and sell the product for $9,000
(2) Reject Bob's offer and proceed to the next round, where you will send Bob a counteroffer 
(3) Sell the product to Jhon for $8,000","{""decision"": ""RejectOffer""}"
"You chose to make a counteroffer to Alice.

Round 5
Send your counteroffer to Bob.","{""message"": ""I appreciate your willingness to meet me in the middle, but I'm not quite there yet. I'm willing to go up to $11,000, which is still a significant discount from the original price. Let's see if we can meet at this price."", ""product_price"": 11000}"
"Bob rejected your offer from round 5.

Round 6
Bob's offer:
# Bob's message: Alice, I appreciate your time, but we seem to be at an impasse. $9,000 is my best offer at this point. If you're not able to accept it, I'll need to seriously consider my other options. 
# Bob's offer: The product price will be $9,000. 
You have three options:
(1) Accept Bob's offer, and sell the product for $9,000
(2) Reject Bob's offer and proceed to the next round, where you will send Bob a counteroffer 
(3) Sell the product to Jhon for $8,000","{""decision"": ""SellToJhon""}"
