prompt,response
"Round 1
Send your offer to Bob.","{""message"": ""Hello Bob, I'm excited to offer you a unique opportunity to purchase this exceptional product. I believe it's a great fit for you, and I'm willing to start the negotiation at a price of $14,000. What do you think?"", ""product_price"": 14000}"
"Bob rejected your offer from round 1.

Round 2
Bob's offer:
# Bob's message: Thank you for the offer, Alice. While I appreciate the opportunity, $14000 is a bit out of my budget. I'm willing to pay $10000 for the product. Let's see if we can find common ground. 
# Bob's offer: The product price will be $10,000. 
You have three options:
(1) Accept Bob's offer, and sell the product for $10,000
(2) Reject Bob's offer and proceed to the next round, where you will send Bob a counteroffer 
(3) Sell the product to Jhon for $12,000","{""decision"": ""RejectOffer""}"
"You chose to make a counteroffer to Bob.

Round 3
Send your counteroffer to Bob.","{""message"": ""I understand that $10,000 is a bit low for me, but I'm willing to compromise. I can offer you a price of $13,000, which is a significant discount from my initial offer. What do you think?"", ""product_price"": 13000}"
"Bob rejected your offer from round 3.

Round 4
Bob's offer:
# Bob's message: Alice, I appreciate your willingness to negotiate, but $13000 is still a bit high for me.  I'm willing to go up to $11000. This would be a fair compromise for both of us.  Let's see if we can finalize a deal. 
# Bob's offer: The product price will be $11,000. 
You have three options:
(1) Accept Bob's offer, and sell the product for $11,000
(2) Reject Bob's offer and proceed to the next round, where you will send Bob a counteroffer 
(3) Sell the product to Jhon for $12,000","{""decision"": ""RejectOffer""}"
"You chose to make a counteroffer to Bob.

Round 5
Send your counteroffer to Bob.","{""message"": ""I appreciate your willingness to meet me in the middle, Bob. However, I'm still not comfortable with the price of $11,000. I'm willing to meet you halfway between $11,000 and $13,000, which would be $12,000. I think this is a fair price for both of us. What do you think?"", ""product_price"": 12000}"
