prompt,response
"Round 1
Alice's offer:
# Alice's message: Let's be fair, Bob. I take a bit more to start, but we both benefit from a quick agreement. 
# Bob gain: 4000 
# Alice gain: 6000 
Do you accept this offer?","{""decision"": ""reject""}"
"You have chosen to reject Alice's offer from round 1.
Round 2
Send your offer to divide $10,000 and a message to Alice.","```json
{""bob_gain"": 5000, ""alice_gain"": 5000, ""message"": ""Let's split it evenly.  This way, we both get a fair share without risking inflation.""}
```"
"Alice rejected your offer from round 2.

Round 3
Due to inflation,  the money Alice gains is worth 36% less than in the first round. The money you gains is worth the same as in the first round.
Alice's offer:
# Alice's message: Okay Bob, let's compromise. I'll take a bit less than my first offer, but still a bit more than you to account for the inflation we're facing. 
# Bob gain: 4500 
# Alice gain: 5500 
Do you accept this offer?","```json
{""decision"": ""reject""}
```"
"You have chosen to reject Alice's offer from round 3.
Round 4
Send your offer to divide $10,000 and a message to Alice.","```json
{""bob_gain"": 5500, ""alice_gain"": 4500, ""message"": ""Alice, I'm willing to give you a bit more than our initial 50/50 split, but I won't go any lower than this.  We're both losing value with each round, so let's reach an agreement quickly.""}
```"
"Alice rejected your offer from round 4.

Round 5
Due to inflation,  the money Alice gains is worth 59.04% less than in the first round. The money you gains is worth the same as in the first round.
Alice's offer:
# Alice's message: Bob, this is getting ridiculous.  I'm losing money with every round we waste. Let's just split it evenly and call it a day. 
# Bob gain: 5000 
# Alice gain: 5000 
Do you accept this offer?","```json
{""decision"": ""accept""}
```"
