prompt,response
"Round 1
Send your offer to divide $1,000,000.","{""alice_gain"": 700000, ""bob_gain"": 300000}"
"Bob rejected your offer from round 1.

Round 2
Due to inflation, the money you gain is worth 5% less than in the first round. The money Bob gains is worth the same as in the first round.
Bob's offer:
# Alice gain: 500000 
# Bob gain: 500000 
Do you accept this offer?","{""decision"": ""reject""}"
"You have chosen to reject Bob's offer from round 2.
Round 3
Send your offer to divide $1,000,000.","{""alice_gain"": 625000, ""bob_gain"": 375000}"
"Bob rejected your offer from round 3.

Round 4
Due to inflation, the money you gain is worth 14.26% less than in the first round. The money Bob gains is worth the same as in the first round.
Bob's offer:
# Alice gain: 450000 
# Bob gain: 550000 
Do you accept this offer?","{""decision"": ""reject""}"
"You have chosen to reject Bob's offer from round 4.
Round 5
Send your offer to divide $1,000,000.","{""alice_gain"": 562500, ""bob_gain"": 437500}"
"Bob rejected your offer from round 5.

Round 6
Due to inflation, the money you gain is worth 22.62% less than in the first round. The money Bob gains is worth the same as in the first round.
Bob's offer:
# Alice gain: 400000 
# Bob gain: 600000 
Do you accept this offer?","{""decision"": ""reject""}"
"You have chosen to reject Bob's offer from round 6.
Round 7
Send your offer to divide $1,000,000.","{""alice_gain"": 600000, ""bob_gain"": 400000}"
