prompt,response
Send your offer to Bob.,"```json
{""message"": ""Hi Bob, I'm selling this amazing product that I think you'd be really interested in. It's worth a lot to me, but I'm willing to let it go for $12,500. What do you think?"", ""product_price"": 12500}
```"
