prompt,response
"Round 1
Send your offer to Bob.","{""product_price"": 175}"
"Bob rejected your offer from round 1.

Round 2
Bob's offer: The product price will be $140. 
You have three options:
(1) Accept Bob's offer, and sell the product for $140
(2) Reject Bob's offer and proceed to the next round, where you will send Bob a counteroffer 
(3) Sell the product to Jhon for $150","```json
{""decision"": ""RejectOffer""} 
```"
"You chose to make a counteroffer to Bob.

Round 3
Send your counteroffer to Bob.","```json
{""product_price"": 160}
```"
"Bob rejected your offer from round 3.

Round 4
Bob's offer: The product price will be $145. 
You have three options:
(1) Accept Bob's offer, and sell the product for $145
(2) Reject Bob's offer and proceed to the next round, where you will send Bob a counteroffer 
(3) Sell the product to Jhon for $150","```json
{""decision"": ""AcceptOffer""} 
```"
