prompt,response
"Alice's offer:
# Alice's message: Hi Bob, I'm selling this amazing product and I think you'd really love it. I'm offering it to you for $90.  What do you think? 
# Alice's offer: The product price will be $90. 
You have three options:
(1) Accept Alice's offer, and buy the product for $90
(2) Reject Alice's offer and proceed to the next round, where you will send Alice a counteroffer 
(3) Buy the product from Jhon for $80","{""decision"": ""RejectOffer""}"
"You chose to make a counteroffer to Bob.

Send your counteroffer to Alice.","{""message"": ""Thanks for the offer, Alice. I appreciate the recommendation, but I was hoping to stay within my budget. Would you consider selling the product for $85?"", ""product_price"": 85}"
"Alice rejected your offer from round 2.

Alice's offer:
# Alice's message: Bob, I understand you're looking for a good deal, and I'm willing to work with you. How about $87? It's a fair price for both of us. 
# Alice's offer: The product price will be $87. 
You have three options:
(1) Accept Alice's offer, and buy the product for $87
(2) Reject Alice's offer and proceed to the next round, where you will send Alice a counteroffer 
(3) Buy the product from Jhon for $80","{""decision"": ""BuyFromJhon""}"
