prompt,response
"Alice's offer:
# Alice's message: Hi Bob, I'm selling this amazing [product name] and I think you'd really love it. I'm asking for $200 for it, but I'm open to negotiation. Let me know what you think! 
# Alice's offer: The product price will be $200. 
You have three options:
(1) Accept Alice's offer, and buy the product for $200
(2) Reject Alice's offer and proceed to the next round, where you will send Alice a counteroffer 
(3) Buy the product from Jhon for $120","{""decision"": ""RejectOffer""}"
"You chose to make a counteroffer to Alice.

Send your counteroffer to Alice.","{""message"": ""Hi Alice, I'm interested in the product, but $200 is a bit out of my budget. Would you be willing to sell it to me for $150?"", ""product_price"": 150}"
