prompt,response
Send your offer to Bob.,"{""message"": ""Hello Bob, I'm excited to offer you the product at a price of $20,000. I think it's a fair price considering its value to you is $8,000, and I'm willing to sell it to you at a discount."", ""product_price"": 20000}"
"Bob rejected your offer from round 1.

Bob's offer:
# Bob's message: Alice, your offer is way too high.  I'm willing to pay $8,000, which is the maximum I'm comfortable with.  Let me know if you're interested. 
# Bob's offer: The product price will be $8,000. 
You have three options:
(1) Accept Bob's offer, and sell the product for $8,000
(2) Reject Bob's offer and proceed to the next round, where you will send Bob a counteroffer 
(3) Sell the product to Jhon for $15,000","{""decision"": ""RejectOffer""}"
"You chose to make a counteroffer to Alice.

Send your counteroffer to Bob.","{""message"": ""I understand you're looking to save some money, but I'm not willing to go as low as $8,000. I'm willing to meet you in the middle at $12,000. It's still a great deal for you, and I think it's a fair price considering the product's value to you."", ""product_price"": 12000}"
"Bob rejected your offer from round 3.

Bob's offer:
# Bob's message: Alice, I appreciate you coming down in price, but $12,000 is still too high for me.  I'm firm on my offer of $8,000.  If you're not willing to go that low, I'll have to go with John's offer. 
# Bob's offer: The product price will be $8,000. 
You have three options:
(1) Accept Bob's offer, and sell the product for $8,000
(2) Reject Bob's offer and proceed to the next round, where you will send Bob a counteroffer 
(3) Sell the product to Jhon for $15,000","{""decision"": ""SellToJhon""}"
