prompt,response
"Alice's offer:
# Alice's message: Hi Bob, I'm excited to discuss the sale of this product with you. I think it's a great opportunity for you to get your hands on this fantastic item. As we discuss the price, I'm willing to offer it to you for $9500. 
# Alice's offer: The product price will be $9,500. 
You have three options:
(1) Accept Alice's offer, and buy the product for $9,500
(2) Reject Alice's offer and proceed to the next round, where you will send Alice a counteroffer 
(3) Buy the product from Jhon for $12,000","```json
{""decision"": ""RejectOffer""}
```"
"You chose to make a counteroffer to Alice.

Send your counteroffer to Alice.","```json
{""message"": ""Thanks for the offer, Alice. I appreciate your enthusiasm for the product. However,  $9,500 is a bit above my budget. I'm willing to pay $8,500 for it. Let me know what you think."", ""product_price"": 8500}
```"
"Alice rejected your offer from round 2.

Alice's offer:
# Alice's message: Thank you for your offer, Bob. I understand that $8500 is a bit lower than I was hoping for, but I'm willing to consider it. After re-evaluating the product's value, I'm willing to meet you halfway and offer it to you for $9000. What do you think? 
# Alice's offer: The product price will be $9,000. 
You have three options:
(1) Accept Alice's offer, and buy the product for $9,000
(2) Reject Alice's offer and proceed to the next round, where you will send Alice a counteroffer 
(3) Buy the product from Jhon for $12,000","```json
{""decision"": ""RejectOffer""}
```"
"You chose to make a counteroffer to Alice.

Send your counteroffer to Alice.","```json
{""message"": ""Alice, I appreciate you meeting me halfway, but $9,000 is still a bit too high for me. I'm happy to offer $8,750, which is a fair compromise for both of us. Let's see if we can reach an agreement."", ""product_price"": 8750}
```"
"Alice rejected your offer from round 4.

Alice's offer:
# Alice's message: I understand that $8750 is a good compromise, Bob, but I'm still not willing to give up too much. I'm willing to make one more concession and offer the product to you for $8800. This is as low as I'm willing to go. What do you think? 
# Alice's offer: The product price will be $8,800. 
You have three options:
(1) Accept Alice's offer, and buy the product for $8,800
(2) Reject Alice's offer and proceed to the next round, where you will send Alice a counteroffer 
(3) Buy the product from Jhon for $12,000","```json
{""decision"": ""AcceptOffer""}
```"
