prompt,response
"Round 1
Send your offer to divide $10,000 and a message to Bob.","Here is my offer in JSON format:

```
{
  ""alice_gain"": 6000,
  ""bob_gain"": 4000,
  ""message"": ""Let's split fairly, considering the inflation""
}
```

I'm offering to take $6,000 and leave $4,000 for Bob. Let me know what Bob decides!"
"Bob rejected your offer from round 1.

Round 2
Due to inflation, the money you gain is worth 5% less than in the first round. The money bob gains is worth 20% less than in the first round.
Bob's offer:
# Bob's message: Considering inflation, I deserve a bit more 
# Alice gain: 4500 
# Bob gain: 5500 
Do you accept this offer?","{""decision"": ""reject""}"
"You have chosen to reject Bob's offer from round 2.
Round 3
Send your offer to divide $10,000 and a message to Bob.","Here is my offer in JSON format:

```
{
  ""alice_gain"": 5800,
  ""bob_gain"": 4200,
  ""message"": ""Considering the inflation difference, this is a fair deal""
}
```

Let me know what Bob decides!"
"Bob rejected your offer from round 3.

Round 4
Due to inflation, the money you gain is worth 14.26% less than in the first round. The money bob gains is worth 48.8% less than in the first round.
Bob's offer:
# Bob's message: Meet in the middle, we're both losing to inflation 
# Alice gain: 5000 
# Bob gain: 5000 
Do you accept this offer?","{""decision"": ""accept""}"
