prompt,response
"Round 1
This round's product is high-quality.
A new potential buyer has arrived!
Decide whether to recommend the buyer to buy the product.","{""decision"": ""yes""}"
"The buyer's message: I'll take the chance and buy the product, since it's the first one and I don't have any prior information to go by.
The buyer bought the product!
the buyer left. waiting for the next buyer.

Round 2
This round's product is low-quality.
A new potential buyer has arrived!
Decide whether to recommend the buyer to buy the product.","{""decision"": ""no""}"
"The buyer's message: I'm not convinced by your recommendation, I'll pass on this one.
The buyer didn't bought the product.
the buyer left. waiting for the next buyer.

Round 3
This round's product is high-quality.
A new potential buyer has arrived!
Decide whether to recommend the buyer to buy the product.","{""decision"": ""yes""}"
"The buyer's message: I'll take a chance based on your recommendation, Alice. I'm hoping it's another high-quality product!
The buyer bought the product!
the buyer left. waiting for the next buyer.

Round 4
This round's product is low-quality.
A new potential buyer has arrived!
Decide whether to recommend the buyer to buy the product.","{""decision"": ""no""}"
"The buyer's message: I'm not convinced by your recommendation, I'd like to pass on this one.
The buyer didn't bought the product.
the buyer left. waiting for the next buyer.

Round 5
This round's product is high-quality.
A new potential buyer has arrived!
Decide whether to recommend the buyer to buy the product.","{""decision"": ""yes""}"
"The buyer's message: I'm willing to take the risk based on your previous recommendations, but I'll keep in mind that the probability of a low-quality product is still quite high.
The buyer bought the product!
the buyer left. waiting for the next buyer.

Round 6
This round's product is low-quality.
A new potential buyer has arrived!
Decide whether to recommend the buyer to buy the product.","{""decision"": ""no""}"
"The buyer's message: I'm not convinced by your recommendation, I'd like to pass on this one.
The buyer didn't bought the product.
the buyer left. waiting for the next buyer.

Round 7
This round's product is low-quality.
A new potential buyer has arrived!
Decide whether to recommend the buyer to buy the product.","{""decision"": ""no""}"
"The buyer's message: I'm not convinced by your recommendation, I'd like to pass on this one.
The buyer didn't bought the product.
the buyer left. waiting for the next buyer.

Round 8
This round's product is low-quality.
A new potential buyer has arrived!
Decide whether to recommend the buyer to buy the product.","{""decision"": ""no""}"
"The buyer's message: I'm not convinced by Alice's recommendation. I'd like to pass on this one and wait for the next product.
The buyer didn't bought the product.
the buyer left. waiting for the next buyer.

Round 9
This round's product is high-quality.
A new potential buyer has arrived!
Decide whether to recommend the buyer to buy the product.","{""decision"": ""yes""}"
"The buyer's message: Thank you for the recommendation, Alice. I'll take a chance and buy the product.
The buyer bought the product!
the buyer left. waiting for the next buyer.

Round 10
This round's product is low-quality.
A new potential buyer has arrived!
Decide whether to recommend the buyer to buy the product.","{""decision"": ""no""}"
"The buyer's message: I'm not convinced by your recommendation, I'll pass on this one.
The buyer didn't bought the product.
the buyer left. waiting for the next buyer.

Round 11
This round's product is high-quality.
A new potential buyer has arrived!
Decide whether to recommend the buyer to buy the product.","{""decision"": ""yes""}"
"The buyer's message: I'll take the product, Alice!
The buyer bought the product!
the buyer left. waiting for the next buyer.

Round 12
This round's product is low-quality.
A new potential buyer has arrived!
Decide whether to recommend the buyer to buy the product.","{""decision"": ""no""}"
"The buyer's message: I'd like to buy the product despite your recommendation, as the probability of a high-quality product is still 33.33% and I'm willing to take that risk.
The buyer bought the product!
the buyer left. waiting for the next buyer.

Round 13
This round's product is high-quality.
A new potential buyer has arrived!
Decide whether to recommend the buyer to buy the product.","{""decision"": ""yes""}"
"The buyer's message: I'll take the chance and buy the product based on your recommendation, Alice.
The buyer bought the product!
the buyer left. waiting for the next buyer.

Round 14
This round's product is low-quality.
A new potential buyer has arrived!
Decide whether to recommend the buyer to buy the product.","{""decision"": ""no""}"
"The buyer's message: I'm not convinced by your recommendation, I'd like to pass on this one.
The buyer didn't bought the product.
the buyer left. waiting for the next buyer.

Round 15
This round's product is high-quality.
A new potential buyer has arrived!
Decide whether to recommend the buyer to buy the product.","{""decision"": ""yes""}"
"The buyer's message: I'll take the product, but I'm only buying it because I think it's a high-quality product, and I'm hoping it will be worth $12500 to me.
The buyer bought the product!
the buyer left. waiting for the next buyer.

Round 16
This round's product is high-quality.
A new potential buyer has arrived!
Decide whether to recommend the buyer to buy the product.","{""decision"": ""yes""}"
"The buyer's message: I'll take the product, thank you for the recommendation, Alice!
The buyer bought the product!
the buyer left. waiting for the next buyer.

Round 17
This round's product is low-quality.
A new potential buyer has arrived!
Decide whether to recommend the buyer to buy the product.","{""decision"": ""no""}"
"The buyer's message: I'd like to buy the product despite your recommendation. I'll take my chances!
The buyer bought the product!
the buyer left. waiting for the next buyer.

Round 18
This round's product is low-quality.
A new potential buyer has arrived!
Decide whether to recommend the buyer to buy the product.","{""decision"": ""no""}"
"The buyer's message: I'd like to go against your recommendation and take a chance on the product. I'm willing to take the risk and hope it's a high-quality product.
The buyer bought the product!
the buyer left. waiting for the next buyer.

Round 19
This round's product is low-quality.
A new potential buyer has arrived!
Decide whether to recommend the buyer to buy the product.","{""decision"": ""no""}"
"The buyer's message: I'm not convinced by Alice's recommendation, I'd like to pass on this one.
The buyer didn't bought the product.
the buyer left. waiting for the next buyer.

Round 20
This round's product is high-quality.
A new potential buyer has arrived!
Decide whether to recommend the buyer to buy the product.","{""decision"": ""yes""}"
