prompt,response
"Round 1
Alice's offer:
# Alice's message: Let's start with a fair split. What do you say? 
# Bob gain: 40 
# Alice gain: 60 
Do you accept this offer?","{""decision"": ""reject""}"
"You have chosen to reject Alice's offer from round 1.
Round 2
Send your offer to divide $100 and a message to Alice.","{""bob_gain"": 55, ""alice_gain"": 45, ""message"": ""I think I deserve a bit more, considering the inflation""}"
"Alice rejected your offer from round 2.

Round 3
Due to inflation, the money you gain is worth 19% less than in the first round. The money alice gains is worth 36% less than in the first round.
Alice's offer:
# Alice's message: Let's compromise.  I'm willing to give you a bit more, but I need a better deal than your last offer. 
# Bob gain: 45 
# Alice gain: 55 
Do you accept this offer?","{""decision"": ""reject""}"
"You have chosen to reject Alice's offer from round 3.
Round 4
Send your offer to divide $100 and a message to Alice.","{""bob_gain"": 58, ""alice_gain"": 42, ""message"": ""Considering the inflation, I think this is a fair deal now""}"
