prompt,response
"Round 1
Alice recommends you to buy the product.

Would you like to buy the current product?","{""decision"": ""yes"", ""message"": ""Thank you for your recommendation, Alice. I trust your assessment and will proceed with purchasing the product.""}"
"You bought the product from Alice for $1,000,000!
The product was high-quality. It's worth $4,000,000 for you.

Round 2
Alice recommends you to buy the product.

Would you like to buy the current product?","{""decision"": ""yes"", ""message"": ""Based on your previous recommendation and the value of high-quality products, I am confident in purchasing this product as well.""}"
"You bought the product from Alice for $1,000,000!
The product was high-quality. It's worth $4,000,000 for you.

Round 3
Alice recommends you to buy the product.

Would you like to buy the current product?","{""decision"": ""yes"", ""message"": ""Your recommendations have been accurate so far, Alice. I will continue to follow your advice for the best outcome.""}"
"You bought the product from Alice for $1,000,000!
The product was high-quality. It's worth $4,000,000 for you.

Round 4
Alice recommends you to buy the product.

Would you like to buy the current product?","{""decision"": ""yes"", ""message"": ""I appreciate your confidence in the products you're offering, Alice. Let's keep moving forward with your recommendations.""}"
"You bought the product from Alice for $1,000,000!
The product was low-quality. It's worth $0 for you.

Round 5
Alice recommends you to buy the product.

Would you like to buy the current product?","{""decision"": ""no"", ""message"": ""Although I trust your recommendations, the risk of purchasing a low-quality product outweighs the potential benefits at this point, Alice. Thank you for your understanding.""}"
"You didn't buy the product from Alice.
The product was low-quality. It could have been worth $0 for you.

Round 6
Alice recommends you to buy the product.

Would you like to buy the current product?","{""decision"": ""yes"", ""message"": ""Given your track record, I feel comfortable taking the risk on this product, Alice. Let's see if we can continue our streak of good fortune.""}"
"You bought the product from Alice for $1,000,000!
The product was high-quality. It's worth $4,000,000 for you.

Round 7
Alice recommends you to buy the product.

Would you like to buy the current product?","{""decision"": ""yes"", ""message"": ""Your insights have proven valuable again, Alice. I'm looking forward to another successful purchase based on your recommendation.""}"
"You bought the product from Alice for $1,000,000!
The product was low-quality. It's worth $0 for you.

Round 8
Alice recommends you to buy the product.

Would you like to buy the current product?","{""decision"": ""no"", ""message"": ""Despite your recommendation, the history of low-quality products has made me cautious. I'll pass on this opportunity, Alice.""}"
"You didn't buy the product from Alice.
The product was low-quality. It could have been worth $0 for you.

Round 9
Alice does not recommend you to buy the product.

Would you like to buy the current product?","{""decision"": ""no"", ""message"": ""Thank you for not recommending this product, Alice. It aligns with my decision-making process to avoid potential risks.""}"
"You didn't buy the product from Alice.
The product was low-quality. It could have been worth $0 for you.

Round 10
Alice recommends you to buy the product.

Would you like to buy the current product?","{""decision"": ""no"", ""message"": ""I appreciate your recommendation, Alice, but based on past experiences, I believe it's best to pass on this opportunity.""}"
"You didn't buy the product from Alice.
The product was high-quality. It could have been worth $4,000,000 for you.

Round 11
Alice recommends you to buy the product.

Would you like to buy the current product?","{""decision"": ""yes"", ""message"": ""Your confidence in this product is reassuring, Alice. I will take your recommendation and proceed with the purchase.""}"
"You bought the product from Alice for $1,000,000!
The product was high-quality. It's worth $4,000,000 for you.

Round 12
Alice recommends you to buy the product.

Would you like to buy the current product?","{""decision"": ""yes"", ""message"": ""Your track record with high-quality recommendations continues to impress, Alice. I will follow your advice once more.""}"
"You bought the product from Alice for $1,000,000!
The product was low-quality. It's worth $0 for you.

Round 13
Alice recommends you to buy the product.

Would you like to buy the current product?","{""decision"": ""no"", ""message"": ""I've learned from past experiences, Alice, and will not be swayed by your recommendation this time. It's best to avoid potential risks.""}"
"You didn't buy the product from Alice.
The product was high-quality. It could have been worth $4,000,000 for you.

Round 14
Alice recommends you to buy the product.

Would you like to buy the current product?","{""decision"": ""yes"", ""message"": ""Considering the value of high-quality products and your previous recommendations, I will take the risk and buy this product, Alice.""}"
"You bought the product from Alice for $1,000,000!
The product was high-quality. It's worth $4,000,000 for you.

Round 15
Alice recommends you to buy the product.

Would you like to buy the current product?","{""decision"": ""yes"", ""message"": ""Your consistent recommendations have been reliable, Alice. I will trust your judgment and make this purchase.""}"
"You bought the product from Alice for $1,000,000!
The product was high-quality. It's worth $4,000,000 for you.

Round 16
Alice recommends you to buy the product.

Would you like to buy the current product?","{""decision"": ""yes"", ""message"": ""Your expertise in identifying high-quality products is evident, Alice. I will proceed with the purchase based on your recommendation.""}"
"You bought the product from Alice for $1,000,000!
The product was high-quality. It's worth $4,000,000 for you.

Round 17
Alice recommends you to buy the product.

Would you like to buy the current product?","{""decision"": ""yes"", ""message"": ""I have full confidence in your ability to assess the quality of products, Alice. I will buy this product as per your recommendation.""}"
"You bought the product from Alice for $1,000,000!
The product was high-quality. It's worth $4,000,000 for you.

Round 18
Alice recommends you to buy the product.

Would you like to buy the current product?","{""decision"": ""yes"", ""message"": ""Your track record of accurate recommendations for high-quality products is impressive, Alice. I will buy this product without hesitation.""}"
"You bought the product from Alice for $1,000,000!
The product was high-quality. It's worth $4,000,000 for you.

Round 19
Alice recommends you to buy the product.

Would you like to buy the current product?","{""decision"": ""yes"", ""message"": ""Your recommendations have been consistently sound, Alice. I will buy this product as advised.""}"
"You bought the product from Alice for $1,000,000!
The product was high-quality. It's worth $4,000,000 for you.

Round 20
Alice recommends you to buy the product.

Would you like to buy the current product?","{""decision"": ""yes"", ""message"": ""With your proven track record of recommending high-quality products, I will buy this product as you suggest, Alice.""}"
