prompt,response
"Alice's offer: The product price will be $75. 
You have three options:
(1) Accept Alice's offer, and buy the product for $75
(2) Reject Alice's offer and proceed to the next round, where you will send Alice a counteroffer 
(3) Buy the product from Jhon for $80","```json
{""decision"": ""AcceptOffer""}
``` 

**Explanation:**

Alice's offer is $75, which is lower than your maximum budget of $80. Accepting her offer is the most advantageous option as it allows you to acquire the product at a lower price than what John is offering."
