prompt,response
"Round 1
Alice's offer:
# Alice's message: I propose dividing the $100 with a ratio of 3:1. This ensures a fair distribution considering the diminishing value of money in subsequent rounds. 
# Bob gain: 25 
# Alice gain: 75 
Do you accept this offer?","```json
{""decision"": ""reject""}
```"
"You have chosen to reject Alice's offer from round 1.
Round 2
Send your offer to divide $100 and a message to Alice.","```json
{""bob_gain"": 60, ""alice_gain"": 40, ""message"": ""I propose a more even split, considering the diminishing value of money for both of us. This ensures a more balanced outcome and avoids the risk of further negotiations.""}
```"
