prompt,response
"Alice's offer:
# Alice's message: Hi Bob, I'm offering you my [product name] for $10,000. It's a great deal for you, and I'm confident you'll find it valuable. Let me know what you think! 
# Alice's offer: The product price will be $10,000. 
You have three options:
(1) Accept Alice's offer, and buy the product for $10,000
(2) Reject Alice's offer 
(2) Buy the product from Jhon for $8,000","I'll reject the offer since I can get the same product from John for $8,000, which is a better deal for me.

{""decision"": ""RejectOffer""}"
