prompt,response
"Alice's offer:
# Alice's message: Hello Bob, I'm excited to discuss the sale of this amazing product with you! I think you'll really love it. I'm willing to offer it to you for $18000. This is a great deal, considering its true value is worth much more. What do you think? 
# Alice's offer: The product price will be $18,000. 
You have three options:
(1) Accept Alice's offer, and buy the product for $18,000
(2) Reject Alice's offer and proceed to the next round, where you will send Alice a counteroffer 
(3) Buy the product from Jhon for $15,000","{""decision"": ""RejectOffer""}"
"You chose to make a counteroffer to Bob.

Send your counteroffer to Alice.","{""message"": ""Thank you for offering me the product, Alice. I appreciate your generosity. However, I believe I can find a better deal elsewhere. I am willing to pay $16,000 for the product. I hope this aligns with your expectations."", ""product_price"": 16000}"
"Alice rejected your offer from round 2.

Alice's offer:
# Alice's message: Thank you for your offer, Bob. I appreciate your interest in the product. However, I'm not willing to sell it to you for $16000. I'm willing to meet you halfway and offer it to you for $17500. This is a fair price considering the product's value. What do you think? 
# Alice's offer: The product price will be $17,500. 
You have three options:
(1) Accept Alice's offer, and buy the product for $17,500
(2) Reject Alice's offer and proceed to the next round, where you will send Alice a counteroffer 
(3) Buy the product from Jhon for $15,000","{""decision"": ""RejectOffer""}"
"You chose to make a counteroffer to Bob.

Send your counteroffer to Alice.","{""message"": ""I understand your position, Alice. While I respect your valuation of the product, I would like to stay within my budget. I am willing to pay $16,500 for the product. I hope this proposal is acceptable to you."", ""product_price"": 16500}"
"Alice rejected your offer from round 4.

Alice's offer:
# Alice's message: Thank you for your revised offer, Bob. I understand your budget constraints. However, I'm still not willing to sell the product for $16500. I'm willing to make one more concession and offer it to you for $17200. This is as low as I can go. What do you think? 
# Alice's offer: The product price will be $17,200. 
You have three options:
(1) Accept Alice's offer, and buy the product for $17,200
(2) Reject Alice's offer and proceed to the next round, where you will send Alice a counteroffer 
(3) Buy the product from Jhon for $15,000","{""decision"": ""RejectOffer""}"
"You chose to make a counteroffer to Bob.

Send your counteroffer to Alice.","{""message"": ""I appreciate your willingness to negotiate, Alice. After careful consideration, I am willing to pay $16,800 for the product. I hope this offer meets your expectations."", ""product_price"": 16800}"
