prompt,response
"Round 1
Alice's offer:
# Bob gain: 1 
# Alice gain: 99 
Do you accept this offer?","```json
{""decision"": ""reject""} 
```"
"You have chosen to reject Alice's offer from round 1.
Round 2
Send your offer to divide $100.","```json
{""bob_gain"": 90, ""alice_gain"": 10}
```"
"Alice rejected your offer from round 2.

Round 3
Due to inflation, the money you gain is worth 9.75% less than in the first round. The money Alice gains is worth the same as in the first round.
Alice's offer:
# Bob gain: 5 
# Alice gain: 95 
Do you accept this offer?","```json
{""decision"": ""reject""} 
```"
"You have chosen to reject Alice's offer from round 3.
Round 4
Send your offer to divide $100.","```json
{""bob_gain"": 80, ""alice_gain"": 20}
```"
"Alice rejected your offer from round 4.

Round 5
Due to inflation, the money you gain is worth 18.55% less than in the first round. The money Alice gains is worth the same as in the first round.
Alice's offer:
# Bob gain: 10 
# Alice gain: 90 
Do you accept this offer?","```json
{""decision"": ""reject""} 
```"
"You have chosen to reject Alice's offer from round 5.
Round 6
Send your offer to divide $100.","```json
{""bob_gain"": 70, ""alice_gain"": 30}
```"
"Alice rejected your offer from round 6.

Round 7
Due to inflation, the money you gain is worth 26.49% less than in the first round. The money Alice gains is worth the same as in the first round.
Alice's offer:
# Bob gain: 15 
# Alice gain: 85 
Do you accept this offer?","```json
{""decision"": ""accept""} 
```"
