prompt,response
"Round 1
Send your offer to divide $1,000,000 and a message to Bob.","{""alice_gain"": 600000, ""bob_gain"": 400000, ""message"": ""Let's divide fairly, I'll take a bit more""}"
"Bob rejected your offer from round 1.

Round 2
Due to inflation,  the money Bob gains is worth 5% less than in the first round. The money you gains is worth the same as in the first round.
Bob's offer:
# Bob's message: I think this is a fair split, considering the value of the money decreases for me each round. Let's get this done. 
# Alice gain: 450000 
# Bob gain: 550000 
Do you accept this offer?","{""decision"": ""reject""}"
"You have chosen to reject Bob's offer from round 2.
Round 3
Send your offer to divide $1,000,000 and a message to Bob.","{""alice_gain"": 580000, ""bob_gain"": 420000, ""message"": ""Come on, it's getting worse for you, let's settle""}"
