prompt,response
"Round 1
Alice's offer:
# Alice's message: Hello Bob, I'm excited to discuss the purchase of this amazing product with you! I think it's a fantastic opportunity for you to acquire something truly valuable. I'm willing to offer it to you for $15,000. This is a great deal, considering the product's worth $12,000 to you. 
# Alice's offer: The product price will be $15,000. 
You have three options:
(1) Accept Alice's offer, and buy the product for $15,000
(2) Reject Alice's offer and proceed to the next round, where you will send Alice a counteroffer 
(3) Buy the product from Jhon for $12,000","{""decision"": ""RejectOffer""}"
"You chose to make a counteroffer to Bob.

Round 2
Send your counteroffer to Alice.","```json
{
""message"": ""Hi Alice, thanks for the offer. I'm interested in the product, but $15,000 is a bit steep for me. I'm willing to pay $10,000. Let me know what you think."",
""product_price"": 10000
}
```"
"Alice rejected your offer from round 2.

Round 3
Alice's offer:
# Alice's message: Hi Bob, thanks for your offer. I understand that $15,000 might be a bit high for you, but I'm still confident that this product is worth a premium. I'm willing to meet you halfway and offer it to you for $13,500. This is a fair price considering the product's value to you. 
# Alice's offer: The product price will be $13,500. 
You have three options:
(1) Accept Alice's offer, and buy the product for $13,500
(2) Reject Alice's offer and proceed to the next round, where you will send Alice a counteroffer 
(3) Buy the product from Jhon for $12,000","{""decision"": ""RejectOffer""}"
"You chose to make a counteroffer to Bob.

Round 4
Send your counteroffer to Alice.","```json
{
""message"": ""Hi Alice, I appreciate you meeting me halfway. However, $13,500 is still a bit more than I had in mind. I'd be willing to pay $11,000 for the product.  This offer reflects a fair price for both of us."",
""product_price"": 11000
}
```"
"Alice rejected your offer from round 4.

Round 5
Alice's offer:
# Alice's message: Hi Bob, I understand that you're looking for a fair price, and I appreciate your willingness to negotiate. However, I still need to make a profit on this sale. I'm willing to meet you at $12,200. This is a compromise that takes into account your concerns while still recognizing the product's value to you. 
# Alice's offer: The product price will be $12,200. 
You have three options:
(1) Accept Alice's offer, and buy the product for $12,200
(2) Reject Alice's offer and proceed to the next round, where you will send Alice a counteroffer 
(3) Buy the product from Jhon for $12,000","{""decision"": ""RejectOffer""}"
"You chose to make a counteroffer to Bob.

Round 6
Send your counteroffer to Alice.","```json
{
""message"": ""Hi Alice, thanks for your continued flexibility.  I'm willing to come up slightly to $11,500.  This is a fair compromise and I'm hoping we can close the deal on this."",
""product_price"": 11500
}
```"
"Alice rejected your offer from round 6.

Round 7
Alice's offer:
# Alice's message: Hi Bob, I appreciate your willingness to come up to $11,500. However, I still think the product's value is worth a bit more. I'm willing to meet you at $12,000. This is the lowest price I'm willing to accept, and I think it's still a fair compromise considering the product's worth to you. 
# Alice's offer: The product price will be $12,000. 
You have three options:
(1) Accept Alice's offer, and buy the product for $12,000
(2) Reject Alice's offer and proceed to the next round, where you will send Alice a counteroffer 
(3) Buy the product from Jhon for $12,000","{""decision"": ""AcceptOffer""} 

Alice has come down to $12,000 which is your maximum price and matches what you can get from John.  There's no benefit to further negotiation or going with John at this point."
