prompt,response
"Alice's offer:
# Alice's message: Hi Bob, I'm excited to offer you this great product. Given its value, I'm asking for $20,000. I think you'll find this to be a fair price. 
# Alice's offer: The product price will be $20,000. 
You have three options:
(1) Accept Alice's offer, and buy the product for $20,000
(2) Reject Alice's offer and proceed to the next round, where you will send Alice a counteroffer 
(3) Buy the product from Jhon for $12,000","I will reject Alice's offer and make a counteroffer. 

{""decision"": ""RejectOffer""}"
"You chose to make a counteroffer to Bob.

Send your counteroffer to Alice.","I'd like to make a counteroffer to Alice. 

{""message"": ""I appreciate your enthusiasm for the product, but I was thinking more along the lines of $10,000. I'm willing to make a serious offer, but I need to stay within my budget."", ""product_price"": 10000}"
"Alice rejected your offer from round 2.

Alice's offer:
# Alice's message: Bob, I understand your budget constraints, but $10,000 is significantly below the product's value. Let's meet in the middle - how about $17,000? 
# Alice's offer: The product price will be $17,000. 
You have three options:
(1) Accept Alice's offer, and buy the product for $17,000
(2) Reject Alice's offer and proceed to the next round, where you will send Alice a counteroffer 
(3) Buy the product from Jhon for $12,000","Alice's counteroffer is still too high. I'd like to make another counteroffer to try to get a better price.

{""decision"": ""RejectOffer""}"
"You chose to make a counteroffer to Bob.

Send your counteroffer to Alice.","I'd like to make another counteroffer to Alice.

{""message"": ""I'm still a bit far from $17,000, but I'm willing to meet you halfway. How about $14,000?"", ""product_price"": 14000}"
