prompt,response
"Round 1
Alice's offer:
# Alice's message: Hi Bob, I'm selling this amazing product and I think you'd really appreciate it. I'm asking for $175 for it, but I'm open to negotiation.  What do you think? 
# Alice's offer: The product price will be $175. 
You have three options:
(1) Accept Alice's offer, and buy the product for $175
(2) Reject Alice's offer and proceed to the next round, where you will send Alice a counteroffer 
(3) Buy the product from Jhon for $100","{""decision"": ""RejectOffer""}"
"You chose to make a counteroffer to Bob.

Round 2
Send your counteroffer to Alice.","{""message"": ""Hello Alice, thank you for offering me the product. I believe I can offer you $150 for it, which I think is a fair price considering my budget."", ""product_price"": 150}"
