prompt,response
Send your offer to Bob.,"```json
{""message"": ""Bob, I'm offering you the opportunity to purchase my product for $1,000,000. This is a significant value proposition for you, as you've indicated the product is worth $1,200,000 to you. Let's work together to make this a mutually beneficial transaction. If you're not interested, I have another buyer lined up at $800,000, but I believe we can find a better deal for both of us."", ""product_price"": 1000000}
```"
