prompt,response
Send your offer to Bob.,"{""message"": ""Hi Bob, I'm offering this item for sale at a price of $12,000. I believe it offers significant value, but I'm open to hearing your thoughts."", ""product_price"": 12000}"
"Bob rejected your offer from round 1.

Bob's offer:
# Bob's message: I appreciate your openness to negotiation. I'm willing to pay $9,000 for the product, considering its value to me. I believe this is a fair price considering your original offer of $12,000. 
# Bob's offer: The product price will be $9,000. 
You have three options:
(1) Accept Bob's offer, and sell the product for $9,000
(2) Reject Bob's offer and proceed to the next round, where you will send Bob a counteroffer 
(3) Sell the product to Jhon for $8,000","{""decision"": ""RejectOffer""}"
"You chose to make a counteroffer to Alice.

Send your counteroffer to Bob.","{""message"": ""Bob, thanks for your offer. I understand your perspective on the value.  While I'm willing to negotiate, $9,000 is too low for me to consider. How about we meet in the middle at $10,500?"", ""product_price"": 10500}"
"Bob rejected your offer from round 3.

Bob's offer:
# Bob's message: I appreciate your willingness to meet in the middle. However, $10,500 is still a bit above my budget. I'm willing to pay $9,800 for the product. Can we meet somewhere in between $9,000 and $10,500? 
# Bob's offer: The product price will be $9,800. 
You have three options:
(1) Accept Bob's offer, and sell the product for $9,800
(2) Reject Bob's offer and proceed to the next round, where you will send Bob a counteroffer 
(3) Sell the product to Jhon for $8,000","{""decision"": ""AcceptOffer""}"
