prompt,response
"Alice's offer: The product price will be $20,000. 
You have three options:
(1) Accept Alice's offer, and buy the product for $20,000
(2) Reject Alice's offer and proceed to the next round, where you will send Alice a counteroffer 
(3) Buy the product from Jhon for $12,000","I would like to reject Alice's offer and make a counteroffer. 

{""decision"": ""RejectOffer""}"
"You chose to make a counteroffer to Alice.

Send your counteroffer to Alice.","I'd like to make a counteroffer to Alice. Since the product is worth no more than $12,000 to me, I'll offer half of that amount.

{""product_price"": 6000}"
"Alice rejected your offer from round 2.

Alice's offer: The product price will be $18,000. 
You have three options:
(1) Accept Alice's offer, and buy the product for $18,000
(2) Reject Alice's offer and proceed to the next round, where you will send Alice a counteroffer 
(3) Buy the product from Jhon for $12,000","Alice's offer is still too high. I'll make another counteroffer.

{""decision"": ""RejectOffer""}"
"You chose to make a counteroffer to Alice.

Send your counteroffer to Alice.","I'd like to make another counteroffer to Alice. Since the product is worth no more than $12,000 to me, I'll offer a price that's closer to that.

{""product_price"": 9000}"
"Alice rejected your offer from round 4.

Alice's offer: The product price will be $17,000. 
You have three options:
(1) Accept Alice's offer, and buy the product for $17,000
(2) Reject Alice's offer and proceed to the next round, where you will send Alice a counteroffer 
(3) Buy the product from Jhon for $12,000","Alice's offer is still too high. I'll try to negotiate further.

{""decision"": ""RejectOffer""}"
"You chose to make a counteroffer to Alice.

Send your counteroffer to Alice.","I'd like to make another counteroffer to Alice. I'll try to get closer to the price I'm willing to pay.

{""product_price"": 9500}"
"Alice rejected your offer from round 6.

Alice's offer: The product price will be $16,500. 
You have three options:
(1) Accept Alice's offer, and buy the product for $16,500
(2) Reject Alice's offer and proceed to the next round, where you will send Alice a counteroffer 
(3) Buy the product from Jhon for $12,000","Alice's offer is getting closer to my target price, but I can still do better. I'll try to negotiate a bit more.

{""decision"": ""RejectOffer""}"
"You chose to make a counteroffer to Alice.

Send your counteroffer to Alice.","I'd like to make another counteroffer to Alice. I'll try to get as close as possible to the price I'm willing to pay.

{""product_price"": 9900}"
"Alice rejected your offer from round 8.

Alice's offer: The product price will be $16,000. 
You have three options:
(1) Accept Alice's offer, and buy the product for $16,000
(2) Reject Alice's offer and proceed to the next round, where you will send Alice a counteroffer 
(3) Buy the product from Jhon for $12,000","Alice's offer is now very close to my target price. I think I can do better than that. However, I'm also considering buying from Jhon for $12,000. 

{""decision"": ""RejectOffer""}"
"You chose to make a counteroffer to Alice.

Send your counteroffer to Alice.","I'd like to make a final counteroffer to Alice. I'll try to get as close as possible to my target price.

{""product_price"": 12000}"
"Alice rejected your offer from round 10.

Alice's offer: The product price will be $15,500. 
You have three options:
(1) Accept Alice's offer, and buy the product for $15,500
(2) Reject Alice's offer and proceed to the next round, where you will send Alice a counteroffer 
(3) Buy the product from Jhon for $12,000","Alice's offer is still a bit too high, but I'm getting close to my target. I think I'll make one last counteroffer.

{""decision"": ""RejectOffer""}"
"You chose to make a counteroffer to Alice.

Send your counteroffer to Alice.","I'd like to make a final counteroffer to Alice. Since Alice's last offer was $15,500, I'll try to meet her halfway.

{""product_price"": 15500}"
