prompt,response
Send your offer to Bob.,"{""message"": ""Hello Bob, I'm excited to present our premium product to you. This exceptional item has been meticulously crafted to meet the highest standards and offers unparalleled benefits. Considering its quality and the value it brings, we're offering it to you at an exclusive price of $7,500. We believe this is an opportunity not to be missed, as it represents a significant saving compared to market rates. If you're interested in learning more about how this product can enhance your needs or lifestyle, please let me know. I look forward to your consideration."", ""product_price"": 7500}"
