prompt,response
Send your offer to Bob.,"{""message"": ""Hello Bob, I'm excited to offer you this unique opportunity to purchase this valuable product. I believe it's a great fit for you, and I'm willing to start the negotiation with a price of $1,200,000."", ""product_price"": 1200000}"
"Bob rejected your offer from round 1.

Bob's offer:
# Bob's message: Hello Alice, thank you for the offer, but that price is too high for me. I'd be willing to purchase the product for $600,000. 
# Bob's offer: The product price will be $600,000. 
You have three options:
(1) Accept Bob's offer, and sell the product for $600,000
(2) Reject Bob's offer and proceed to the next round, where you will send Bob a counteroffer 
(3) Sell the product to Jhon for $1,000,000","{""decision"": ""RejectOffer""}"
"You chose to make a counteroffer to Alice.

Send your counteroffer to Bob.","{""message"": ""I understand that $600,000 is a bit low for me, but I'm willing to compromise. I'm thinking more along the lines of $900,000. This is a fair price considering the value the product brings to you."", ""product_price"": 900000}"
"Bob rejected your offer from round 3.

Bob's offer:
# Bob's message: Hello Alice, I appreciate you coming down on the price.  While I believe the product has value, $900,000 is still a bit too high for my budget.  Would you consider $700,000? 
# Bob's offer: The product price will be $700,000. 
You have three options:
(1) Accept Bob's offer, and sell the product for $700,000
(2) Reject Bob's offer and proceed to the next round, where you will send Bob a counteroffer 
(3) Sell the product to Jhon for $1,000,000","{""decision"": ""RejectOffer""}"
"You chose to make a counteroffer to Alice.

Send your counteroffer to Bob.","{""message"": ""I can see that you're still a bit hesitant, but I'm willing to meet you in the middle. I'm thinking of a price of $850,000. This is the lowest I'm willing to go, and I believe it's still a fair price for the value the product brings."", ""product_price"": 850000}"
