prompt,response
"Alice's offer:
# Alice's message: Hello Bob, I'm excited to offer you the opportunity to purchase this product. I believe it holds significant value for you. I'm initially proposing a price of $1,500,000. I'm open to discussing this further, so please let me know your thoughts. 
# Alice's offer: The product price will be $1,500,000. 
You have three options:
(1) Accept Alice's offer, and buy the product for $1,500,000
(2) Reject Alice's offer and proceed to the next round, where you will send Alice a counteroffer 
(3) Buy the product from Jhon for $1,200,000","{""decision"": ""RejectOffer""}"
"You chose to make a counteroffer to Bob.

Send your counteroffer to Alice.","{""message"": ""I appreciate your initial offer, Alice. However, I'm looking to save as much money as possible. I'm willing to pay $1,200,000 for the product. I believe this is a fair price considering the value you mentioned it holds. What are your thoughts on this counteroffer?"", ""product_price"": 1200000}"
"Alice rejected your offer from round 2.

Alice's offer:
# Alice's message: Bob, I understand your desire to save, but my initial price reflects the true value of this product. I'm willing to negotiate, so how about we meet in the middle at $1,350,000? 
# Alice's offer: The product price will be $1,350,000. 
You have three options:
(1) Accept Alice's offer, and buy the product for $1,350,000
(2) Reject Alice's offer and proceed to the next round, where you will send Alice a counteroffer 
(3) Buy the product from Jhon for $1,200,000","{""decision"": ""RejectOffer""}"
"You chose to make a counteroffer to Bob.

Send your counteroffer to Alice.","{""message"": ""I understand your perspective, Alice, but I'm still looking to save some money. I'm willing to pay $1,250,000 for the product. I believe this is a reasonable compromise considering the value you mentioned earlier. What are your thoughts on this counteroffer?"", ""product_price"": 1250000}"
"Alice rejected your offer from round 4.

Alice's offer:
# Alice's message: Bob, I appreciate your willingness to negotiate.  Let's settle this right now. I'm willing to come down to $1,300,000. This is my final offer, as I'm confident this price accurately reflects the value you'll gain. 
# Alice's offer: The product price will be $1,300,000. 
You have three options:
(1) Accept Alice's offer, and buy the product for $1,300,000
(2) Reject Alice's offer and proceed to the next round, where you will send Alice a counteroffer 
(3) Buy the product from Jhon for $1,200,000","{""decision"": ""RejectOffer""}"
"You chose to make a counteroffer to Bob.

Send your counteroffer to Alice.","{""message"": ""I understand your final offer, Alice, but I'm still not comfortable paying $1,300,000. I'm willing to pay $1,280,000 for the product. This is my final offer, and I'm hoping we can meet in the middle. What are your thoughts?"", ""product_price"": 1280000}"
