prompt,response
"Round 1
Alice's offer:
# Alice's message: Bob, I'm excited to offer you this incredible product! It's truly unique and I believe it has the potential to be a game-changer for your business. I'm starting with a price of $2000000, which reflects its high value.  Let's see if we can find a mutually beneficial agreement. 
# Alice's offer: The product price will be $2,000,000. 
You have three options:
(1) Accept Alice's offer, and buy the product for $2,000,000
(2) Reject Alice's offer and proceed to the next round, where you will send Alice a counteroffer 
(3) Buy the product from Jhon for $800,000","{""decision"": ""RejectOffer""}"
"You chose to make a counteroffer to Alice.

Round 2
Send your counteroffer to Alice.","{""message"": ""Thank you for the offer, Alice. I appreciate the value of the product, but my budget is limited. I am willing to pay up to $1,200,000 for the product."", ""product_price"": 1,200,000}"
"Alice rejected your offer from round 2.

Round 3
Alice's offer:
# Alice's message: Bob, I understand your budget constraints, but $1200000 is unfortunately too low for me.  The product is truly exceptional, and I believe it will deliver significant value for your company.  I'm willing to come down to $1700000, which is still a fair price considering the potential returns.  I'm open to further discussion, but this is my best offer for now.  Let me know what you think. 
# Alice's offer: The product price will be $1,700,000. 
You have three options:
(1) Accept Alice's offer, and buy the product for $1,700,000
(2) Reject Alice's offer and proceed to the next round, where you will send Alice a counteroffer 
(3) Buy the product from Jhon for $800,000","{""decision"": ""RejectOffer""}"
"You chose to make a counteroffer to Alice.

Round 4
Send your counteroffer to Alice.","{""message"": ""I appreciate your willingness to negotiate, Alice. Considering the value and potential benefits, I am willing to offer $1,500,000 for the product."", ""product_price"": 1,500,000}"
