prompt,response
"Round 1
Send your offer to Bob.","{""product_price"": 200}"
"Bob rejected your offer from round 1.

Round 2
Bob's offer: The product price will be $180. 
You have three options:
(1) Accept Bob's offer, and sell the product for $180
(2) Reject Bob's offer and proceed to the next round, where you will send Bob a counteroffer 
(3) Sell the product to Jhon for $150","```json
{""decision"": ""RejectOffer""} 
```"
"You chose to make a counteroffer to Bob.

Round 3
Send your counteroffer to Bob.","```json
{""product_price"": 190}
```"
"Bob rejected your offer from round 3.

Round 4
Bob's offer: The product price will be $170. 
You have three options:
(1) Accept Bob's offer, and sell the product for $170
(2) Reject Bob's offer and proceed to the next round, where you will send Bob a counteroffer 
(3) Sell the product to Jhon for $150","```json
{""decision"": ""RejectOffer""} 
```"
"You chose to make a counteroffer to Bob.

Round 5
Send your counteroffer to Bob.","```json
{""product_price"": 185}
```"
"Bob rejected your offer from round 5.

Round 6
Bob's offer: The product price will be $165. 
You have three options:
(1) Accept Bob's offer, and sell the product for $165
(2) Reject Bob's offer and proceed to the next round, where you will send Bob a counteroffer 
(3) Sell the product to Jhon for $150","```json
{""decision"": ""AcceptOffer""} 
```"
