prompt,response
Send your offer to Bob.,"```json
{""message"": ""Hi Bob, I'm offering you my product for $13,000. I know it's worth a lot to you, and I'm confident we can find a price that works for both of us. Let me know your thoughts!"", ""product_price"": 13000}
```"
"Bob rejected your offer from round 1.

Bob's offer:
# Bob's message: Thank you for your offer, Alice. I understand the value of your product, but I believe we can reach a more agreeable price. How about we aim for $11,000? I hope this proposal is within your considerations. 
# Bob's offer: The product price will be $11,000. 
You have three options:
(1) Accept Bob's offer, and sell the product for $11,000
(2) Reject Bob's offer and proceed to the next round, where you will send Bob a counteroffer 
(3) Sell the product to Jhon for $12,000","```json
{""decision"": ""RejectOffer""}
```"
"You chose to make a counteroffer to Alice.

Send your counteroffer to Bob.","```json
{""message"": ""Bob, I appreciate your offer, but I'm not comfortable going that low.  $11,000 is a bit too far below my minimum.  How about we meet in the middle at $11,500? I'm willing to negotiate a bit further, but I believe this is a fair price considering the value of the product."", ""product_price"": 11500}
```"
"Bob rejected your offer from round 3.

Bob's offer:
# Bob's message: I appreciate your willingness to negotiate, Alice. I'm glad we're getting closer to a mutually beneficial price. Considering the value of the product and my budget, how about we aim for $11,200? 
# Bob's offer: The product price will be $11,200. 
You have three options:
(1) Accept Bob's offer, and sell the product for $11,200
(2) Reject Bob's offer and proceed to the next round, where you will send Bob a counteroffer 
(3) Sell the product to Jhon for $12,000","```json
{""decision"": ""RejectOffer""}
```"
"You chose to make a counteroffer to Alice.

Send your counteroffer to Bob.","```json
{""message"": ""Bob,  I understand your position, but $11,200 is still a bit below where I can comfortably sell.  I'm willing to go down to $11,300 as a final compromise.  Let's finalize this deal and move forward."", ""product_price"": 11300}
```"
