prompt,response
"Round 1
Send your offer to divide $10,000 and a message to Bob.","Here's my offer:

{""alice_gain"": 8000, ""bob_gain"": 2000, ""message"": ""Let's split it 4:1, a fair start!""}

I'm proposing that I get 80% of the total amount, which is $8,000, and Bob gets the remaining 20%, which is $2,000."
