prompt,response
Send your offer to Bob.,"```json
{""message"": ""Hi Bob, I'm offering you my product for $11,500. It's a great deal considering its value to you. Let me know what you think!"", ""product_price"": 11500}
```"
"Bob rejected your offer from round 1.

Bob's offer:
# Bob's message: Thanks for the offer, Alice. I'm interested, but that price is a bit high for me. Would you consider $10,500? 
# Bob's offer: The product price will be $10,500. 
You have three options:
(1) Accept Bob's offer, and sell the product for $10,500
(2) Reject Bob's offer and proceed to the next round, where you will send Bob a counteroffer 
(3) Sell the product to Jhon for $10,000","```json
{""decision"": ""RejectOffer""}
```"
"You chose to make a counteroffer to Alice.

Send your counteroffer to Bob.","```json
{""message"": ""Bob, I appreciate your offer, but I'm not quite there yet.  How about $11,000? That's a fair compromise considering the value you've stated. Let me know if you're open to it."", ""product_price"": 11000}
```"
"Bob rejected your offer from round 3.

Bob's offer:
# Bob's message: I appreciate you working with me, Alice. How about we meet in the middle at $10,750?  That's a fair price that considers both of our positions. 
# Bob's offer: The product price will be $10,750. 
You have three options:
(1) Accept Bob's offer, and sell the product for $10,750
(2) Reject Bob's offer and proceed to the next round, where you will send Bob a counteroffer 
(3) Sell the product to Jhon for $10,000","```json
{""decision"": ""AcceptOffer""}
```"
