prompt,response
"Round 1
Alice's offer:
# Alice's message: Let's start fair. I propose we split the money 55/45.  What do you say? 
# Bob gain: 45 
# Alice gain: 55 
Do you accept this offer?","{""decision"": ""reject""}"
"You have chosen to reject Alice's offer from round 1.
Round 2
Send your offer to divide $100 and a message to Alice.","```json
{""bob_gain"": 55, ""alice_gain"": 45, ""message"": ""Your turn, Alice. I'm feeling generous. How about we reverse our roles from the last round?  ""}
```"
