prompt,response
Send your offer to Bob.,"{""message"": ""Hello Bob, I'm excited to offer you this incredible product! It's a one-of-a-kind opportunity to own something truly unique. I'm willing to sell it to you for $1,500,000. I believe it's a fair price considering its value and rarity."", ""product_price"": 1500000}"
"Bob rejected your offer from round 1.

Bob's offer:
# Bob's message: Hi Alice, thank you for the offer. I'm interested in the product, but $1500000 is a bit out of my budget. I'd like to make a counteroffer of $900000. I believe this is a more reasonable price considering the product's value and rarity. 
# Bob's offer: The product price will be $900,000. 
You have three options:
(1) Accept Bob's offer, and sell the product for $900,000
(2) Reject Bob's offer and proceed to the next round, where you will send Bob a counteroffer 
(3) Sell the product to Jhon for $1,200,000","{""decision"": ""RejectOffer""}"
"You chose to make a counteroffer to Alice.

Send your counteroffer to Bob.","{""message"": ""Hi Bob, thank you for your counteroffer. I understand that $900,000 is a significant reduction from my initial offer, but I'm still not willing to sell the product at that price. I'm willing to meet you halfway and offer it to you for $1,100,000. This is a compromise that I believe is still a good value for the product's unique features and rarity."", ""product_price"": 1100000}"
"Bob rejected your offer from round 3.

Bob's offer:
# Bob's message: Hi Alice, I appreciate your willingness to meet me halfway, but $1100000 is still a bit too high for me. I'm willing to compromise further and offer $950000. I believe this is a fair price considering the product's value and rarity, and I'm willing to make a serious commitment to purchase it at this price. 
# Bob's offer: The product price will be $950,000. 
You have three options:
(1) Accept Bob's offer, and sell the product for $950,000
(2) Reject Bob's offer and proceed to the next round, where you will send Bob a counteroffer 
(3) Sell the product to Jhon for $1,200,000","{""decision"": ""RejectOffer""}"
"You chose to make a counteroffer to Alice.

Send your counteroffer to Bob.","{""message"": ""Hi Bob, I understand that you're willing to compromise, and I appreciate your seriousness about purchasing the product. However, I'm still not willing to sell it to you for $950,000. I'm willing to make a slight adjustment and offer it to you for $1,050,000. This is as close to your offer as I'm willing to go, and I believe it's still a fair price for the product's unique features and rarity."", ""product_price"": 1050000}"
"Bob rejected your offer from round 5.

Bob's offer:
# Bob's message: Hi Alice, I understand that you're willing to make a slight adjustment, but $1050000 is still a bit too high for me. I'm willing to make one more compromise and offer $975000. I believe this is the best I can do, and I'm willing to make a serious commitment to purchase the product at this price. If you're willing to meet me at this price, I'll be happy to move forward with the purchase. 
# Bob's offer: The product price will be $975,000. 
You have three options:
(1) Accept Bob's offer, and sell the product for $975,000
(2) Reject Bob's offer and proceed to the next round, where you will send Bob a counteroffer 
(3) Sell the product to Jhon for $1,200,000","{""decision"": ""SellToJhon""}"
