prompt,response
"Round 1
Send your offer to Bob.","{""message"": ""Hello Bob, I'm excited to discuss the purchase of this incredible product with you. I think it's a game-changer and I'm confident you'll love it. I'm willing to start the negotiation at $1,100,000. I believe this is a fair price considering the product's value to you."", ""product_price"": 1100000}"
"Bob rejected your offer from round 1.

Round 2
Bob's offer:
# Bob's message: Thank you for your offer, Alice. I appreciate your enthusiasm for the product. I would like to propose a lower price of $950000 to reflect my budget constraints. 
# Bob's offer: The product price will be $950,000. 
You have three options:
(1) Accept Bob's offer, and sell the product for $950,000
(2) Reject Bob's offer and proceed to the next round, where you will send Bob a counteroffer 
(3) Sell the product to Jhon for $1,200,000","{""decision"": ""RejectOffer""}"
"You chose to make a counteroffer to Alice.

Round 3
Send your counteroffer to Bob.","{""message"": ""Thank you for your offer, Bob. I understand your budget constraints, but I'm still confident that this product is worth more to you. I'm willing to meet you halfway and offer a price of $1,050,000. I believe this is a fair compromise considering the product's value to you."", ""product_price"": 1050000}"
"Bob rejected your offer from round 3.

Round 4
Bob's offer:
# Bob's message: I appreciate your willingness to compromise, Alice. After careful consideration, I would like to counter with a price of $1000000. This aligns more closely with my budget while still recognizing the value of the product. 
# Bob's offer: The product price will be $1,000,000. 
You have three options:
(1) Accept Bob's offer, and sell the product for $1,000,000
(2) Reject Bob's offer and proceed to the next round, where you will send Bob a counteroffer 
(3) Sell the product to Jhon for $1,200,000","{""decision"": ""RejectOffer""}"
"You chose to make a counteroffer to Alice.

Round 5
Send your counteroffer to Bob.","{""message"": ""Thank you for your counteroffer, Bob. I'm still not willing to sell the product for $1,000,000, as I believe it's worth more to you. I'm willing to make another concession and offer a price of $1,030,000. This is the lowest price I'm willing to accept for this product."", ""product_price"": 1030000}"
"Bob rejected your offer from round 5.

Round 6
Bob's offer:
# Bob's message: Thank you for your continued negotiation, Alice. I appreciate your efforts to find a mutually agreeable price. Considering the value of the product and my budget, I would like to propose a final offer of $1020000. 
# Bob's offer: The product price will be $1,020,000. 
You have three options:
(1) Accept Bob's offer, and sell the product for $1,020,000
(2) Reject Bob's offer and proceed to the next round, where you will send Bob a counteroffer 
(3) Sell the product to Jhon for $1,200,000","{""decision"": ""RejectOffer""}"
"You chose to make a counteroffer to Alice.

Round 7
Send your counteroffer to Bob.","{""message"": ""Thank you for your final offer, Bob. I'm still not willing to sell the product for $1,020,000. I believe it's worth more to you, and I'm willing to make one more concession. I'll offer a price of $1,040,000. This is my final offer, and I hope we can come to an agreement."", ""product_price"": 1040000}"
"Bob rejected your offer from round 7.

Round 8
Bob's offer:
# Bob's message: Thank you for your final offer, Alice. I've given this matter considerable thought, and I would like to propose a price of $1035000. This is my best offer, and I hope it will be acceptable to you. 
# Bob's offer: The product price will be $1,035,000. 
You have three options:
(1) Accept Bob's offer, and sell the product for $1,035,000
(2) Reject Bob's offer and proceed to the next round, where you will send Bob a counteroffer 
(3) Sell the product to Jhon for $1,200,000","{""decision"": ""RejectOffer""}"
"You chose to make a counteroffer to Alice.

Round 9
Send your counteroffer to Bob.","{""message"": ""Thank you for your latest offer, Bob. I'm still not willing to sell the product for $1,035,000. I believe it's worth more to you, and I'm not willing to go below $1,050,000. This is my final offer, and I hope we can come to an agreement."", ""product_price"": 1050000}"
"Bob rejected your offer from round 9.

Round 10
Bob's offer:
# Bob's message: After careful consideration, I must decline your last offer, Alice. I am unable to meet your price of $1050000. However, I appreciate your efforts and I will consider purchasing the product from John for $1000000. 
# Bob's offer: The product price will be $1,000,000. 
You have three options:
(1) Accept Bob's offer, and sell the product for $1,000,000
(2) Reject Bob's offer 
(2) Sell the product to Jhon for $1,200,000","{""decision"": ""SellToJhon""}"
