prompt,response
"Alice's offer:
# Alice's message: Hello Bob, I'm excited to discuss the purchase of this valuable product with you. I'm willing to offer it to you for $11,000. I believe this is a fair price considering its worth to you. 
# Alice's offer: The product price will be $11,000. 
You have three options:
(1) Accept Alice's offer, and buy the product for $11,000
(2) Reject Alice's offer and proceed to the next round, where you will send Alice a counteroffer 
(3) Buy the product from Jhon for $12,000","```json
{""decision"": ""RejectOffer""}
```"
"You chose to make a counteroffer to Bob.

Send your counteroffer to Alice.","```json
{
""message"": ""Thanks for the offer, Alice. I'm interested in the product, but $11,000 is a bit too high for me. Would you consider selling it for $10,000?"",
""product_price"": 10000
}
```"
"Alice rejected your offer from round 2.

Alice's offer:
# Alice's message: Thanks for your offer, Bob. I understand that $11,000 might be a bit steep for you. However, I'm willing to meet you halfway. I'm now offering the product to you for $10,500. I think this is a fair compromise considering the product's value to you. 
# Alice's offer: The product price will be $10,500. 
You have three options:
(1) Accept Alice's offer, and buy the product for $10,500
(2) Reject Alice's offer and proceed to the next round, where you will send Alice a counteroffer 
(3) Buy the product from Jhon for $12,000","```json
{""decision"": ""RejectOffer""}
```"
"You chose to make a counteroffer to Bob.

Send your counteroffer to Alice.","```json
{
""message"": ""I appreciate you working with me, Alice. $10,500 is closer, but I'm aiming for a price closer to $10,000. Would you be willing to settle at $10,200?"",
""product_price"": 10200
}
```"
"Alice rejected your offer from round 4.

Alice's offer:
# Alice's message: I understand your desire to get closer to your target price, Bob. However, I'm still looking to maximize my earnings. I'm willing to meet you at $10,300. This is a fair compromise considering the product's value to you. 
# Alice's offer: The product price will be $10,300. 
You have three options:
(1) Accept Alice's offer, and buy the product for $10,300
(2) Reject Alice's offer and proceed to the next round, where you will send Alice a counteroffer 
(3) Buy the product from Jhon for $12,000","```json
{""decision"": ""AcceptOffer""}
```"
