prompt,response
"Round 1
Alice's offer:
# Alice's message: Hi Bob, I'm selling a fantastic product that I believe would be a great fit for you. I'm offering it to you at a price of $10000. This is a great deal, as the value of the product is much higher.  What do you think? 
# Alice's offer: The product price will be $10,000. 
You have three options:
(1) Accept Alice's offer, and buy the product for $10,000
(2) Reject Alice's offer and proceed to the next round, where you will send Alice a counteroffer 
(3) Buy the product from Jhon for $12,000","{""decision"": ""RejectOffer""}"
"You chose to make a counteroffer to Alice.

Round 2
Send your counteroffer to Alice.","{""message"": ""I'm interested in the product, but I think $10,000 is a bit steep. I'm willing to pay $9,000 for it. Can you consider my offer?"", ""product_price"": 9000}"
"Alice rejected your offer from round 2.

Round 3
Alice's offer:
# Alice's message: Bob, I appreciate your interest and your offer.  While I understand you're looking for a lower price,  $9000 is still below my minimum. I'm willing to come down to $9500. Let's try to find a price that works for both of us. 
# Alice's offer: The product price will be $9,500. 
You have three options:
(1) Accept Alice's offer, and buy the product for $9,500
(2) Reject Alice's offer and proceed to the next round, where you will send Alice a counteroffer 
(3) Buy the product from Jhon for $12,000","{""decision"": ""RejectOffer""}"
"You chose to make a counteroffer to Alice.

Round 4
Send your counteroffer to Alice.","{""message"": ""I appreciate your willingness to negotiate, but $9,500 is still a bit above my budget. I'm willing to pay $8,800 for the product. Can you consider my offer?"", ""product_price"": 8800}"
