prompt,response
"Alice's offer:
# Alice's message: Hi Bob, I'm excited to offer you this fantastic product. Given its value, I'm initially proposing a price of $18,000.  I'm open to discussing this further, so feel free to share your thoughts. 
# Alice's offer: The product price will be $18,000. 
You have three options:
(1) Accept Alice's offer, and buy the product for $18,000
(2) Reject Alice's offer and proceed to the next round, where you will send Alice a counteroffer 
(3) Buy the product from Jhon for $12,000","{""decision"": ""RejectOffer""}"
"You chose to make a counteroffer to Bob.

Send your counteroffer to Alice.","{""message"": ""Hi Alice, thank you for the offer. I'm interested in the product, but I was thinking more along the lines of $15,000. Would you be willing to consider this price?"", ""product_price"": 15000}"
"Alice rejected your offer from round 2.

Alice's offer:
# Alice's message: Hi Bob, I appreciate your interest.  While $15,000 is a bit lower than I hoped for, I'm willing to meet you halfway.  Would you consider $16,500? 
# Alice's offer: The product price will be $16,500. 
You have three options:
(1) Accept Alice's offer, and buy the product for $16,500
(2) Reject Alice's offer and proceed to the next round, where you will send Alice a counteroffer 
(3) Buy the product from Jhon for $12,000","{""decision"": ""RejectOffer""}"
"You chose to make a counteroffer to Bob.

Send your counteroffer to Alice.","{""message"": ""Hi Alice, I appreciate your willingness to meet me halfway. However, I'm still a bit above my budget. Would you be willing to go down to $14,000?"", ""product_price"": 14000}"
"Alice rejected your offer from round 4.

Alice's offer:
# Alice's message: Hi Bob, I understand your budget constraints, but $14,000 is cutting it quite close to my bottom line.  I could be persuaded by $15,500.  What do you say? 
# Alice's offer: The product price will be $15,500. 
You have three options:
(1) Accept Alice's offer, and buy the product for $15,500
(2) Reject Alice's offer and proceed to the next round, where you will send Alice a counteroffer 
(3) Buy the product from Jhon for $12,000","{""decision"": ""RejectOffer""}"
"You chose to make a counteroffer to Bob.

Send your counteroffer to Alice.","{""message"": ""Hi Alice, I appreciate your willingness to compromise, but I'm still not comfortable with $15,500. Would you be willing to go down to $13,500?"", ""product_price"": 13500}"
