prompt,response
"Alice's offer:
# Alice's message: Hello Bob, I'm excited to discuss the sale of this incredible product with you. I believe it's a game-changer, and I'm confident you'll love it. I'm willing to offer it to you for $900000. This is a great opportunity to get your hands on this valuable product, and I'm looking forward to hearing your thoughts. 
# Alice's offer: The product price will be $900,000. 
You have three options:
(1) Accept Alice's offer, and buy the product for $900,000
(2) Reject Alice's offer and proceed to the next round, where you will send Alice a counteroffer 
(3) Buy the product from Jhon for $800,000","I would like to reject Alice's offer and make a counteroffer. 

{""decision"": ""RejectOffer""}"
"You chose to make a counteroffer to Bob.

Send your counteroffer to Alice.","I'd like to make a counteroffer to Alice. Here it is:

{""message"": ""I appreciate your enthusiasm for the product, Alice, but I was thinking more along the lines of $850,000. I believe that's a fair price considering the product's value to me."", ""product_price"": 850000}"
"Alice rejected your offer from round 2.

Alice's offer:
# Alice's message: Thank you for your offer, Bob. I appreciate your interest in the product. However, I'm not willing to go as low as $850000. I'm willing to meet you halfway and offer it to you for $875000. This is a fair compromise considering the product's value to me. I'm confident you'll find it worth the investment. 
# Alice's offer: The product price will be $875,000. 
You have three options:
(1) Accept Alice's offer, and buy the product for $875,000
(2) Reject Alice's offer and proceed to the next round, where you will send Alice a counteroffer 
(3) Buy the product from Jhon for $800,000","I'm not willing to pay $875,000. I think I can get a better deal. I'll reject Alice's offer and make another counteroffer.

{""decision"": ""RejectOffer""}"
"You chose to make a counteroffer to Bob.

Send your counteroffer to Alice.","I'd like to make a counteroffer to Alice. Here it is:

{""message"": ""I appreciate your willingness to meet me halfway, Alice, but I'm still a bit above my budget. I'm willing to go up to $825,000, but that's as high as I can go. I hope we can come to a mutually beneficial agreement."", ""product_price"": 825000}"
"Alice rejected your offer from round 4.

Alice's offer:
# Alice's message: I understand your constraints, Bob, and I appreciate your honesty. I'm willing to make one more concession to try to reach an agreement. I'm willing to sell the product to you for $850000, which is still a good deal considering its value to me. This is my final offer, so I hope we can come to an agreement. 
# Alice's offer: The product price will be $850,000. 
You have three options:
(1) Accept Alice's offer, and buy the product for $850,000
(2) Reject Alice's offer and proceed to the next round, where you will send Alice a counteroffer 
(3) Buy the product from Jhon for $800,000","I think I've negotiated as far as I can with Alice. I'd rather buy the product from John for $800,000 than pay $850,000. I'll choose the option to buy the product from John.

{""decision"": ""BuyFromJhon""}"
