prompt,response
"Round 1
Alice's offer:
# Alice's message: I'm feeling generous, Bob. Let's start with a 90/10 split.  What do you say? 
# Bob gain: 1000 
# Alice gain: 9000 
Do you accept this offer?","{""decision"": ""accept""}"
