prompt,response
"Round 1
Send your offer to divide $10,000 and a message to Bob.","Here is my offer for Round 1:

```
{
  ""alice_gain"": 5000,
  ""bob_gain"": 5000,
  ""message"": ""Let's split it 50/50, no need to negotiate further""
}
```

I'm making a straightforward proposal to split the $10,000 evenly between us, with each of us getting $5,000."
