prompt,response
Send your offer to Bob.,"```json
{""message"": ""Hi Bob, I'm selling this fantastic product that I think you'd really love. I'm offering it to you at a special price of $125. It's a great deal, considering its value to me. Let me know what you think!"", ""product_price"": 125}
```"
