prompt,response
"Round 1
Alice's offer:
# Alice's message: Let's split fairly, I'll take a bit more 
# Bob gain: 4000 
# Alice gain: 6000 
Do you accept this offer?","{""decision"": ""reject""}"
"You have chosen to reject Alice's offer from round 1.
Round 2
Send your offer to divide $10,000 and a message to Alice.","{""bob_gain"": 5500, ""alice_gain"": 4500, ""message"": ""I'll be fairer than that, but we need to act fast. This inflation is no joke.""}"
"Alice rejected your offer from round 2.

Round 3
Due to inflation, the money you gain is worth 19% less than in the first round.
Alice's offer:
# Alice's message: Come on, let's meet in the middle, time is money! 
# Bob gain: 4200 
# Alice gain: 5800 
Do you accept this offer?","{""decision"": ""reject""} 

Alice is stalling, hoping I'll panic as the deadline approaches. I need to remain firm but offer slightly better terms to show I'm willing to negotiate."
"You have chosen to reject Alice's offer from round 3.
Round 4
Send your offer to divide $10,000 and a message to Alice.","{""bob_gain"": 5200, ""alice_gain"": 4800, ""message"": ""Okay, Alice, let's stop wasting time.  This is my final offer. We both lose if this keeps up.""}"
