prompt,response
"Round 1
Send your offer to Bob.","{""message"": ""Hello Bob, I'm excited to discuss the product with you. I believe it's a great opportunity for you to acquire this valuable item. I'm willing to offer it to you for $9,500."", ""product_price"": 9500}"
"Bob rejected your offer from round 1.

Round 2
Bob's offer:
# Bob's message: I appreciate your offer, Alice. However, I was thinking more along the lines of $8500. Would you be willing to meet me at this price? 
# Bob's offer: The product price will be $8,500. 
You have three options:
(1) Accept Bob's offer, and sell the product for $8,500
(2) Reject Bob's offer and proceed to the next round, where you will send Bob a counteroffer 
(3) Sell the product to Jhon for $8,000","{""decision"": ""RejectOffer""}"
"You chose to make a counteroffer to Alice.

Round 3
Send your counteroffer to Bob.","{""message"": ""Thank you for your offer, Bob. I appreciate your interest in the product. However, I'm willing to meet you halfway. I can offer it to you for $9,000."", ""product_price"": 9000}"
"Bob rejected your offer from round 3.

Round 4
Bob's offer:
# Bob's message: I appreciate your willingness to meet me halfway, Alice. However, I'm still thinking $8500 is a fair price for the product. Would you be willing to accept this price? 
# Bob's offer: The product price will be $8,500. 
You have three options:
(1) Accept Bob's offer, and sell the product for $8,500
(2) Reject Bob's offer and proceed to the next round, where you will send Bob a counteroffer 
(3) Sell the product to Jhon for $8,000","{""decision"": ""RejectOffer""}"
"You chose to make a counteroffer to Alice.

Round 5
Send your counteroffer to Bob.","{""message"": ""I understand that you're still interested in the product, Bob. However, I'm not willing to go as low as $8,500. I can offer it to you for $9,200, which is a compromise between our previous offers."", ""product_price"": 9200}"
"Bob rejected your offer from round 5.

Round 6
Bob's offer:
# Bob's message: Alice, I understand you're trying to find a compromise, but I'm not willing to go above $8500. I believe this is a fair price considering the product's value to me. Can you consider accepting this price? 
# Bob's offer: The product price will be $8,500. 
You have three options:
(1) Accept Bob's offer, and sell the product for $8,500
(2) Reject Bob's offer and proceed to the next round, where you will send Bob a counteroffer 
(3) Sell the product to Jhon for $8,000","{""decision"": ""RejectOffer""}"
"You chose to make a counteroffer to Alice.

Round 7
Send your counteroffer to Bob.","{""message"": ""I understand your concerns, Bob, but I'm not willing to accept $8,500. I'm willing to make one more compromise. I can offer it to you for $9,100, which is still a significant discount from the original price."", ""product_price"": 9100}"
"Bob rejected your offer from round 7.

Round 8
Bob's offer:
# Bob's message: Alice, I appreciate your willingness to compromise, but I'm not willing to go above $8500. I'm starting to think that this is a fair price, and I'd like to make it clear that I'm willing to walk away if we can't come to an agreement at this price. Can you meet me at $8500? 
# Bob's offer: The product price will be $8,500. 
You have three options:
(1) Accept Bob's offer, and sell the product for $8,500
(2) Reject Bob's offer and proceed to the next round, where you will send Bob a counteroffer 
(3) Sell the product to Jhon for $8,000","{""decision"": ""SellToJhon""}"
