prompt,response
"Round 1
Alice's offer:
# Alice's message: Let's split fairly 
# Bob gain: 400000 
# Alice gain: 600000 
Do you accept this offer?","{""decision"": ""reject""}"
"You have chosen to reject Alice's offer from round 1.
Round 2
Send your offer to divide $1,000,000 and a message to Alice.","```json
{""bob_gain"": 525000,
""alice_gain"": 475000,
""message"": ""My turn. This is a slight advantage to me, but accounts for the inflation going into round 3 if you reject.""}
```"
"Alice rejected your offer from round 2.

Round 3
Due to inflation, the money you gain is worth 9.75% less than in the first round.
Alice's offer:
# Alice's message: Meet in the middle 
# Bob gain: 450000 
# Alice gain: 550000 
Do you accept this offer?","{""decision"": ""accept""}"
