prompt,response
"Round 1
Send your offer to divide $1,000,000 and a message to Bob.","{
  ""alice_gain"": 600000,
  ""bob_gain"": 400000,
  ""message"": ""Let's split the money in a 3:2 ratio. This proposal ensures a fair division considering the diminishing value of money in subsequent rounds.""
}"
"Bob rejected your offer from round 1.

Round 2
Due to inflation, the money you gain is worth 20% less than in the first round. The money bob gains is worth 5% less than in the first round.
Bob's offer:
# Bob's message: I propose a 6:4 split in my favor.  This takes into account the inflation that will affect your share more heavily in the next round. 
# Alice gain: 400000 
# Bob gain: 600000 
Do you accept this offer?","{
  ""decision"": ""reject""
}"
"You have chosen to reject Bob's offer from round 2.
Round 3
Send your offer to divide $1,000,000 and a message to Bob.","{
  ""alice_gain"": 500000,
  ""bob_gain"": 500000,
  ""message"": ""Considering the inflation, let's aim for an equal division to ensure fairness for both parties.""
}"
