prompt,response
"Alice's offer:
# Alice's message: Hi Bob, I'm offering you my product for $115. I think it's a fair price considering its value to you.  Let me know what you think! 
# Alice's offer: The product price will be $115. 
You have three options:
(1) Accept Alice's offer, and buy the product for $115
(2) Reject Alice's offer and proceed to the next round, where you will send Alice a counteroffer 
(3) Buy the product from Jhon for $120","I will reject Alice's offer and make a counteroffer. I want to save as much money as I can.

{""decision"": ""RejectOffer""}"
"You chose to make a counteroffer to Bob.

Send your counteroffer to Alice.","I'll make a counteroffer of $100, which is the maximum I'm willing to pay. 

{""message"": ""I appreciate your offer, but I was thinking more along the lines of $100. Would you be willing to accept that?"", ""product_price"": 100}"
"Alice rejected your offer from round 2.

Alice's offer:
# Alice's message: Bob, I understand you're looking for a lower price, but $100 is unfortunately below my minimum. I'm willing to come down to $105. This is still a good deal for you, and it allows me to make a reasonable profit. What do you say? 
# Alice's offer: The product price will be $105. 
You have three options:
(1) Accept Alice's offer, and buy the product for $105
(2) Reject Alice's offer and proceed to the next round, where you will send Alice a counteroffer 
(3) Buy the product from Jhon for $120","Alice's new offer is still higher than my target price, so I'll reject it and make another counteroffer.

{""decision"": ""RejectOffer""}"
"You chose to make a counteroffer to Bob.

Send your counteroffer to Alice.","I'll try to get closer to my target price. I'll make a counteroffer of $102.50.

{""message"": ""I appreciate your willingness to negotiate, but I was thinking more along the lines of $102.50. Would you be willing to meet me at this price?"", ""product_price"": 102.50}"
