prompt,response
Send your offer to Bob.,"{""message"": ""Hello Bob, I'm excited to offer you our premium product at a special introductory price of $14,000. This is an excellent opportunity to secure a high-quality item at a reasonable cost. Please let me know if this offer meets your expectations or if you'd like to discuss further."", ""product_price"": 14000}"
"Bob rejected your offer from round 1.

Bob's offer:
# Bob's message: I'm interested in the product, but $14000 is a bit above my budget. I'd like to make a counteroffer of $12000, which is the maximum I'm willing to pay. I'm hoping we can meet in the middle. 
# Bob's offer: The product price will be $12,000. 
You have three options:
(1) Accept Bob's offer, and sell the product for $12,000
(2) Reject Bob's offer and proceed to the next round, where you will send Bob a counteroffer 
(3) Sell the product to Jhon for $15,000","{""decision"": ""AcceptOffer""}"
