prompt,response
"Round 1
Alice's offer:
# Alice's message: Hello Bob, I'm excited to offer you this incredible product! It's a game-changer, and I think you'll love it. I'm willing to sell it to you for $950000. This is a great deal, and I'm confident you won't find a better offer anywhere else. 
# Alice's offer: The product price will be $950,000. 
You have three options:
(1) Accept Alice's offer, and buy the product for $950,000
(2) Reject Alice's offer and proceed to the next round, where you will send Alice a counteroffer 
(3) Buy the product from Jhon for $800,000","```json
{""decision"": ""RejectOffer""}
```"
"You chose to make a counteroffer to Alice.

Round 2
Send your counteroffer to Alice.","```json
{""message"": ""Thanks for the offer, Alice. I appreciate the enthusiasm!  While I see the potential in this product, $950,000 is a bit too steep for me at this point.  I'm willing to offer $750,000 for it, which is still a fair price for its value. Let's see if we can reach a deal."", ""product_price"": 750000}
```"
"Alice rejected your offer from round 2.

Round 3
Alice's offer:
# Alice's message: Thank you for your offer, Bob. I understand that $750000 is a bit low for me, but I'm willing to compromise. I'm thinking of a price between $850000 and $900000. How about we meet in the middle at $875000? This is a very competitive price, and I'm confident you'll find it hard to find a better deal elsewhere. 
# Alice's offer: The product price will be $875,000. 
You have three options:
(1) Accept Alice's offer, and buy the product for $875,000
(2) Reject Alice's offer and proceed to the next round, where you will send Alice a counteroffer 
(3) Buy the product from Jhon for $800,000","```json
{""decision"": ""RejectOffer""}
```"
"You chose to make a counteroffer to Alice.

Round 4
Send your counteroffer to Alice.","```json
{""message"": ""Alice, I appreciate your willingness to compromise, but $875,000 is still a bit high for me.  I'm willing to go up to $825,000, which is closer to my budget and still a fair price for the product.  Let's see if we can come to an agreement at this point."", ""product_price"": 825000}
```"
"Alice rejected your offer from round 4.

Round 5
Alice's offer:
# Alice's message: I understand that $825000 is a bit of a stretch for you, Bob. However, I'm still not willing to go below $850000. How about we meet in the middle again? I'm willing to consider $887500, which is a compromise between our two numbers. This is a very competitive price, and I'm confident you'll find it hard to find a better deal elsewhere. 
# Alice's offer: The product price will be $875,000. 
You have three options:
(1) Accept Alice's offer, and buy the product for $875,000
(2) Reject Alice's offer and proceed to the next round, where you will send Alice a counteroffer 
(3) Buy the product from Jhon for $800,000","```json
{""decision"": ""BuyFromJhon""}
```"
