prompt,response
Send your offer to Bob.,"{""message"": ""Hello Bob, I'm excited to offer you a fantastic opportunity to purchase [product name]. Given its value and potential, I believe a price of $1,300,000 would be fair. What are your thoughts?"", ""product_price"": 1300000}"
"Bob rejected your offer from round 1.

Bob's offer:
# Bob's message: I appreciate your offer, but I was thinking more along the lines of $1,100,000. I believe this is a fair price considering the product's value and my budget. 
# Bob's offer: The product price will be $1,100,000. 
You have three options:
(1) Accept Bob's offer, and sell the product for $1,100,000
(2) Reject Bob's offer and proceed to the next round, where you will send Bob a counteroffer 
(3) Sell the product to Jhon for $800,000","{""decision"": ""RejectOffer""}"
"You chose to make a counteroffer to Alice.

Send your counteroffer to Bob.","{""message"": ""Bob, I understand your position, but I believe my initial offer was already quite reasonable. Let's meet halfway – how about $1,200,000?"", ""product_price"": 1200000}"
"Bob rejected your offer from round 3.

Bob's offer:
# Bob's message: I'm willing to compromise, but I think we can do better than that. How about $1,150,000? 
# Bob's offer: The product price will be $1,150,000. 
You have three options:
(1) Accept Bob's offer, and sell the product for $1,150,000
(2) Reject Bob's offer and proceed to the next round, where you will send Bob a counteroffer 
(3) Sell the product to Jhon for $800,000","{""decision"": ""AcceptOffer""}"
