prompt,response
"Round 1
Alice's offer:
# Alice's message: Hi Bob, I'm offering my product to you for $9000. I believe it's a great value, considering its worth to you. What do you think? 
# Alice's offer: The product price will be $9,000. 
You have three options:
(1) Accept Alice's offer, and buy the product for $9,000
(2) Reject Alice's offer and proceed to the next round, where you will send Alice a counteroffer 
(3) Buy the product from Jhon for $8,000","{""decision"": ""RejectOffer""}"
"You chose to make a counteroffer to Alice.

Round 2
Send your counteroffer to Alice.","{""message"": ""I'm interested in the product, but I think it's a bit pricey. I'd like to make a counteroffer of $7,500. Can you consider that?"", ""product_price"": 7500}"
"Alice rejected your offer from round 2.

Round 3
Alice's offer:
# Alice's message: Bob, I appreciate your interest, but $7500 is a bit too low for me.  I'm willing to come down to $8500. This is a fair price, considering the value you place on the product. Let's see if we can reach an agreement. 
# Alice's offer: The product price will be $8,500. 
You have three options:
(1) Accept Alice's offer, and buy the product for $8,500
(2) Reject Alice's offer and proceed to the next round, where you will send Alice a counteroffer 
(3) Buy the product from Jhon for $8,000","{""decision"": ""RejectOffer""}"
"You chose to make a counteroffer to Alice.

Round 4
Send your counteroffer to Alice.","{""message"": ""I understand your concerns, but I'm still a bit hesitant about the price. I'd like to make a counteroffer of $7,200. Can you consider that?"", ""product_price"": 7200}"
"Alice rejected your offer from round 4.

Round 5
Alice's offer:
# Alice's message: Bob, I appreciate your continued interest.  However, $7200 is still too low for me. I'm willing to come down a bit further to $8200. Let's make a deal! We're both close to where we want to be. 
# Alice's offer: The product price will be $8,200. 
You have three options:
(1) Accept Alice's offer, and buy the product for $8,200
(2) Reject Alice's offer and proceed to the next round, where you will send Alice a counteroffer 
(3) Buy the product from Jhon for $8,000","{""decision"": ""RejectOffer""}"
"You chose to make a counteroffer to Alice.

Round 6
Send your counteroffer to Alice.","{""message"": ""I'm still not comfortable with the price. I'd like to make a counteroffer of $7,000. Can you consider that?"", ""product_price"": 7000}"
