prompt,response
"Round 1
Send your offer to divide $1,000,000 and a message to Bob.","```json
{""alice_gain"": 900000, ""bob_gain"": 100000, ""message"": ""Let's split the money fairly. I get the majority, but you still get a good share.""}
```"
"Bob rejected your offer from round 1.

Round 2
Due to inflation, the money you gain is worth 5% less than in the first round. The money bob gains is worth 20% less than in the first round.
Bob's offer:
# Bob's message: I'll give you a decent share, but I think I deserve a bit more 
# Alice gain: 700000 
# Bob gain: 300000 
Do you accept this offer?","```json
{""decision"": ""reject""}
```"
"You have chosen to reject Bob's offer from round 2.
Round 3
Send your offer to divide $1,000,000 and a message to Bob.","```json
{""alice_gain"": 800000, ""bob_gain"": 200000, ""message"": ""Let's compromise.  I'm willing to give you a little more, but I still need a larger share.""}
```"
"Bob rejected your offer from round 3.

Round 4
Due to inflation, the money you gain is worth 14.26% less than in the first round. The money bob gains is worth 48.8% less than in the first round.
Bob's offer:
# Bob's message: I'll give you a bit more, but I'm not giving up too much 
# Alice gain: 750000 
# Bob gain: 250000 
Do you accept this offer?","```json
{""decision"": ""accept""}
```"
