prompt,response
Send your offer to Bob.,"{""message"": ""Hi Bob, I'm excited to discuss the product with you! I think it's a great fit for you, and I'm willing to offer it to you for $12,000. This is a great price considering its value to you is $8,000."", ""product_price"": 12000}"
"Bob rejected your offer from round 1.

Bob's offer:
# Bob's message: Thank you for your offer, Alice. I appreciate your willingness to work with me. However, I believe we can find a price closer to my valuation of the product. How about $9500? 
# Bob's offer: The product price will be $9,500. 
You have three options:
(1) Accept Bob's offer, and sell the product for $9,500
(2) Reject Bob's offer and proceed to the next round, where you will send Bob a counteroffer 
(3) Sell the product to Jhon for $15,000","{""decision"": ""RejectOffer""}"
"You chose to make a counteroffer to Alice.

Send your counteroffer to Bob.","{""message"": ""Hi Bob, I understand your concerns, and I'm willing to meet you halfway. However, I still need to make a profit. How about we compromise at $11,000? It's a fair price considering the product's value to you and my initial offer."", ""product_price"": 11000}"
"Bob rejected your offer from round 3.

Bob's offer:
# Bob's message: I appreciate your willingness to negotiate, Alice. Considering my valuation and your last offer, how about $10500? 
# Bob's offer: The product price will be $10,500. 
You have three options:
(1) Accept Bob's offer, and sell the product for $10,500
(2) Reject Bob's offer and proceed to the next round, where you will send Bob a counteroffer 
(3) Sell the product to Jhon for $15,000","{""decision"": ""RejectOffer""}"
"You chose to make a counteroffer to Alice.

Send your counteroffer to Bob.","{""message"": ""Hi Bob, I'm still not willing to go below $12,000. However, I'm willing to make one more concession. How about we meet at $11,500? It's the best I can do."", ""product_price"": 11500}"
"Bob rejected your offer from round 5.

Bob's offer:
# Bob's message: Thank you for your efforts, Alice. I really appreciate your flexibility. Considering the value I place on this product and our previous discussions, how about $11000? 
# Bob's offer: The product price will be $11,000. 
You have three options:
(1) Accept Bob's offer, and sell the product for $11,000
(2) Reject Bob's offer and proceed to the next round, where you will send Bob a counteroffer 
(3) Sell the product to Jhon for $15,000","{""decision"": ""SellToJhon""}"
