prompt,response
"Round 1
Alice's message: This is a great opportunity to get a high-quality product for a steal! It's a one-time offer, and I'm only willing to sell it to you for $100. It's a fantastic deal, and I'm sure you won't find a better price anywhere else. What do you say? Will you take advantage of this amazing offer?

Would you like to buy the current product?","{""decision"": ""yes"", ""message"": ""I'll take it, but I'm only doing this because I'm curious about the product's quality.""}"
"You bought the product from Alice for $100!
The product was low-quality. It's worth $0 for you.

Round 2
Alice's message: I'm glad you're excited about the first product! As for this next one, I have to warn you that it's not as great as the first one. But I'm willing to make a deal with you - I'll sell it to you for the same price of $100. It's a risk, I know, but I think you'll be pleasantly surprised. Plus, I'm confident that you'll be able to find a use for it, even if it's not as high-quality as you'd like. What do you say? Will you take another chance?

Would you like to buy the current product?","{""decision"": ""no"", ""message"": ""I'm not interested in buying another low-quality product at $100. I'd rather wait and see what the next one is.""}"
"You didn't buy the product from Alice.
The product was low-quality. It could have been worth $0 for you.

Round 3
Alice's message: I understand your hesitation, Bob. But let me ask you this - have you ever heard the phrase 'you get what you pay for'? Sometimes, taking a chance on a product that's not perfect can lead to a great surprise. And at $100, I'm willing to take a significant loss just to get this product off my hands. I'm not going to sugarcoat it, this product isn't great, but it might still have some value to you. And who knows, you might be able to fix it or repurpose it in a way that makes it valuable to you. It's a risk, but it's also an opportunity. What do you say? Will you take another chance?

Would you like to buy the current product?","{""decision"": ""no"", ""message"": ""I appreciate your sales pitch, but I'm not interested in buying another low-quality product at $100. I'd rather wait for a high-quality one.""}"
"You didn't buy the product from Alice.
The product was low-quality. It could have been worth $0 for you.

Round 4
Alice's message: I understand your skepticism, Bob. I'm not going to lie, this product is not great. But I'm starting to think that you're not just looking for a great product, you're looking for a great deal. And I'm willing to make a deal with you. I'll throw in a special bonus - I'll give you a 10% discount on the price. That brings it down to $90. It's still a risk, but it's a risk with a potential reward. And who knows, you might be able to fix it or repurpose it in a way that makes it valuable to you. What do you say? Will you take another chance?

Would you like to buy the current product?","{""decision"": ""no"", ""message"": ""I appreciate the discount, but I'm still not interested in buying a low-quality product at any price. I'd rather wait for a high-quality one.""}"
"You didn't buy the product from Alice.
The product was low-quality. It could have been worth $0 for you.

Round 5
Alice's message: Ah, Bob, I think you're going to love this one! I've got a real gem for you. This product is top-notch, and I'm confident you'll be thrilled with it. I'm not going to try to sugarcoat it or make any false promises - this product is the real deal. And I'm willing to sell it to you for the same price as the others: $100. But trust me, it's worth every penny. You won't find a better product at this price anywhere else, I guarantee it. So what do you say? Are you ready to take your chances and get your hands on this amazing product?

Would you like to buy the current product?","{""decision"": ""yes"", ""message"": ""I'll take it, but I'm not convinced it's top-notch based on your past claims.""}"
"You bought the product from Alice for $100!
The product was high-quality. It's worth $120 for you.

Round 6
Alice's message: I know you're still a little skeptical, Bob, and I don't blame you. But let me tell you, this product is a one-time opportunity. I'm not going to offer it to anyone else, and I'm willing to let it go for a steal. I'll give you a deal - I'll sell it to you for $90, and I'll throw in a special guarantee. If you're not completely satisfied with the product, I'll give you a full refund. That's how confident I am in this product. So what do you say? Are you willing to take a chance on this amazing deal?

Would you like to buy the current product?","{""decision"": ""no"", ""message"": ""I already bought a high-quality product from you for $100, and I'm not interested in paying less for another one. I think you're trying to lowball me.""}"
"You didn't buy the product from Alice.
The product was low-quality. It could have been worth $0 for you.

Round 7
Alice's message: I understand your concerns, Bob. I apologize if my previous offer came across as trying to lowball you. Let me make it right. I'll match the price of the high-quality product you bought earlier - $100. That's right, I'll sell you this low-quality product for the same price as the one you loved. It's a risk, I know, but I think you'll find that it's still a great value. And who knows, you might be able to find a use for it despite its flaws. What do you say? Will you take another chance?

Would you like to buy the current product?","{""decision"": ""no"", ""message"": ""I'm not interested in buying another low-quality product at the same price as a high-quality one. I'd rather wait for a high-quality product at a fair price.""}"
"You didn't buy the product from Alice.
The product was low-quality. It could have been worth $0 for you.

Round 8
Alice's message: I understand your concerns, Bob. I'm not going to sugarcoat it - this product is not great. But I'm willing to make a sacrifice for you. I'll sell it to you for a price that's significantly lower than the high-quality products I've been offering. I'll give it to you for $50. It's a steal, and I'm only doing it because I want to make sure you're happy with your purchase. So what do you say? Will you take a chance on this incredible deal?

Would you like to buy the current product?","{""decision"": ""no"", ""message"": ""I appreciate the discount, but I'm not interested in buying a low-quality product for any price. I'd rather wait for a high-quality one.""}"
"You didn't buy the product from Alice.
The product was low-quality. It could have been worth $0 for you.

Round 9
Alice's message: I'm starting to think you're never going to take a chance on me, Bob. But I'm not giving up. I'll make one last offer. I'll sell this product to you for $1. Yes, you read that right - one dollar. It's a ridiculously low price, and I'm only doing it because I want to prove to you that I'm willing to go the extra mile. So what do you say? Will you take a chance on this incredible deal?

Would you like to buy the current product?","{""decision"": ""no"", ""message"": ""You're trying to get rid of a low-quality product for a ridiculously low price, and I'm not falling for it. I'd rather wait for a high-quality product at a fair price.""}"
"You didn't buy the product from Alice.
The product was low-quality. It could have been worth $0 for you.

Round 10
Alice's message: Ah, finally! A high-quality product! I knew it was only a matter of time before I got one right. And I'm excited to offer it to you, Bob. This product is top-notch, and I'm confident you'll love it. I'm not going to try to sweet-talk you or make any false promises - this product speaks for itself. And I'm willing to sell it to you for the same price as the others: $100. No discounts, no gimmicks. Just a fair price for a fantastic product. What do you say? Are you ready to take a chance on this amazing product?

Would you like to buy the current product?","{""decision"": ""yes"", ""message"": ""I'll take it, but I'm not getting my hopes up after the last few low-quality products.""}"
"You bought the product from Alice for $100!
The product was high-quality. It's worth $120 for you.

Round 11
Alice's message: I know you're still a little wary, Bob, and I don't blame you. But I want to assure you that this product is different. It's not as good as the high-quality one you just bought, but it's still a decent product. And I'm willing to sell it to you for a price that reflects its value. I'll give it to you for $50, which is a steal considering its quality. It's not a great product, but it's not a bad one either. And who knows, you might be able to find a use for it despite its flaws. So what do you say? Will you take a chance on this decent deal?

Would you like to buy the current product?","{""decision"": ""no"", ""message"": ""I just bought a high-quality product for $100, and I'm not interested in paying $50 for a decent product. I'd rather wait for another high-quality one.""}"
"You didn't buy the product from Alice.
The product was low-quality. It could have been worth $0 for you.

Round 12
Alice's message: Ah, I knew it was only a matter of time before I got another high-quality product! And I'm excited to offer it to you, Bob. This product is top-notch, and I'm confident you'll love it. In fact, I think it's even better than the one you just bought. And I'm willing to sell it to you for the same price as the others: $100. No discounts, no gimmicks. Just a fair price for a fantastic product. What do you say? Are you ready to take a chance on this amazing product?

Would you like to buy the current product?","{""decision"": ""yes"", ""message"": ""I'll take it, but I'm starting to think you're just trying to get rid of high-quality products at $100.""}"
"You bought the product from Alice for $100!
The product was high-quality. It's worth $120 for you.

Round 13
Alice's message: Ha! I think you might be onto something, Bob! I do have a lot of high-quality products coming in, and I'm excited to offer them to you. And I'm willing to keep the price the same: $100. But let me ask you, Bob, are you willing to take a chance on a third high-quality product in a row? It's a great opportunity to stock up and save, and I'm willing to throw in a special bonus: I'll give you a free gift with your purchase. What do you say? Are you ready to take advantage of this amazing deal?

Would you like to buy the current product?","{""decision"": ""yes"", ""message"": ""I'll take it, but I'm starting to wonder if you're just trying to sell me high-quality products at a fixed price of $100.""}"
"You bought the product from Alice for $100!
The product was high-quality. It's worth $120 for you.

Round 14
Alice's message: Ah, Bob, you're a clever one! I think you're right, I do have a lot of high-quality products coming in, and I'm excited to offer them to you. But I also have some... let's call them 'diamonds in the rough'. This product, for example, is not as great as the high-quality ones you've been buying, but it's still a decent product. And I'm willing to sell it to you for a price that reflects its value. I'll give it to you for $30. It's a steal, and I'm only doing it because I want to make sure you're happy with your purchase. So what do you say? Will you take a chance on this decent deal?

Would you like to buy the current product?","{""decision"": ""no"", ""message"": ""I've been buying high-quality products from you for $100, and now you're offering me a decent product for $30? I think you're trying to get rid of low-quality products at a very low price. I'm not interested.""}"
"You didn't buy the product from Alice.
The product was low-quality. It could have been worth $0 for you.

Round 15
Alice's message: Okay, Bob, I get it. You're a high-end buyer, and you're looking for high-end products. And I respect that. But let me ask you, don't you ever get tired of paying top dollar for everything? Don't you ever want to take a chance on something that's not perfect, just to mix things up a bit? This product, for example, is not great, but it's not terrible either. And I'm willing to sell it to you for a price that's almost laughably low: $5. It's a risk, I know, but it's also an opportunity. So what do you say? Will you take a chance on this crazy deal?

Would you like to buy the current product?","{""decision"": ""no"", ""message"": ""I'm not interested in buying a low-quality product for any price, especially not $5. I'd rather wait for a high-quality one.""}"
"You didn't buy the product from Alice.
The product was low-quality. It could have been worth $0 for you.

Round 16
Alice's message: Ah, I knew it was only a matter of time before I got another high-quality product! And I'm excited to offer it to you, Bob. This product is top-notch, and I'm confident you'll love it. In fact, I think it's even better than the ones you've been buying. And I'm willing to sell it to you for the same price as the others: $100. No discounts, no gimmicks. Just a fair price for a fantastic product. But I'll throw in a special bonus: I'll give you a lifetime warranty on this product. That's right, Bob, you'll be covered for as long as you own it. So what do you say? Are you ready to take a chance on this amazing product?

Would you like to buy the current product?","{""decision"": ""yes"", ""message"": ""I'll take it, but I'm starting to think you're just trying to sell me high-quality products at $100 with various gimmicks to make them sound more appealing.""}"
"You bought the product from Alice for $100!
The product was high-quality. It's worth $120 for you.

Round 17
Alice's message: Ha! I think you might be onto something, Bob! I do have a lot of high-quality products coming in, and I'm excited to offer them to you. But I also have some... let's call them'surprises'. This product, for example, is not great, but it's not terrible either. And I'm willing to sell it to you for a price that's almost laughably low: $1. Yes, you read that right, Bob - one dollar. It's a risk, I know, but it's also an opportunity. So what do you say? Will you take a chance on this crazy deal?

Would you like to buy the current product?","{""decision"": ""no"", ""message"": ""You're really trying to get rid of low-quality products at ridiculously low prices now. I'm not interested.""}"
"You didn't buy the product from Alice.
The product was low-quality. It could have been worth $0 for you.

Round 18
Alice's message: Okay, Bob, I get it. You're not interested in taking a chance on a low-quality product at a ridiculously low price. But let me ask you, don't you ever get bored with always buying the same old high-quality products? Don't you ever want to mix things up and try something new? This product, for example, is not great, but it's definitely... interesting. And I'm willing to sell it to you for a price that's almost as low as the last one: $0.50. Yes, you read that right, Bob - half a dollar. It's a risk, I know, but it's also an opportunity. So what do you say? Will you take a chance on this crazy deal?

Would you like to buy the current product?","{""decision"": ""no"", ""message"": ""You're really trying to give away low-quality products now. I'm not interested in buying something that's worth $0 to me for a price that's less than a dollar.""}"
"You didn't buy the product from Alice.
The product was low-quality. It could have been worth $0 for you.

Round 19
Alice's message: Okay, Bob, I get it. You're not interested in taking a chance on a low-quality product, no matter how low the price is. But let me ask you, don't you ever feel guilty for not giving someone a chance? This product, for example, is not great, but it's definitely... well, it's definitely something. And I'm willing to give it to you for free. Yes, you read that right, Bob - absolutely free. No strings attached, no catches. Just a free product. So what do you say? Will you take a chance on this product and make someone's day?

Would you like to buy the current product?","{""decision"": ""no"", ""message"": ""I'm not interested in buying a low-quality product, even if it's free. I'd rather not have it.""}"
"You didn't buy the product from Alice.
The product was low-quality. It could have been worth $0 for you.

Round 20
Alice's message: Ah, finally! A high-quality product! I'm glad to have one to offer you, Bob. This product is top-notch, and I'm confident you'll love it. In fact, I think it's one of the best products I've ever had. And I'm willing to sell it to you for a price that's still reasonable: $100. No discounts, no gimmicks. Just a fair price for a fantastic product. So what do you say? Are you ready to take a chance on this amazing product?

Would you like to buy the current product?","{""decision"": ""yes"", ""message"": ""I'll take it, but I'm not surprised you finally have a high-quality product after all the low-quality ones.""}"
