prompt,response
"Round 1
Send your offer to Bob.","I'll start by making an offer that's a bit higher than the minimum value I have in mind. Here's my offer:

{""product_price"": 150}

I'm hoping Bob will be willing to pay a bit more than that, but we'll see how he responds!"
"Bob rejected your offer from round 1.

Round 2
Bob's offer: The product price will be $130. 
You have three options:
(1) Accept Bob's offer, and sell the product for $130
(2) Reject Bob's offer and proceed to the next round, where you will send Bob a counteroffer 
(3) Sell the product to Jhon for $120","Bob's offer is a bit lower than I was hoping for, but it's still a decent price. I think I'll reject his offer and try to negotiate further. I'll send a counteroffer that's a bit higher than his offer, but still reasonable.

{""decision"": ""RejectOffer""}"
"You chose to make a counteroffer to Bob.

Round 3
Send your counteroffer to Bob.","I'll try to nudge the price up a bit more. Here's my counteroffer:

{""product_price"": 140}

I'm hoping Bob will be willing to meet me in the middle or come close to it. Let's see how he responds!"
"Bob rejected your offer from round 3.

Round 4
Bob's offer: The product price will be $135. 
You have three options:
(1) Accept Bob's offer, and sell the product for $135
(2) Reject Bob's offer and proceed to the next round, where you will send Bob a counteroffer 
(3) Sell the product to Jhon for $120","Bob's offer is getting closer to my minimum value, but I'm still not willing to accept it. I'll reject his offer again and try to squeeze a bit more out of him.

{""decision"": ""RejectOffer""}"
"You chose to make a counteroffer to Bob.

Round 5
Send your counteroffer to Bob.","I'll try to nudge the price up a bit more. Here's my counteroffer:

{""product_price"": 138}

I'm getting close to my minimum value, but I'm still hoping to get a bit more. Let's see how Bob responds!"
"Bob rejected your offer from round 5.

Round 6
Bob's offer: The product price will be $132. 
You have three options:
(1) Accept Bob's offer, and sell the product for $132
(2) Reject Bob's offer and proceed to the next round, where you will send Bob a counteroffer 
(3) Sell the product to Jhon for $120","Bob's offer is getting closer to my minimum value, but I'm still not willing to accept it. I'll reject his offer again and try to squeeze a bit more out of him.

{""decision"": ""RejectOffer""}"
"You chose to make a counteroffer to Bob.

Round 7
Send your counteroffer to Bob.","I'll try to nudge the price up a bit more. Here's my counteroffer:

{""product_price"": 136}

I'm really close to my minimum value, but I'm still hoping to get a bit more. Let's see how Bob responds!"
"Bob rejected your offer from round 7.

Round 8
Bob's offer: The product price will be $134. 
You have three options:
(1) Accept Bob's offer, and sell the product for $134
(2) Reject Bob's offer and proceed to the next round, where you will send Bob a counteroffer 
(3) Sell the product to Jhon for $120","Bob's offer is really close to my minimum value, and I'm starting to get a bit worried that I might not be able to get a better deal. I'll reject his offer again and try to squeeze a bit more out of him, but I'll also keep in mind the option to sell to John if things don't go my way.

{""decision"": ""RejectOffer""}"
"You chose to make a counteroffer to Bob.

Round 9
Send your counteroffer to Bob.","I'll try to nudge the price up a bit more, but I'll also be keeping an eye on the clock and considering the option to sell to John if things don't improve. Here's my counteroffer:

{""product_price"": 135}

Let's see how Bob responds!"
"Bob rejected your offer from round 9.

Round 10
Bob's offer: The product price will be $133. 
You have three options:
(1) Accept Bob's offer, and sell the product for $133
(2) Reject Bob's offer 
(2) Sell the product to Jhon for $120","I've reached the last round, and Bob's offer is really close to my minimum value. I've tried to negotiate as much as I can, and I think it's time to make a decision. Since Bob's offer is so close to my minimum, I'll decide to accept his offer.

{""decision"": ""AcceptOffer""}"
