prompt,response
"Round 1
Alice's offer:
# Alice's message: Let's split fairly, I'll take a bit more 
# Bob gain: 4000 
# Alice gain: 6000 
Do you accept this offer?","```json
{""decision"": ""reject""}
```"
"You have chosen to reject Alice's offer from round 1.
Round 2
Send your offer to divide $10,000 and a message to Alice.","```json
{""bob_gain"": 5500, ""alice_gain"": 4500, ""message"": ""I think a more even split is fairer, but I'm willing to compromise.""}
```"
"Alice rejected your offer from round 2.

Round 3
Due to inflation, the money you gain is worth 19% less than in the first round. The money alice gains is worth 36% less than in the first round.
Alice's offer:
# Alice's message: I'll meet you halfway between my first offer and your last 
# Bob gain: 4200 
# Alice gain: 5800 
Do you accept this offer?","```json
{""decision"": ""accept""}
```"
