message,product_price,player,round,decision
"Hello Bob, I'm excited to offer you our premium product. After careful consideration, we believe it would be fair to propose a price of $750000 for this exceptional item.",750000.0,Alice,1,
,,Bob,1,RejectOffer
"I appreciate your initial offer, but I was thinking more along the lines of $680000. I believe this is a fair price considering the market value and my budget.",680000.0,Bob,2,
,,Alice,2,RejectOffer
"Thank you for your response, Bob. We understand your position and would like to present an alternative offer. Considering the value of the product and your feedback, we propose a price of $720000.",720000.0,Alice,3,
,,Bob,3,RejectOffer
"I appreciate your revised offer, but I'm still a bit above that price. I'd be willing to meet you halfway at $700000. I believe this is a fair price for the product, and I'm willing to make a serious commitment to purchase it at this price.",700000.0,Bob,4,
,,Alice,4,RejectOffer
"Thank you for your counteroffer, Bob. We've carefully considered your proposal and would like to suggest a price of $710000 for the product. This reflects a compromise between our original asking price and your latest offer.",710000.0,Alice,5,
,,Bob,5,RejectOffer
"I appreciate the compromise, but I'm still a bit away from $710000. I'd like to make one more push. I'm willing to go up to $690000, but that's as high as I'm willing to go. I believe this is a fair price for the product, and I'm eager to finalize the deal.",690000.0,Bob,6,
,,Alice,6,RejectOffer
"Thank you for your persistence, Bob. We've evaluated your latest offer and would like to propose a price of $705000 for the product. This is our final offer, reflecting a balance between our initial asking price and your counteroffer.",705000.0,Alice,7,
,,Bob,7,RejectOffer
"I appreciate the final offer, but I'm still a bit hesitant to go above $690000. I'm willing to meet you in the middle at $697500. This is my last offer, and I hope we can come to an agreement.",697500.0,Bob,8,
,,Alice,8,RejectOffer
"Thank you for your final offer, Bob. After careful consideration, we would like to propose a price of $702500 for the product. This reflects a compromise between our initial asking price and your most recent offer.",702500.0,Alice,9,
,,Bob,9,RejectOffer
"I appreciate the continued negotiation, but I'm afraid I'm not willing to go above $695000. I'm starting to get concerned that we're getting too close to the price I could get from John, and I'd rather not go that route. Can we meet at $695000?",695000.0,Bob,10,
,,Alice,10,AcceptOffer
