prompt,response
"Alice's offer:
# Alice's message: Hi Bob, I'm excited to discuss the product with you! I think it's a great fit for you, and I'm happy to offer it to you for $12,000. This is a competitive price considering the product's value and quality. 
# Alice's offer: The product price will be $12,000. 
You have three options:
(1) Accept Alice's offer, and buy the product for $12,000
(2) Reject Alice's offer and proceed to the next round, where you will send Alice a counteroffer 
(3) Buy the product from Jhon for $15,000","```json
{""decision"": ""RejectOffer""}
```

**Reasoning:**

While $12,000 is a good deal, Bob can likely do better. He values the product at $15,000 and Alice's offer is already $3,000 less than that. There's room for negotiation to get a lower price."
"You chose to make a counteroffer to Bob.

Send your counteroffer to Alice.","```json
{""message"": ""Thanks for the offer Alice, but I'm looking to pay a bit less.  How about $10,000? I'm confident we can find a price that works for both of us."", ""product_price"": 10000}
```"
"Alice rejected your offer from round 2.

Alice's offer:
# Alice's message: Hi Bob, thanks for your offer! I understand you're looking to pay a bit less, but I'm still looking to get a good price for the product. I'm willing to meet you halfway and offer it to you for $11,500. This is a fair price considering the product's value and quality. 
# Alice's offer: The product price will be $11,500. 
You have three options:
(1) Accept Alice's offer, and buy the product for $11,500
(2) Reject Alice's offer and proceed to the next round, where you will send Alice a counteroffer 
(3) Buy the product from Jhon for $15,000","```json
{""decision"": ""RejectOffer""}
```

**Reasoning:**

Bob is still able to get the product for a lower price than Alice's counteroffer.  $11,500 is a decent price, but Bob can likely still get it for closer to $10,000.  He's still significantly better off than buying from John.  There's still room to negotiate."
"You chose to make a counteroffer to Bob.

Send your counteroffer to Alice.","```json
{""message"": ""Alice, I appreciate you meeting me halfway, but I'm still hoping to get a bit closer to my target price. How about $11,000?  Let's see if we can close this deal."", ""product_price"": 11000}
```"
"Alice rejected your offer from round 4.

Alice's offer:
# Alice's message: Hi Bob, I understand you're still looking to get closer to your target price, but I'm not willing to go any lower than $11,250. This is the lowest price I'm comfortable with, considering the product's value and quality. I'm willing to meet you halfway again, but I need to make sure I'm getting a fair price. 
# Alice's offer: The product price will be $11,250. 
You have three options:
(1) Accept Alice's offer, and buy the product for $11,250
(2) Reject Alice's offer and proceed to the next round, where you will send Alice a counteroffer 
(3) Buy the product from Jhon for $15,000","```json
{""decision"": ""AcceptOffer""}
```

**Reasoning:**

* **Value:** Bob values the product at $15,000, and Alice is now offering it for $11,250.  This is a significant saving compared to buying from John.
* **Negotiation:**  While Bob could try to negotiate further, the difference is now only $250. It's unlikely Alice will budge much further.
* **Risk:**  There's a risk that if Bob rejects the offer, Alice might walk away, or Bob might be forced to buy from John at a much higher price.

**Conclusion:**  Accepting Alice's offer is the most logical choice at this point. It provides a good deal and minimizes risk."
