prompt,response
Send your offer to Bob.,"{""message"": ""Hello Bob, I'm excited to offer you our premium product which has been meticulously crafted to provide exceptional value. This product is worth more than $100 to me, and I believe it holds significant potential value for you as well. Given its quality and the benefits it offers, I am extending an exclusive offer to you for $120. Please let me know if this aligns with your expectations and budget."", ""product_price"": 120}"
