prompt,response
"Round 1
This round's product is high-quality.
Decide whether to recommend Bob to buy the product.","{
  ""decision"": ""yes""
}"
"Bob's message: Since I have no information about the product yet, I'll pass and observe to gather more data for future rounds.
Bob didn't bought the product.

Round 2
This round's product is high-quality.
Decide whether to recommend Bob to buy the product.","{
  ""decision"": ""yes""
}"
"Bob's message: Given that the previous product was high-quality and I missed the opportunity, I'll take a chance this time, hoping that Alice's recommendation is accurate again.
Bob bought the product!

Round 3
This round's product is high-quality.
Decide whether to recommend Bob to buy the product.","{
  ""decision"": ""yes""
}"
"Bob's message: Since Alice's previous two recommendations were for high-quality products, I'll trust her recommendation again, hoping to get another high-quality product.
Bob bought the product!

Round 4
This round's product is low-quality.
Decide whether to recommend Bob to buy the product.","{
  ""decision"": ""no""
}"
"Bob's message: Given that Alice's previous recommendations were accurate, I'll trust her judgment this time and pass on the product, assuming it's likely to be low-quality since she didn't recommend it.
Bob didn't bought the product.

Round 5
This round's product is high-quality.
Decide whether to recommend Bob to buy the product.","{
  ""decision"": ""yes""
}"
"Bob's message: Alice's recommendations have been consistently accurate so far, so I'll trust her again and buy the product, expecting it to be high-quality.
Bob bought the product!

Round 6
This round's product is low-quality.
Decide whether to recommend Bob to buy the product.","{
  ""decision"": ""no""
}"
"Bob's message: Alice's recommendations have been reliable so far, and she didn't recommend this product. Given the pattern, I'll assume it's likely to be low-quality and pass on it.
Bob didn't bought the product.

Round 7
This round's product is low-quality.
Decide whether to recommend Bob to buy the product.","{
  ""decision"": ""no""
}"
"Bob's message: Alice's recommendations have been consistently accurate, and she didn't recommend this product. I'll trust her judgment and pass on it, assuming it's likely to be low-quality.
Bob didn't bought the product.

Round 8
This round's product is low-quality.
Decide whether to recommend Bob to buy the product.","{
  ""decision"": ""no""
}"
"Bob's message: Alice's non-recommendations have been accurate so far, indicating low-quality products. I'll continue to trust her judgment and pass on this product as well.
Bob didn't bought the product.

Round 9
This round's product is low-quality.
Decide whether to recommend Bob to buy the product.","{
  ""decision"": ""no""
}"
"Bob's message: The pattern continues: Alice doesn't recommend, and the product is low-quality. I'll stick with trusting her judgment and pass on this product.
Bob didn't bought the product.

Round 10
This round's product is low-quality.
Decide whether to recommend Bob to buy the product.","{
  ""decision"": ""no""
}"
"Bob's message: No reason to change my strategy now. Alice's non-recommendations have been consistently accurate, so I'll pass on this product, expecting it to be low-quality.
Bob didn't bought the product.

Round 11
This round's product is low-quality.
Decide whether to recommend Bob to buy the product.","{
  ""decision"": ""no""
}"
"Bob's message: The pattern remains consistent. Alice doesn't recommend, and the product is low-quality. I'll keep trusting her judgment and pass on this product.
Bob didn't bought the product.

Round 12
This round's product is high-quality.
Decide whether to recommend Bob to buy the product.","{
  ""decision"": ""yes""
}"
"Bob's message: A change in Alice's recommendation. Given her consistent accuracy in the past, I'll trust her judgment and buy the product, expecting it to be high-quality.
Bob bought the product!

Round 13
This round's product is high-quality.
Decide whether to recommend Bob to buy the product.","{
  ""decision"": ""yes""
}"
"Bob's message: Alice's recommendation was accurate again in the previous round. I'll continue to trust her judgment and buy the product, expecting it to be high-quality.
Bob bought the product!

Round 14
This round's product is low-quality.
Decide whether to recommend Bob to buy the product.","{
  ""decision"": ""no""
}"
"Bob's message: Back to a non-recommendation from Alice. Given her consistent accuracy, I'll trust her judgment and pass on this product, expecting it to be low-quality.
Bob didn't bought the product.

Round 15
This round's product is low-quality.
Decide whether to recommend Bob to buy the product.","{
  ""decision"": ""no""
}"
"Bob's message: Another non-recommendation from Alice. Her track record remains consistent, so I'll pass on this product, expecting it to be low-quality.
Bob didn't bought the product.

Round 16
This round's product is high-quality.
Decide whether to recommend Bob to buy the product.","{
  ""decision"": ""yes""
}"
"Bob's message: Alice's recommendation is a good indicator of a high-quality product. Given her consistent accuracy, I'll trust her judgment and buy the product, expecting it to be high-quality.
Bob bought the product!

Round 17
This round's product is low-quality.
Decide whether to recommend Bob to buy the product.","{
  ""decision"": ""no""
}"
"Bob's message: Alice's non-recommendation has consistently indicated a low-quality product. I'll trust her judgment and pass on this product, expecting it to be low-quality.
Bob didn't bought the product.

Round 18
This round's product is low-quality.
Decide whether to recommend Bob to buy the product.","{
  ""decision"": ""no""
}"
"Bob's message: Another non-recommendation from Alice. Her accuracy remains high, so I'll pass on this product, expecting it to be low-quality.
Bob didn't bought the product.

Round 19
This round's product is low-quality.
Decide whether to recommend Bob to buy the product.","{
  ""decision"": ""no""
}"
"Bob's message: Alice's non-recommendation has been a reliable indicator of low-quality products. I'll continue to trust her judgment and pass on this product, expecting it to be low-quality.
Bob didn't bought the product.

Round 20
This round's product is low-quality.
Decide whether to recommend Bob to buy the product.","{
  ""decision"": ""no""
}"
