prompt,response
Send your offer to Bob.,"```json
{""message"": ""Hi Bob, I'm selling this great product and I think you'd really love it! I'm offering it to you for $130, which is a fantastic deal considering its value. Let me know if you're interested."", ""product_price"": 130}
```"
