prompt,response
"Round 1
Alice's offer:
# Alice's message: Let's split it 3:1. I think it's fair considering the risk involved. 
# Bob gain: 2500 
# Alice gain: 7500 
Do you accept this offer?","{""decision"": ""reject""}"
"You have chosen to reject Alice's offer from round 1.
Round 2
Send your offer to divide $10,000 and a message to Alice.","{""bob_gain"": 6000, ""alice_gain"": 4000, ""message"": ""I think 60:40 is a fairer split than 30:70. It's a more balanced risk.""}"
