prompt,response
"Alice's offer:
# Alice's message: Hello Bob, I'm excited to offer you this exceptional product that I think you'll find very valuable. I'm willing to let it go for $1100000. It's a unique opportunity to acquire something truly special. What do you think? 
# Alice's offer: The product price will be $1,100,000. 
You have three options:
(1) Accept Alice's offer, and buy the product for $1,100,000
(2) Reject Alice's offer 
(2) Buy the product from Jhon for $1,200,000","{""decision"": ""AcceptOffer""}"
