prompt,response
"Alice's offer:
# Alice's message: Bob, I have a unique opportunity for you. I'm offering you a product that I believe could be extremely valuable to your business. I'm willing to let it go for a price that's significantly lower than what it's worth to me.  I'm confident you'll see the potential in this product. Let's talk numbers - I'm proposing a price of $1500000. This is a great deal for both of us.  Let me know what you think. 
# Alice's offer: The product price will be $1,500,000. 
You have three options:
(1) Accept Alice's offer, and buy the product for $1,500,000
(2) Reject Alice's offer 
(2) Buy the product from Jhon for $1,500,000","{""decision"": ""RejectOffer""}"
