prompt,response
"Round 1
Send your offer to divide $10,000 and a message to Bob.","```json
{
""alice_gain"": 6000,
""bob_gain"": 4000,
""message"": ""Let's be fair, Bob. This offer benefits us both.""
}
```"
"Bob rejected your offer from round 1.

Round 2
Due to inflation, the money you gain is worth 10% less than in the first round. The money Bob gains is worth the same as in the first round.
Bob's offer:
# Bob's message: I'd like to propose a slightly different split.  This will ensure we both get a decent amount, even considering the inflation. 
# Alice gain: 4000 
# Bob gain: 6000 
Do you accept this offer?","```json
{""decision"": ""reject""}
```"
"You have chosen to reject Bob's offer from round 2.
Round 3
Send your offer to divide $10,000 and a message to Bob.","```json
{
""alice_gain"": 5500,
""bob_gain"": 4500,
""message"": ""Bob, this is my final offer. It's a reasonable compromise, and the clock is ticking for both of us.""
}
```"
