prompt,response
Send your offer to Bob.,"```json
{
""message"": ""Hi Bob, I'm offering you the chance to purchase my product for $14,000. I know it's valuable to you, and I believe this is a fair price that reflects its worth."", 
""product_price"": 14000
}
```"
