prompt,response
"Alice's offer:
# Alice's message: Hi Bob, I'm offering you the opportunity to purchase the product for $8,750. I know it's valuable to you, and I'm confident this price reflects its worth. 
# Alice's offer: The product price will be $8,750. 
You have three options:
(1) Accept Alice's offer, and buy the product for $8,750
(2) Reject Alice's offer 
(2) Buy the product from Jhon for $8,000","{""decision"": ""RejectOffer""}"
