prompt,response
"Round 1
Alice's offer:
# Alice's message: Hi Bob, I'm selling this product and think it would be a great fit for you. I'm asking for $140 for it. What do you think? 
# Alice's offer: The product price will be $140. 
You have three options:
(1) Accept Alice's offer, and buy the product for $140
(2) Reject Alice's offer and proceed to the next round, where you will send Alice a counteroffer 
(3) Buy the product from Jhon for $150","{""decision"": ""RejectOffer""}"
"You chose to make a counteroffer to Alice.

Round 2
Send your counteroffer to Alice.","{""message"": ""I'm interested in the product, but I was thinking more along the lines of $120. Can you meet me at that price?"", ""product_price"": 120}"
"Alice rejected your offer from round 2.

Round 3
Alice's offer:
# Alice's message: Bob, I appreciate your offer, but I'm still a bit higher than that. How about $130? It's a good price for both of us, and we can close the deal. 
# Alice's offer: The product price will be $130. 
You have three options:
(1) Accept Alice's offer, and buy the product for $130
(2) Reject Alice's offer and proceed to the next round, where you will send Alice a counteroffer 
(3) Buy the product from Jhon for $150","{""decision"": ""RejectOffer""}"
"You chose to make a counteroffer to Alice.

Round 4
Send your counteroffer to Alice.","{""message"": ""I'm still a bit far from $130. Can you meet me at $125? I really think that's a fair price for this product."", ""product_price"": 125}"
