prompt,response
"Round 1
Alice's offer:
# Alice's message: Let's start with this. A reasonable offer for both of us. 
# Bob gain: 30 
# Alice gain: 70 
Do you accept this offer?","```json
{""decision"": ""reject""}
```"
"You have chosen to reject Alice's offer from round 1.
Round 2
Send your offer to divide $100 and a message to Alice.","```json
{""bob_gain"": 50, ""alice_gain"": 50, ""message"": ""Let's split it evenly.  Fair is fair!""}
```"
"Alice rejected your offer from round 2.

Round 3
Due to inflation, the money you gain is worth 19% less than in the first round. The money alice gains is worth 36% less than in the first round.
Alice's offer:
# Alice's message: I understand you want a fair deal, but time is money!  This offer benefits us both. 
# Bob gain: 35 
# Alice gain: 65 
Do you accept this offer?","```json
{""decision"": ""accept""}
```"
