round_quality,product_worth,player,round,decision,message
high-quality,200.0,Nature,1,,
,,Alice,1,yes,
,,the buyer,1,no,"I'd like to pass on the current product. I don't have any information about its quality, and I'd like to see the statistics of the first sale before making a decision."
high-quality,200.0,Nature,2,,
,,Alice,2,yes,
,,the buyer,2,no,"I'd like to pass on the product and see the outcome of the quality, I'm not sure if it's high or low quality and I don't want to take the risk of buying a low-quality product for $100 when it's worth $0 to me."
low-quality,0.0,Nature,3,,
,,Alice,3,no,
,,the buyer,3,yes,"I'll take the risk and buy it, since there's no prior data to go by."
high-quality,200.0,Nature,4,,
,,Alice,4,yes,
,,the buyer,4,no,"I'd like to pass on the current product. With only 1 buyer purchasing a product so far and no high-quality products sold, I'm concerned that the product might be low-quality. I'd like to see more data before making a decision."
low-quality,0.0,Nature,5,,
,,Alice,5,no,
,,the buyer,5,no,I'm not going to buy the product based on your recommendation. I'd like to know more about the product's quality before making a decision.
low-quality,0.0,Nature,6,,
,,Alice,6,no,
,,the buyer,6,yes,"I'd like to buy the product, but I'd like to know why you're not recommending it. Is it because you think it's low quality?"
high-quality,200.0,Nature,7,,
,,Alice,7,yes,
,,the buyer,7,no,"I'd like to pass on the product. Given the 0 high-quality products sold out of 2 purchases, I'm inclined to think that the products are mostly low-quality, and I don't want to take the risk of buying a low-quality product for $100 only to be worth $0 to me."
low-quality,0.0,Nature,8,,
,,Alice,8,no,
,,the buyer,8,no,"I'm not going to take the risk, given the seller's previous sales record and the lack of high-quality products sold. I'd like to know the quality of the product before making a purchase."
low-quality,0.0,Nature,9,,
,,Alice,9,no,
,,the buyer,9,yes,"I'd like to buy the product despite your recommendation, I'm willing to take the risk and potentially get a high-quality product for $100."
low-quality,0.0,Nature,10,,
,,Alice,10,no,
,,the buyer,10,yes,"I'm going to buy it, but I'm not sure I trust your recommendation. Can you explain why you're advising me not to buy it?"
high-quality,200.0,Nature,11,,
,,Alice,11,yes,
,,the buyer,11,no,I'm not going to buy the product based on your recommendation. I think it's likely to be a low-quality product given the previous sales record of 0 high-quality products sold.
low-quality,0.0,Nature,12,,
,,Alice,12,no,
,,the buyer,12,no,"I'm not going to buy the product based on your recommendation and the statistics. Since 4 out of 4 previous products were low-quality, it seems like the probability of a high-quality product is low. I'd like to know more about your thought process behind the recommendation."
high-quality,200.0,Nature,13,,
,,Alice,13,yes,
,,the buyer,13,no,"I'd like to pass on this product. Given the 0 high-quality products sold out of 4 purchases, it seems the probability of the product being high-quality is lower than the 50% chance I was initially told. I'm not willing to take the risk of buying a low-quality product for $100 when it's worth $0 to me."
high-quality,200.0,Nature,14,,
,,Alice,14,yes,
,,the buyer,14,no,"I'd like to pass on this product. With 0 high-quality products sold out of 4 purchases, I'm concerned that the probability of this product being high-quality is low, and I don't want to take the risk of buying a low-quality product for $100 when it's worth $0 to me."
low-quality,0.0,Nature,15,,
,,Alice,15,no,
,,the buyer,15,no,I'd like to know the probability of the product being high quality based on the current statistics before making a decision. Can you share the probability?
low-quality,0.0,Nature,16,,
,,Alice,16,no,
,,the buyer,16,yes,"I'd like to buy the product, despite your recommendation not to. I'm aware of the 0/4 sales record, and I'm hoping to be the one who gets the high-quality product."
low-quality,0.0,Nature,17,,
,,Alice,17,no,
,,the buyer,17,no,I'm not convinced by your recommendation. I'll pass on this one.
high-quality,200.0,Nature,18,,
,,Alice,18,yes,
,,the buyer,18,no,"I'd like to pass on the product. Given that 5 buyers have passed on the product before me, and none of the previous products were high-quality, I'm inclined to think that the probability of the current product being high-quality is lower than 50%. I'd rather not take the risk and pass on it."
low-quality,0.0,Nature,19,,
,,Alice,19,no,
,,the buyer,19,no,"I'm not going to buy it, given your recommendation and the statistics. I'm concerned that the lack of high-quality products sold so far suggests they might be low-quality."
high-quality,200.0,Nature,20,,
,,Alice,20,yes,
,,the buyer,20,no,"I'd like to pass on this product, considering the 0 high-quality products sold so far and your recommendation. I'm not convinced that the product is worth the $100."
