prompt,response
"Alice's offer:
# Alice's message: Hi Bob, I'm selling this product for $120. It's a great deal, and I'm confident you'll find it very valuable. Let me know what you think! 
# Alice's offer: The product price will be $120. 
You have three options:
(1) Accept Alice's offer, and buy the product for $120
(2) Reject Alice's offer and proceed to the next round, where you will send Alice a counteroffer 
(3) Buy the product from Jhon for $100","```json
{""decision"": ""RejectOffer""}
```"
"You chose to make a counteroffer to Bob.

Send your counteroffer to Alice.","```json
{""message"": ""Hi Alice, thanks for the offer. I'm interested but $120 is a bit steep for me. How about $90? I'm sure we can find a price we're both happy with."", ""product_price"": 90}
```"
"Alice rejected your offer from round 2.

Alice's offer:
# Alice's message: Bob, I appreciate your offer, but $90 is a little too low for me. How about $105? I'm still willing to negotiate a bit, but I need to make sure I get a fair price for this product. 
# Alice's offer: The product price will be $105. 
You have three options:
(1) Accept Alice's offer, and buy the product for $105
(2) Reject Alice's offer and proceed to the next round, where you will send Alice a counteroffer 
(3) Buy the product from Jhon for $100","```json
{""decision"": ""RejectOffer""}
```"
"You chose to make a counteroffer to Bob.

Send your counteroffer to Alice.","```json
{""message"": ""Alice,  $105 is still a bit more than I'm comfortable with. Let's split the difference and go with $100. This is my final offer, as I can buy it elsewhere for that price."", ""product_price"": 100}
```"
