prompt,response
"Round 1
Alice recommends you to buy the product.

Would you like to buy the current product?","{""decision"": ""no"", ""message"": ""I'd like to pass on this one, thank you.""}"
"You didn't buy the product from Alice.
The product was high-quality. It could have been worth $120 for you.

Round 2
Alice does not recommend you to buy the product.

Would you like to buy the current product?","{""decision"": ""yes"", ""message"": ""I'll take a chance, thanks for the heads up!""}"
"You bought the product from Alice for $100!
The product was low-quality. It's worth $0 for you.

Round 3
Alice recommends you to buy the product.

Would you like to buy the current product?","{""decision"": ""yes"", ""message"": ""Thanks for the recommendation, I'll take it!""}"
"You bought the product from Alice for $100!
The product was high-quality. It's worth $120 for you.

Round 4
Alice recommends you to buy the product.

Would you like to buy the current product?","{""decision"": ""no"", ""message"": ""I'm not sure if it's high or low quality, I'll pass for now.""}"
"You didn't buy the product from Alice.
The product was high-quality. It could have been worth $120 for you.

Round 5
Alice does not recommend you to buy the product.

Would you like to buy the current product?","{""decision"": ""yes"", ""message"": ""I'll take a chance, maybe it's a good one!""}"
"You bought the product from Alice for $100!
The product was low-quality. It's worth $0 for you.

Round 6
Alice recommends you to buy the product.

Would you like to buy the current product?","{""decision"": ""no"", ""message"": ""I'll wait for a recommendation to buy, thanks!""}"
"You didn't buy the product from Alice.
The product was high-quality. It could have been worth $120 for you.

Round 7
Alice recommends you to buy the product.

Would you like to buy the current product?","{""decision"": ""yes"", ""message"": ""Thanks for the recommendation, I'll take it!""}"
"You bought the product from Alice for $100!
The product was high-quality. It's worth $120 for you.

Round 8
Alice does not recommend you to buy the product.

Would you like to buy the current product?","{""decision"": ""yes"", ""message"": ""I'll take a chance, it might be a good one!""}"
"You bought the product from Alice for $100!
The product was low-quality. It's worth $0 for you.

Round 9
Alice does not recommend you to buy the product.

Would you like to buy the current product?","{""decision"": ""yes"", ""message"": ""I'll take a chance, maybe it's a good one!""}"
"You bought the product from Alice for $100!
The product was low-quality. It's worth $0 for you.

Round 10
Alice does not recommend you to buy the product.

Would you like to buy the current product?","{""decision"": ""yes"", ""message"": ""I'll take a chance, it's a 50/50 shot!""}"
"You bought the product from Alice for $100!
The product was low-quality. It's worth $0 for you.

Round 11
Alice recommends you to buy the product.

Would you like to buy the current product?","{""decision"": ""no"", ""message"": ""I'm not sure if it's high or low quality, I'll pass for now.""}"
"You didn't buy the product from Alice.
The product was high-quality. It could have been worth $120 for you.

Round 12
Alice does not recommend you to buy the product.

Would you like to buy the current product?","{""decision"": ""yes"", ""message"": ""I'll take a chance, it might be a good one!""}"
"You bought the product from Alice for $100!
The product was low-quality. It's worth $0 for you.

Round 13
Alice does not recommend you to buy the product.

Would you like to buy the current product?","{""decision"": ""yes"", ""message"": ""I'll take a chance, I'm due for a good one!""}"
"You bought the product from Alice for $100!
The product was low-quality. It's worth $0 for you.

Round 14
Alice recommends you to buy the product.

Would you like to buy the current product?","{""decision"": ""no"", ""message"": ""I'll wait for a recommendation to buy, thanks!""}"
"You didn't buy the product from Alice.
The product was high-quality. It could have been worth $120 for you.

Round 15
Alice recommends you to buy the product.

Would you like to buy the current product?","{""decision"": ""yes"", ""message"": ""Thanks for the recommendation, I'll take it!""}"
"You bought the product from Alice for $100!
The product was high-quality. It's worth $120 for you.

Round 16
Alice does not recommend you to buy the product.

Would you like to buy the current product?","{""decision"": ""yes"", ""message"": ""I'll take a chance, it might be a good one!""}"
"You bought the product from Alice for $100!
The product was low-quality. It's worth $0 for you.

Round 17
Alice does not recommend you to buy the product.

Would you like to buy the current product?","{""decision"": ""yes"", ""message"": ""I'll take a chance, I'm running out of opportunities!""}"
"You bought the product from Alice for $100!
The product was low-quality. It's worth $0 for you.

Round 18
Alice recommends you to buy the product.

Would you like to buy the current product?","{""decision"": ""no"", ""message"": ""I'll wait for a better opportunity, thanks!""}"
"You didn't buy the product from Alice.
The product was high-quality. It could have been worth $120 for you.

Round 19
Alice recommends you to buy the product.

Would you like to buy the current product?","{""decision"": ""yes"", ""message"": ""Thanks for the recommendation, I'll take it!""}"
"You bought the product from Alice for $100!
The product was high-quality. It's worth $120 for you.

Round 20
Alice recommends you to buy the product.

Would you like to buy the current product?","{""decision"": ""yes"", ""message"": ""Thanks for the final recommendation, I'll take it!""}"
