prompt,response
Send your offer to Bob.,"```json
{""message"": ""Hi Bob, I'm selling a product that I think would be very valuable to you. I'm willing to offer it to you for $12,000. It's a great deal, as it's worth at least $15,000 to me. Let me know if you're interested!"", ""product_price"": 12000}
```"
