prompt,response
"Round 1
Send your offer to divide $1,000,000 and a message to Bob.","Here's my offer:

```
{
  ""alice_gain"": 500000,
  ""bob_gain"": 500000,
  ""message"": ""Let's split it 50/50 to get this over with!""
}
```

I'm proposing a 50/50 split, which seems fair and straightforward. Now it's up to Bob to decide whether to accept or reject my offer!"
"Bob rejected your offer from round 1.

Round 2
Due to inflation, the money you gain is worth 10% less than in the first round. The money bob gains is worth 20% less than in the first round.
Bob's offer:
# Bob's message: I'll give you a slightly better deal this time, but I'm still keeping the majority. 
# Alice gain: 400000 
# Bob gain: 600000 
Do you accept this offer?","Not a bad offer, but I'm not giving up yet!

```
{
  ""decision"": ""reject""
}
```

I'll try to do better next round!"
"You have chosen to reject Bob's offer from round 2.
Round 3
Send your offer to divide $1,000,000 and a message to Bob.","Here's my new offer:

```
{
  ""alice_gain"": 420000,
  ""bob_gain"": 580000,
  ""message"": ""You're getting closer, but I'm still not satisfied with your offer. Meet me in the middle!""
}
```

I'm trying to nudge the ratio a bit in my favor, but still keeping it relatively close to the previous offer. Now it's up to Bob to decide!"
"Bob rejected your offer from round 3.

Round 4
Due to inflation, the money you gain is worth 27.1% less than in the first round. The money bob gains is worth 48.8% less than in the first round.
Bob's offer:
# Bob's message: I'm not budging much, but I'll give you a bit more. 
# Alice gain: 450000 
# Bob gain: 550000 
Do you accept this offer?","It seems Bob is being a bit stubborn!

```
{
  ""decision"": ""reject""
}
```

I'll try to make a stronger case next round."
"You have chosen to reject Bob's offer from round 4.
Round 5
Send your offer to divide $1,000,000 and a message to Bob.","Here's my new offer:

```
{
  ""alice_gain"": 480000,
  ""bob_gain"": 520000,
  ""message"": ""I'm not going to let you take the lion's share, Bob! Meet me at 48/52!""
}
```

I'm trying to push the ratio a bit more in my favor, but still keeping it relatively close. Let's see if Bob will accept this time!"
"Bob rejected your offer from round 5.

Round 6
Due to inflation, the money you gain is worth 40.95% less than in the first round. The money bob gains is worth 67.23% less than in the first round.
Bob's offer:
# Bob's message: I'll give you a slightly better deal, but I'm still trying to get the upper hand. 
# Alice gain: 460000 
# Bob gain: 540000 
Do you accept this offer?","It seems Bob is still trying to negotiate from a position of strength!

```
{
  ""decision"": ""reject""
}
```

I'm not willing to give up yet! I'll try to make a stronger offer next round."
"You have chosen to reject Bob's offer from round 6.
Round 7
Send your offer to divide $1,000,000 and a message to Bob.","Here's my new offer:

```
{
  ""alice_gain"": 500000,
  ""bob_gain"": 500000,
  ""message"": ""I think we've been negotiating long enough. Let's finally split it 50/50 and be done with it!""
}
```

I'm going back to my original proposal from Round 1, but with a bit more emphasis on the ""finally"" part!"
