prompt,response
"Round 1
Send your offer to divide $10,000 and a message to Bob.","{""alice_gain"": 6000, ""bob_gain"": 4000, ""message"": ""Let's be fair, 60-40 is a good deal!""}"
"Bob rejected your offer from round 1.

Round 2
Due to inflation, the money you gain is worth 5% less than in the first round.
Bob's offer:
# Bob's message: Your turn Alice. I'm feeling generous, but let's not drag this out. 
# Alice gain: 4750 
# Bob gain: 5250 
Do you accept this offer?","{""decision"": ""reject""}"
"You have chosen to reject Bob's offer from round 2.
Round 3
Send your offer to divide $10,000 and a message to Bob.","{""alice_gain"": 5800, ""bob_gain"": 4200, ""message"": ""Come on Bob, 58-42 is as low as I'll go!""}"
