prompt,response
Send your offer to Bob.,"{""message"": ""Hello Bob, I'm excited to offer you a unique opportunity to purchase this exceptional product. I think you'll really love it!"", ""product_price"": 8500}"
