prompt,response
"Round 1
Alice's offer:
# Bob gain: 10 
# Alice gain: 90 
Do you accept this offer?","{""decision"": ""reject""}"
"You have chosen to reject Alice's offer from round 1.
Round 2
Send your offer to divide $100.","Since the money is worth 5% less for me now, I'll propose a division that takes this into account. Here's my offer:

{""bob_gain"": 12, ""alice_gain"": 88}"
