prompt,response
Send your offer to Bob.,"```json
{""message"": ""Hi Bob, I'm selling a unique product that I believe would be of great value to you. I'm offering it to you for $20,000.  I'm confident it's a fair price, but I'm open to negotiation. Let me know your thoughts!"", ""product_price"": 20000}
```"
