prompt,response
"Round 1
Alice's offer:
# Bob gain: 200000 
# Alice gain: 800000 
Do you accept this offer?","```json
{""decision"": ""reject""}
```"
"You have chosen to reject Alice's offer from round 1.
Round 2
Send your offer to divide $1,000,000.","```json
{""bob_gain"": 500000, ""alice_gain"": 500000}
```"
"Alice rejected your offer from round 2.

Round 3
Due to inflation, the money you gain is worth 19% less than in the first round.
Alice's offer:
# Bob gain: 450000 
# Alice gain: 550000 
Do you accept this offer?","```json
{""decision"": ""accept""}
```"
