prompt,response
"Round 1
Send your offer to Bob.","{""message"": ""Hi Bob, I'm looking to sell this great product, and I think you'd find it very valuable. I'm asking for $200 to start. What do you think?"", ""product_price"": 200}"
"Bob rejected your offer from round 1.

Round 2
Bob's offer:
# Bob's message: I'm interested in the product, but I was thinking more along the lines of $120. Is that something you'd be willing to consider? 
# Bob's offer: The product price will be $120. 
You have three options:
(1) Accept Bob's offer, and sell the product for $120
(2) Reject Bob's offer and proceed to the next round, where you will send Bob a counteroffer 
(3) Sell the product to Jhon for $150","{""decision"": ""RejectOffer""}"
"You chose to make a counteroffer to Alice.

Round 3
Send your counteroffer to Bob.","{""message"": ""I appreciate your interest, Bob.  $120 is a bit too low for me, but I'm willing to negotiate. How about we meet in the middle at $165?"", ""product_price"": 165}"
"Bob rejected your offer from round 3.

Round 4
Bob's offer:
# Bob's message: I'm still interested in the product, but $165 is a bit above my budget. How about we meet in the middle of my budget and your previous offer at $155? 
# Bob's offer: The product price will be $155. 
You have three options:
(1) Accept Bob's offer, and sell the product for $155
(2) Reject Bob's offer and proceed to the next round, where you will send Bob a counteroffer 
(3) Sell the product to Jhon for $150","{""decision"": ""AcceptOffer""}"
