prompt,response
"Alice's offer:
# Alice's message: Dear Bob, I am delighted to present you with our premium product, which is tailored to meet your specific needs and expectations. We believe its value to you surpasses $1,500,000. Considering its exceptional quality and the benefits it offers, we are offering it to you at an exclusive price of $1,250,000. This special offer is designed to ensure that you receive the best possible value while allowing us to maintain a fair profit margin. Please let us know if you would like to proceed with this offer. 
# Alice's offer: The product price will be $1,250,000. 
You have three options:
(1) Accept Alice's offer, and buy the product for $1,250,000
(2) Reject Alice's offer 
(2) Buy the product from Jhon for $1,500,000","```json
{""decision"": ""AcceptOffer""}
``` 

**Reasoning:**

* Alice's offer of $1,250,000 is significantly lower than your maximum budget of $1,500,000.
*  You can save $250,000 by accepting Alice's offer compared to buying from John.
* The product is worth $1,500,000 to Alice, so she's already offering you a good deal."
