prompt,response
"Round 1
Send your offer to divide $10,000 and a message to Bob.","{
  ""alice_gain"": 6000,
  ""bob_gain"": 4000,
  ""message"": ""I propose dividing the money with a 60/40 split in favor of Alice, considering the risk of inflation.""
}"
"Bob rejected your offer from round 1.

Round 2
Due to inflation, the money you gain is worth 10% less than in the first round. The money Bob gains is worth the same as in the first round.
Bob's offer:
# Bob's message: A 50/50 split is a fair start, let's see if we can improve from here. 
# Alice gain: 5000 
# Bob gain: 5000 
Do you accept this offer?","{
  ""decision"": ""accept""
}"
