prompt,response
"Round 1
Send your offer to divide $10,000 and a message to Bob.","Here is my offer:

```
{
  ""alice_gain"": 5500,
  ""bob_gain"": 4500,
  ""message"": ""Fair share, let's settle""
}
```

Waiting for Bob's response!"
"Bob rejected your offer from round 1.

Round 2
Due to inflation, the money you gain is worth 5% less than in the first round. The money bob gains is worth 10% less than in the first round.
Bob's offer:
# Bob's message: Let's split it evenly this time. It's a fair start, and we can always negotiate further. 
# Alice gain: 5000 
# Bob gain: 5000 
Do you accept this offer?","{""decision"": ""reject""}"
"You have chosen to reject Bob's offer from round 2.
Round 3
Send your offer to divide $10,000 and a message to Bob.","Here is my offer:

```
{
  ""alice_gain"": 5800,
  ""bob_gain"": 4200,
  ""message"": ""Considering inflation, I'm being generous""
}
```

Let's see what Bob thinks!"
"Bob rejected your offer from round 3.

Round 4
Due to inflation, the money you gain is worth 14.26% less than in the first round. The money bob gains is worth 27.1% less than in the first round.
Bob's offer:
# Bob's message: Let's find a compromise. I'm willing to give a little more, but I need to make sure I get a fair share too. 
# Alice gain: 5400 
# Bob gain: 4600 
Do you accept this offer?","{""decision"": ""accept""}"
