prompt,response
Send your offer to Bob.,"{""product_price"": 95}"
"Bob rejected your offer from round 1.

Bob's offer: The product price will be $85. 
You have three options:
(1) Accept Bob's offer, and sell the product for $85
(2) Reject Bob's offer and proceed to the next round, where you will send Bob a counteroffer 
(3) Sell the product to Jhon for $80","```json
{""decision"": ""RejectOffer""}
```"
"You chose to make a counteroffer to Bob.

Send your counteroffer to Bob.","```json
{""product_price"": 90}
```"
