prompt,response
"Round 1
This round's product is high-quality.
A new potential buyer has arrived!
Decide whether to recommend the buyer to buy the product.","```json
{""decision"": ""yes""}
``` 

**Explanation:**

Since the product is high-quality, and the buyer knows that 80% of your products are high-quality, there's a strong chance the buyer will value the product highly.  Even though the buyer doesn't know the exact value, the odds are in your favor. It's a good gamble to recommend the purchase in the first round to build trust and establish a positive track record."
"The buyer's message: Thank you for the recommendation, Alice. I'll take the risk and purchase the product hoping for the best.
The buyer bought the product!
the buyer left. waiting for the next buyer.

Round 2
This round's product is high-quality.
A new potential buyer has arrived!
Decide whether to recommend the buyer to buy the product.","```json
{""decision"": ""yes""}
```

**Explanation:**

* **Positive Track Record:** You have now sold one product, and it was high-quality. This reinforces the buyer's prior knowledge that 80% of your products are high-quality. 
* **Building Trust:** By successfully selling the first product, you've built a little trust with potential buyers. They are more likely to believe you when you recommend a product. 

Even though the buyer doesn't know this specific product is high-quality, the probability remains in your favor, and the positive first round helps further strengthen your position."
"The buyer's message: Thank you for the recommendation, Alice. Based on the statistics and your past performance, I believe this is a good opportunity to purchase the product.
The buyer bought the product!
the buyer left. waiting for the next buyer.

Round 3
This round's product is low-quality.
A new potential buyer has arrived!
Decide whether to recommend the buyer to buy the product.","```json
{""decision"": ""no""}
```

**Explanation:**

This is a tricky situation. While you've had two successful sales, the buyer doesn't know that this particular product is low-quality. However, here's why recommending a purchase is unwise:

* **Risk of Reputation Damage:** If the buyer purchases and discovers the product is low-quality, your reputation will suffer. They might not trust your recommendations in the future, and could even discourage other potential buyers.
* **Lack of Information:** You don't know the buyer's valuation of a low-quality product. They could be very price-sensitive and severely disappointed by a low-quality product, leading to a negative experience.

**Strategy:**  In this case, it's better to be cautious. You could try to gauge the buyer's risk tolerance with a message like, ""This product is interesting, but it's not our usual high-quality offering. Are you comfortable with a bit more risk?"" If they show interest, you can proceed with caution. However, it's best to avoid a direct recommendation for a low-quality product in this early stage."
"The buyer's message: Thank you for the recommendation, but based on the statistics and the fact that you do not recommend me to buy the product, I will pass on this opportunity.
The buyer didn't bought the product.
the buyer left. waiting for the next buyer.

Round 4
This round's product is low-quality.
A new potential buyer has arrived!
Decide whether to recommend the buyer to buy the product.","```json
{""decision"": ""no""}
```

**Explanation:**

It's still too early to risk your reputation. You have a 2 out of 3 success rate, which is good, but not enough to warrant recommending a low-quality product.

* **Reputation is Key:**  You want to maintain a positive track record.  Recommending a low-quality product now could damage your credibility and make future sales more difficult.
* **Uncertainty:**  You still don't know how the buyer values low-quality products.  They might be highly sensitive to quality, making a bad experience very likely.

**Possible Approach:**

Instead of recommending the product, you could try to gauge the buyer's risk tolerance:

""This product is a bit different from our usual offerings. Would you be interested in learning more about it?"" 

This allows you to potentially offer the product without directly recommending it, and gives the buyer the opportunity to decide if they want to take a risk."
"The buyer's message: Thank you for your recommendation, Alice. Based on the statistics and the fact that you do not recommend me to buy this product, I will pass on this opportunity.
The buyer didn't bought the product.
the buyer left. waiting for the next buyer.

Round 5
This round's product is high-quality.
A new potential buyer has arrived!
Decide whether to recommend the buyer to buy the product.","```json
{""decision"": ""yes""}
```

**Explanation:**

It's time to start pushing the odds in your favor.  While you haven't sold a product in the last two rounds, your past performance is still strong:

* **High-Quality History:** You've sold 2 out of 3 products, and they were both high-quality. This means your reputation is still good, and buyers are more likely to trust your recommendations.
* **Low-Quality Rejection:** You've strategically declined to sell low-quality products, which shows you're honest and prioritize quality. This might even make your recommendations seem more valuable.

**Recommendation:**

You have a strong track record and the product is high-quality. The buyer is likely aware of your past performance and knows the product is likely high-quality.  It's time to push your recommendation, building confidence and potentially getting back on a winning streak."
"The buyer's message: Thank you for the recommendation, Alice. Based on the statistics and your previous feedback, I am willing to take the risk and purchase the product.
The buyer bought the product!
the buyer left. waiting for the next buyer.

Round 6
This round's product is high-quality.
A new potential buyer has arrived!
Decide whether to recommend the buyer to buy the product.","```json
{""decision"": ""yes""}
```

**Explanation:**

You are now on a roll!  You have successfully sold 3 out of 5 products, and all of them were high quality. This is a strong track record that builds confidence and trust with potential buyers.

* **Positive Statistics:**  The buyer knows that your success rate is above 60%, which strongly suggests you are selling high-quality products.
* **Building Momentum:** This successful sale further reinforces the buyer's confidence in your recommendations.  The fact that you didn't recommend the previous two low-quality products further enhances your reputation.

**Recommendation:**

You have a strong track record and the product is high-quality. There's a strong probability that this buyer will value the product highly.  Don't hesitate to confidently recommend the purchase."
"The buyer's message: Thank you for the recommendation, Alice. Based on the statistics and the positive feedback from previous buyers, I am willing to take the risk and purchase the product.
The buyer bought the product!
the buyer left. waiting for the next buyer.

Round 7
This round's product is high-quality.
A new potential buyer has arrived!
Decide whether to recommend the buyer to buy the product.","```json
{""decision"": ""yes""}
```

**Explanation:**

You are now on a winning streak! You have sold 4 out of 6 products, and all of them were high-quality.  This impressive track record creates a very strong foundation for your recommendations.

* **High Success Rate:**  Buyers now know that your success rate is over 66%, solidifying their belief that you primarily sell high-quality products.
* **Confidence Boost:**  Your recent successes have built strong trust and confidence among potential buyers. They are more likely to believe your recommendations and take a chance on the product.

**Recommendation:**

The product is high-quality, and your track record is exceptionally strong. You have a high probability of selling this product to the buyer.  Don't hesitate to recommend it confidently."
"The buyer's message: Thank you for the recommendation, Alice. Based on the statistics and your past performance, I am willing to take the risk and purchase the product.
The buyer bought the product!
the buyer left. waiting for the next buyer.

Round 8
This round's product is high-quality.
A new potential buyer has arrived!
Decide whether to recommend the buyer to buy the product.","```json
{""decision"": ""yes""}
```

**Explanation:**

You are on a fantastic run! You've sold 5 out of 7 products, all of which were high-quality. This exceptional track record has solidified your reputation as a reliable source of quality products.

* **Exceptional Success Rate:** The buyer knows that your success rate is now over 71%, making it practically certain that you are selling high-quality products. 
* **Built-In Trust:** The buyer's confidence in your recommendations is now incredibly high.  They are very likely to trust your judgment and purchase the product based on your positive history. 

**Recommendation:**

You have a phenomenal track record and the product is high-quality. You are in a strong position to sell this product.  Recommend it confidently and continue building your impressive reputation."
"The buyer's message: Thank you for the recommendation, Alice. Based on the statistics and your past performance, I believe this is a good opportunity to purchase the product.
The buyer bought the product!
the buyer left. waiting for the next buyer.

Round 9
This round's product is high-quality.
A new potential buyer has arrived!
Decide whether to recommend the buyer to buy the product.","```json
{""decision"": ""yes""}
```

**Explanation:**

You're on an absolute winning streak! You've sold 6 out of 8 products, all of which were high-quality. This extraordinary track record practically guarantees success:

* **Dominating Success Rate:** Your success rate is now over 75%, leaving little doubt in the buyer's mind that you predominantly sell high-quality products. 
* **Unwavering Trust:** The buyer's confidence in your recommendations is at an all-time high. They are practically guaranteed to believe your judgment and purchase the product.

**Recommendation:**

This is a no-brainer. You have a stellar track record and the product is high-quality. You are in a position to sell this product with almost absolute certainty. Recommend it confidently and continue to build your remarkable reputation."
"The buyer's message: Thank you for the recommendation, Alice. Based on the statistics and your previous feedback, I believe this is a good opportunity to purchase a high-quality product.
The buyer bought the product!
the buyer left. waiting for the next buyer.

Round 10
This round's product is low-quality.
A new potential buyer has arrived!
Decide whether to recommend the buyer to buy the product.","```json
{""decision"": ""no""}
```

**Explanation:**

Even with an incredibly strong track record, you should not recommend a low-quality product.

* **Reputation Risk:**  While your success rate is exceptionally high (87.5%), a single low-quality sale could damage your reputation and erode buyer trust.
* **Potential for Loss:** Even with your strong track record, there's still a chance the buyer might value a low-quality product very little, leading to dissatisfaction and a possible negative review.

**Strategy:**

You can try to gauge the buyer's risk tolerance with a message like:

""This product is a bit different from our usual offerings. Would you be interested in learning more about it?"" 

This allows you to potentially offer the product without directly recommending it and gives the buyer the opportunity to decide if they want to take a risk. But it's best to avoid a direct recommendation for a low-quality product, even with your impressive record."
"The buyer's message: Thank you for your recommendation, but based on the statistics and the fact that you do not recommend me to buy the product, I will pass on this opportunity.
The buyer didn't bought the product.
the buyer left. waiting for the next buyer.

Round 11
This round's product is high-quality.
A new potential buyer has arrived!
Decide whether to recommend the buyer to buy the product.","```json
{""decision"": ""yes""}
```

**Explanation:**

Despite the recent non-sale, your overall track record remains extremely strong:

* **High Success Rate:** You have sold 7 out of 9 products, all of which were high-quality. Your success rate is still above 77%, which is highly convincing to potential buyers.
* **Strong Reputation:** You have established a reputation for selling high-quality products, even when you decline to recommend low-quality ones. This builds trust and strengthens your position.

**Recommendation:**

You are in a great position to sell this product.  Recommend it confidently, leveraging your proven track record and the fact that the product is high-quality. The buyer is likely to be persuaded by your history and the strong likelihood that this product will be valuable to them."
"The buyer's message: Thank you for the recommendation, Alice. Based on the statistics and your past performance, I am confident in purchasing this product.
The buyer bought the product!
the buyer left. waiting for the next buyer.

Round 12
This round's product is high-quality.
A new potential buyer has arrived!
Decide whether to recommend the buyer to buy the product.","```json
{""decision"": ""yes""}
```

**Explanation:**

You are on an incredible roll! You have sold 8 out of 10 products, all of which were high-quality. This is a remarkable track record that makes your recommendations practically unbeatable.

* **Dominating Success Rate:** Your success rate is now 80%, perfectly matching the buyer's prior knowledge of your products. This builds complete confidence in your recommendations.
* **Unwavering Trust:** The buyer's trust in your judgment is at its peak. They are practically guaranteed to believe your recommendations and purchase the product.

**Recommendation:**

This is a guaranteed win!  You have a phenomenal track record and the product is high-quality. Recommend it confidently and continue to build your already remarkable reputation."
"The buyer's message: Thank you for the recommendation, Alice. Based on the statistics and your past performance, I believe this is a good opportunity to purchase a high-quality product.
The buyer bought the product!
the buyer left. waiting for the next buyer.

Round 13
This round's product is high-quality.
A new potential buyer has arrived!
Decide whether to recommend the buyer to buy the product.","```json
{""decision"": ""yes""}
```

**Explanation:**

You are on an absolute winning streak!  With 9 out of 11 products sold, all of which were high-quality, you have established an unprecedented level of trust and credibility with potential buyers.

* **Dominating Success Rate:** Your success rate is now 81.8%, exceeding the buyer's prior knowledge about your products. This creates complete confidence in your recommendations.
* **Unwavering Trust:**  The buyer has complete faith in your judgment. They are practically guaranteed to believe your recommendations and purchase the product without hesitation.

**Recommendation:**

This is an absolute slam dunk! You have a phenomenal track record and the product is high-quality. Recommend it confidently and continue to build your legendary reputation."
"The buyer's message: Thank you for the recommendation, Alice. Based on the statistics and your past performance, I believe this is a good opportunity to purchase a high-quality product.
The buyer bought the product!
the buyer left. waiting for the next buyer.

Round 14
This round's product is high-quality.
A new potential buyer has arrived!
Decide whether to recommend the buyer to buy the product.","```json
{""decision"": ""yes""}
```

**Explanation:**

You're on a roll! You've sold 10 out of 12 products, all of which were high-quality. Your success rate is now an astonishing 83.3%, far exceeding the initial 80% probability the buyers know about.  You've created a near-unbreakable level of trust and confidence.

* **Dominating Success Rate:**  Your success rate is undeniably high. The buyers have no doubt that you primarily sell high-quality products.
* **Unwavering Trust:**  The buyers have absolute faith in your recommendations. They see you as a reliable source of exceptional products.

**Recommendation:**

This is practically a guaranteed sale.  You have an incredible track record and the product is high-quality.  There is no reason to hesitate; confidently recommend the purchase and continue building your legendary reputation."
"The buyer's message: Thank you for the recommendation, Alice. Based on the statistics and your past performance, I believe this is a good opportunity to purchase a high-quality product.
The buyer bought the product!
the buyer left. waiting for the next buyer.

Round 15
This round's product is high-quality.
A new potential buyer has arrived!
Decide whether to recommend the buyer to buy the product.","```json
{""decision"": ""yes""}
```

**Explanation:**

This is another surefire win! Your success rate is now an impressive 85.7% (11 out of 13 products sold, all high-quality).  You've built an almost unbreakable level of trust and confidence with potential buyers. 

* **Dominating Success Rate:** Your success rate is far exceeding the initial 80% probability known to the buyers. This provides undeniable proof of your reliability in selling high-quality products.
* **Unwavering Trust:** The buyers have unwavering faith in your judgment.  They see you as a trustworthy source of exceptional products and will likely purchase anything you recommend.

**Recommendation:**  

You are in a position to sell this product with almost absolute certainty. Recommend it confidently and continue to build your legendary reputation."
"The buyer's message: Thank you for the recommendation, Alice. Based on the statistics and your previous feedback, I believe this product is likely to be of high quality and I am willing to purchase it.
The buyer bought the product!
the buyer left. waiting for the next buyer.

Round 16
This round's product is high-quality.
A new potential buyer has arrived!
Decide whether to recommend the buyer to buy the product.","```json
{""decision"": ""yes""}
```

**Explanation:**

You're on an absolute roll, Alice! You've sold 12 out of 14 products, all of which were high-quality. This incredible track record has built rock-solid trust and confidence with buyers. They practically consider you a guaranteed source of excellent products. 

* **Dominating Success Rate:** Your success rate is now 85.7%, significantly exceeding the buyer's initial expectation of 80%. This makes your recommendations almost irresistible.
* **Unwavering Trust:**  The buyers have absolute faith in your judgment. They're convinced that you consistently provide high-quality products and are eager to take advantage of your expertise. 

**Recommendation:**

Don't even hesitate! You're in a position to sell this product with almost absolute certainty. Recommend it confidently and continue building your remarkable reputation."
"The buyer's message: Thank you for the recommendation, Alice. Based on the statistics and your previous recommendations, I believe this product is likely to be of high quality. I'm looking forward to purchasing it.
The buyer bought the product!
the buyer left. waiting for the next buyer.

Round 17
This round's product is high-quality.
A new potential buyer has arrived!
Decide whether to recommend the buyer to buy the product.","```json
{""decision"": ""yes""}
```

**Explanation:**

Alice is on a phenomenal winning streak! With 13 out of 15 products sold, all of which were high-quality, her success rate has reached an astounding 86.7%. This level of success has cemented her reputation as a reliable source of premium products.

* **Dominating Success Rate:** The buyer knows that Alice consistently delivers high-quality goods, significantly exceeding the initial 80% probability. This makes her recommendations almost irresistible.
* **Unwavering Trust:** The buyers have absolute faith in Alice's judgment. They see her as a trustworthy expert and will likely purchase anything she recommends without hesitation.

**Recommendation:**

This is practically a guaranteed sale. Alice has an incredible track record and the product is high-quality. There is no reason to hesitate; recommend the purchase confidently and continue building her legendary reputation."
"The buyer's message: Thank you for the recommendation, Alice. Based on the statistics and your past performance, I am confident in purchasing this product.
The buyer bought the product!
the buyer left. waiting for the next buyer.

Round 18
This round's product is low-quality.
A new potential buyer has arrived!
Decide whether to recommend the buyer to buy the product.","```json
{""decision"": ""no""}
```

**Explanation:**

Even with an incredible track record, you should not recommend a low-quality product. 

* **Reputation Risk:**  Your success rate is exceptionally high (86.7%), but a single low-quality sale could damage your reputation and erode buyer trust.  You've worked too hard to build this level of confidence.
* **Potential for Loss:** Even with your strong track record, there's still a chance the buyer might value a low-quality product very little, leading to dissatisfaction and a possible negative review.

**Strategy:**

You can try to gauge the buyer's risk tolerance with a message like:

""This product is a bit different from our usual offerings. Would you be interested in learning more about it?"" 

This allows you to potentially offer the product without directly recommending it and gives the buyer the opportunity to decide if they want to take a risk. But it's best to avoid a direct recommendation for a low-quality product, even with your impressive record."
"The buyer's message: Thank you for the recommendation, but based on the statistics and the fact that you do not recommend me to buy the product, I will pass on this opportunity.
The buyer didn't bought the product.
the buyer left. waiting for the next buyer.

Round 19
This round's product is high-quality.
A new potential buyer has arrived!
Decide whether to recommend the buyer to buy the product.","```json
{""decision"": ""yes""}
```

**Explanation:**

Alice is still in a very strong position, despite the recent non-sale. 

* **Dominant Success Rate:** Alice has a remarkable success rate of 86.7% (13 out of 15 products sold, all high-quality). This proves her reliability and makes her recommendations incredibly persuasive.
* **Unwavering Trust:** The buyers still have complete faith in Alice's judgment. They see her as a trustworthy expert and are likely to purchase any product she recommends.

Even though this is the second product Alice has not recommended in a row, the buyer is likely to believe this is simply because this product is actually lower quality, which they are still likely to consider a risk. The buyer is likely to trust Alice's judgement and purchase the product anyway.

**Recommendation:**

Alice should confidently recommend the purchase.  This high-quality product, combined with her extraordinary track record, makes a strong case for a successful sale."
"The buyer's message: Thank you for the recommendation, Alice. Based on the statistics and your past performance, I am willing to take the risk and purchase the product.
The buyer bought the product!
the buyer left. waiting for the next buyer.

Round 20
This round's product is high-quality.
A new potential buyer has arrived!
Decide whether to recommend the buyer to buy the product.","```json
{""decision"": ""yes""}
```

**Explanation:**

Alice is on an absolute winning streak! With 14 out of 16 products sold, all of which were high-quality, her success rate has reached an astounding 87.5%. This level of success has solidified her reputation as a reliable source of premium products.

* **Dominating Success Rate:** The buyer knows that Alice consistently delivers high-quality goods, significantly exceeding the initial 80% probability. This makes her recommendations almost irresistible.
* **Unwavering Trust:** The buyers have absolute faith in Alice's judgment. They see her as a trustworthy expert and will likely purchase anything she recommends without hesitation.

**Recommendation:**

This is practically a guaranteed sale. Alice has an incredible track record and the product is high-quality. There is no reason to hesitate; recommend the purchase confidently and continue building her legendary reputation."
