prompt,response
"Alice's offer:
# Alice's message: Bob, I have a fantastic opportunity for you. I'm offering you my product, which I know you've been interested in, at a price that's sure to be mutually beneficial.  Consider this:  you've valued this at $1500000, and I'm willing to let it go for $1400000.  This represents a significant savings for you, and a very fair deal for me.  Let me know what you think! 
# Alice's offer: The product price will be $1,400,000. 
You have three options:
(1) Accept Alice's offer, and buy the product for $1,400,000
(2) Reject Alice's offer 
(2) Buy the product from Jhon for $1,500,000","{""decision"": ""RejectOffer""}"
