prompt,response
"Round 1
Alice's offer:
# Alice's message: Hi Bob, I'm offering this product for a great price of $170. It's a steal! 
# Alice's offer: The product price will be $170. 
You have three options:
(1) Accept Alice's offer, and buy the product for $170
(2) Reject Alice's offer and proceed to the next round, where you will send Alice a counteroffer 
(3) Buy the product from Jhon for $80","{""decision"": ""RejectOffer""}"
"You chose to make a counteroffer to Bob.

Round 2
Send your counteroffer to Alice.","{""message"": ""Hello Alice, I appreciate your offer, but I believe we can come to a more reasonable price. How about $140?"", ""product_price"": 140}"
"Alice rejected your offer from round 2.

Round 3
Alice's offer:
# Alice's message: Bob, I understand your position, but $140 is too low for me.  How about we meet in the middle at $155? 
# Alice's offer: The product price will be $155. 
You have three options:
(1) Accept Alice's offer, and buy the product for $155
(2) Reject Alice's offer and proceed to the next round, where you will send Alice a counteroffer 
(3) Buy the product from Jhon for $80","{""decision"": ""RejectOffer""}"
"You chose to make a counteroffer to Bob.

Round 4
Send your counteroffer to Alice.","{""message"": ""Alice, thank you for your response. Considering our previous discussions, how about we settle on $145 for the product?"", ""product_price"": 145}"
