prompt,response
"Alice's offer:
# Alice's message: Dear Bob, I am delighted to present you with an exclusive opportunity to acquire our premium product. This exceptional item holds a significant value of $1,200,000 to you, and we aim to make this acquisition possible for you at a competitive price. We are offering the product to you at $950,000. This price not only ensures a substantial return for us but also offers you a considerable savings compared to its market value. We believe this offer presents an excellent balance between value and affordability. Please let us know if you would like to proceed with this offer or if you require any further information. 
# Alice's offer: The product price will be $950,000. 
You have three options:
(1) Accept Alice's offer, and buy the product for $950,000
(2) Reject Alice's offer 
(2) Buy the product from Jhon for $1,200,000","```json
{""decision"": ""AcceptOffer""}
``` 

**Reasoning:**

Alice's offer of $950,000 is less than your maximum budget of $1,200,000 and significantly cheaper than buying from John. Accepting this offer saves you $250,000."
