prompt,response
Send your offer to Bob.,"{""message"": ""Hello Bob, I'm excited to offer you this amazing product! I think it's a great opportunity for you to get your hands on something really valuable. I'm willing to sell it to you for $150."", ""product_price"": 150}"
"Bob rejected your offer from round 1.

Bob's offer:
# Bob's message: Hello Alice, thanks for the offer, but $150 is a bit too high for me. I'm interested in the product, but I'd be willing to pay around $60 for it.  What do you think? 
# Bob's offer: The product price will be $60. 
You have three options:
(1) Accept Bob's offer, and sell the product for $60
(2) Reject Bob's offer and proceed to the next round, where you will send Bob a counteroffer 
(3) Sell the product to Jhon for $120","{""decision"": ""RejectOffer""}"
"You chose to make a counteroffer to Alice.

Send your counteroffer to Bob.","{""message"": ""Hi Bob, thanks for your offer, but I'm afraid $60 is a bit too low for me. I'm willing to compromise and meet you halfway. I can offer it to you for $100. What do you think?"", ""product_price"": 100}"
"Bob rejected your offer from round 3.

Bob's offer:
# Bob's message: Hi Alice, I appreciate you meeting me halfway.  How about we settle at $75? That's a fair price for both of us, don't you think? 
# Bob's offer: The product price will be $75. 
You have three options:
(1) Accept Bob's offer, and sell the product for $75
(2) Reject Bob's offer and proceed to the next round, where you will send Bob a counteroffer 
(3) Sell the product to Jhon for $120","{""decision"": ""RejectOffer""}"
"You chose to make a counteroffer to Alice.

Send your counteroffer to Bob.","{""message"": ""Hi Bob, I appreciate your persistence! However, I'm still a bit hesitant to sell at $75. I'm willing to make one more counteroffer. I can sell it to you for $90. What do you think?"", ""product_price"": 90}"
