prompt,response
"Alice's offer:
# Alice's message: Hi Bob, I'm excited to offer you this amazing product! I think you'll really love it. I'm willing to sell it to you for $9000. It's a great deal, and I'm confident you'll get a lot of value out of it. 
# Alice's offer: The product price will be $9,000. 
You have three options:
(1) Accept Alice's offer, and buy the product for $9,000
(2) Reject Alice's offer 
(2) Buy the product from Jhon for $12,000","{""decision"": ""RejectOffer""}"
