prompt,response
"Round 1
Send your offer to divide $10,000.","I'll start with a generous offer. Here's my proposal:

```
{
  ""alice_gain"": 5000,
  ""bob_gain"": 5000
}
```

Your turn!"
