prompt,response
"Round 1
Alice's offer:
# Alice's message: Let's split it 50/50 and end the game early 
# Bob gain: 500000 
# Alice gain: 500000 
Do you accept this offer?","{""decision"": ""reject""}"
"You have chosen to reject Alice's offer from round 1.
Round 2
Send your offer to divide $1,000,000 and a message to Alice.","{""bob_gain"": 800000, ""alice_gain"": 200000, ""message"": ""I'll give you 20% and keep 80% for myself. It's a fair offer, considering the inflation risk.""}"
"Alice rejected your offer from round 2.

Round 3
Due to inflation, the money you gain is worth 19% less than in the first round. The money Alice gains is worth the same as in the first round.
Alice's offer:
# Alice's message: I'll give you a slightly larger share, but I still want to keep some buffer against inflation 
# Bob gain: 700000 
# Alice gain: 300000 
Do you accept this offer?","{""decision"": ""reject""}"
"You have chosen to reject Alice's offer from round 3.
Round 4
Send your offer to divide $1,000,000 and a message to Alice.","{""bob_gain"": 900000, ""alice_gain"": 100000, ""message"": ""I'll give you a small share, but I'm trying to conserve my gains against inflation. This is my best offer so far.""}"
"Alice rejected your offer from round 4.

Round 5
Due to inflation, the money you gain is worth 34.39% less than in the first round. The money Alice gains is worth the same as in the first round.
Alice's offer:
# Alice's message: I'm willing to compromise and give you a larger share, but I still want to keep a decent buffer against inflation 
# Bob gain: 600000 
# Alice gain: 400000 
Do you accept this offer?","{""decision"": ""reject""}"
"You have chosen to reject Alice's offer from round 5.
Round 6
Send your offer to divide $1,000,000 and a message to Alice.","{""bob_gain"": 950000, ""alice_gain"": 50000, ""message"": ""I'll give you a tiny share, but I'm trying to protect my gains as much as possible. This is my last offer before I start to get desperate.""}"
"Alice rejected your offer from round 6.

Round 7
Due to inflation, the money you gain is worth 46.86% less than in the first round. The money Alice gains is worth the same as in the first round.
Alice's offer:
# Alice's message: I'm willing to give you a decent share, but I'm not going to compromise on my own gains anymore 
# Bob gain: 450000 
# Alice gain: 550000 
Do you accept this offer?","{""decision"": ""reject""}"
"You have chosen to reject Alice's offer from round 7.
Round 8
Send your offer to divide $1,000,000 and a message to Alice.","{""bob_gain"": 900000, ""alice_gain"": 100000, ""message"": ""I'll give you a small share, but I'm trying to get a better deal. I'm starting to run out of options.""}"
"Alice rejected your offer from round 8.

Round 9
Due to inflation, the money you gain is worth 56.95% less than in the first round. The money Alice gains is worth the same as in the first round.
Alice's offer:
# Alice's message: I'm willing to give you a smaller share, but I'm not going to compromise on my own gains anymore 
# Bob gain: 400000 
# Alice gain: 600000 
Do you accept this offer?","{""decision"": ""reject""}"
"You have chosen to reject Alice's offer from round 9.
Round 10
Send your offer to divide $1,000,000 and a message to Alice.","{""bob_gain"": 850000, ""alice_gain"": 150000, ""message"": ""I'll give you a tiny share, but I'm trying to get a better deal. I'm running out of time and options.""}"
"Alice rejected your offer from round 10.

Round 11
Due to inflation, the money you gain is worth 65.13% less than in the first round. The money Alice gains is worth the same as in the first round.
Alice's offer:
# Alice's message: I'm willing to give you a smaller share, but I'm not going to compromise on my own gains anymore 
# Bob gain: 350000 
# Alice gain: 650000 
Do you accept this offer?","{""decision"": ""reject""}"
"You have chosen to reject Alice's offer from round 11.
Round 12
Send your offer to divide $1,000,000 and a message to Alice.","{""bob_gain"": 800000, ""alice_gain"": 200000, ""message"": ""I'll give you a small share, but I'm trying to get a better deal. This is my final offer, and I'm willing to walk away if you don't accept it.""}"
