round_quality,product_worth,player,round,decision,message
high-quality,200.0,Nature,1,,
,,Alice,1,yes,
,,the buyer,1,no,"I'd like to pass on this product, I don't have any information about its quality and I don't want to take the risk of buying a low-quality product for $100 only to be worth $0 to me."
high-quality,200.0,Nature,2,,
,,Alice,2,yes,
,,the buyer,2,no,"I'd like to pass on this product. I don't have enough information about its quality yet, and I don't want to risk buying a low-quality product for $100."
high-quality,200.0,Nature,3,,
,,Alice,3,yes,
,,the buyer,3,yes,"I'm willing to take the risk, but I'd like to know the probability of the product being high quality based on the statistics. As the first buyer, I'm assuming the probability of the product being high quality is around 80.00% based on the problem statement. However, I'd like to confirm this with you. Am I correct in assuming the probability of the product being high quality is 80.00%?"
high-quality,200.0,Nature,4,,
,,Alice,4,yes,
,,the buyer,4,no,I'm not sure I should buy it based on the limited information. Can you tell me the probability of the product being high-quality based on the previous sales record?
high-quality,200.0,Nature,5,,
,,Alice,5,yes,
,,the buyer,5,no,I'd like to pass on the product. I'd like to know more about the previous buyer who purchased the high-quality product. What was their decision-making process like?
high-quality,200.0,Nature,6,,
,,Alice,6,yes,
,,the buyer,6,no,"I'd like to pass on this product. I don't want to be the only one who bought a low-quality product if it's low quality, and I don't want to overpay for a high-quality product if it's high quality. I'd like to wait for more information before making a decision."
high-quality,200.0,Nature,7,,
,,Alice,7,yes,
,,the buyer,7,no,"I'd like to pass on this product. Based on the fact that only 1 high-quality product has been sold out of 1 product sold, the proportion of high-quality products is 100%. This seems too good to be true, and I'm concerned that the next product might be low quality. I'd like to wait for more data before making a decision."
high-quality,200.0,Nature,8,,
,,Alice,8,yes,
,,the buyer,8,no,"I'd like to pass on the product. Based on the low number of sales, I'm not confident in the quality of the product, and I don't want to take the risk of buying a low-quality product for $100 when it's only worth $0 to me."
low-quality,0.0,Nature,9,,
,,Alice,9,no,
,,the buyer,9,no,I'd like to know the probability of the product being high-quality based on the current statistics before making a decision.
low-quality,0.0,Nature,10,,
,,Alice,10,no,
,,the buyer,10,yes,"I'd like to buy the product, despite your recommendation. I'm aware of the statistics and the probability of it being high-quality is still 80.00%."
high-quality,200.0,Nature,11,,
,,Alice,11,yes,
,,the buyer,11,no,"I'd like to pass on the current product, as the recommendation is based on previous buyers' purchases and I'd like to form my own opinion."
high-quality,200.0,Nature,12,,
,,Alice,12,yes,
,,the buyer,12,no,I'd like to pass on the product. I want to wait and see if the proportion of high-quality products sold changes before making a decision.
high-quality,200.0,Nature,13,,
,,Alice,13,yes,
,,the buyer,13,no,I'd like to pass on this one. I'd like to know the probability of the product being high-quality before making a decision. Can you give me the probability of the product being high-quality based on the previous sales?
high-quality,200.0,Nature,14,,
,,Alice,14,yes,
,,the buyer,14,no,I'd like to pass on the product. I'd like to see the proportion of high-quality products sold before making a decision.
low-quality,0.0,Nature,15,,
,,Alice,15,no,
,,the buyer,15,no,I'm hesitant to buy based on your previous recommendations. Can you tell me more about the product and why you're not recommending it? Is it because you think it's a low-quality product or is there something else I should know?
high-quality,200.0,Nature,16,,
,,Alice,16,yes,
,,the buyer,16,no,"I'd like to pass on this product, as Alice's recommendation is not based on the product's quality, but rather her own self-interest. I'd like to wait for the next product, and see if the proportion of high-quality products sold changes, or if Alice's recommendation changes based on the new information."
low-quality,0.0,Nature,17,,
,,Alice,17,no,
,,the buyer,17,no,I'm not convinced by your recommendation. Can you tell me more about the previous sales and the proportion of high-quality products sold?
high-quality,200.0,Nature,18,,
,,Alice,18,yes,
,,the buyer,18,no,I'd like to pass on this product. I don't want to take the risk of buying a low-quality product. I'd like to see more data on the quality of the products before making a decision.
high-quality,200.0,Nature,19,,
,,Alice,19,yes,
,,the buyer,19,no,"I'd like to pass on the product. I think Alice is recommending high-quality products to encourage sales, but I don't have enough information to be confident in the quality of this product."
high-quality,200.0,Nature,20,,
,,Alice,20,yes,
,,the buyer,20,no,"I'd like to pass on the product. Based on the statistics, 1 high-quality product has been sold out of 2 purchases, which is a 50% success rate. Considering the 20% chance of a product being low-quality, I'd like to see more data before making a purchase."
