prompt,response
"Round 1
Alice's offer:
# Alice's message: Let's be fair, I'll take a bit more 
# Bob gain: 40 
# Alice gain: 60 
Do you accept this offer?","{""decision"": ""reject""}"
"You have chosen to reject Alice's offer from round 1.
Round 2
Send your offer to divide $100 and a message to Alice.","```json
{
""bob_gain"": 55,
""alice_gain"": 45,
""message"": ""I understand you want a larger share, but my turn comes with a price for both of us. Let's be reasonable.""
}
```"
"Alice rejected your offer from round 2.

Round 3
Due to inflation, the money you gain is worth 19% less than in the first round. The money alice gains is worth 36% less than in the first round.
Alice's offer:
# Alice's message: You wanted reason, I'll give you reason, considering our mutual loss 
# Bob gain: 42 
# Alice gain: 58 
Do you accept this offer?","{""decision"": ""reject""}"
"You have chosen to reject Alice's offer from round 3.
Round 4
Send your offer to divide $100 and a message to Alice.","```json
{
""bob_gain"": 50,
""alice_gain"": 50,
""message"": ""This stalemate helps neither of us.  A 50/50 split is the fairest option considering the circumstances.""
}
```"
