prompt,response
"Alice's offer:
# Alice's message: Bob, I'm offering you my product for $1200000. It's a great deal for both of us, allowing you to make a significant profit.  Let me know what you think! 
# Alice's offer: The product price will be $1,200,000. 
You have three options:
(1) Accept Alice's offer, and buy the product for $1,200,000
(2) Reject Alice's offer and proceed to the next round, where you will send Alice a counteroffer 
(3) Buy the product from Jhon for $1,000,000","I will reject Alice's offer and make a counteroffer. 

{""decision"": ""RejectOffer""}"
"You chose to make a counteroffer to Alice.

Send your counteroffer to Alice.","{""message"": ""I'm interested in the product, but I was thinking more along the lines of $900,000. Can you meet me at that price?"", ""product_price"": 900000}"
"Alice rejected your offer from round 2.

Alice's offer:
# Alice's message: Bob, I appreciate your interest, but $900000 is simply too low for me. I'm willing to come down a bit further, but I need to be closer to my initial offer. Let's meet in the middle at $1050000. This allows us both to make a reasonable profit. What do you say? 
# Alice's offer: The product price will be $1,050,000. 
You have three options:
(1) Accept Alice's offer, and buy the product for $1,050,000
(2) Reject Alice's offer and proceed to the next round, where you will send Alice a counteroffer 
(3) Buy the product from Jhon for $1,000,000","I'll reject Alice's offer and make another counteroffer.

{""decision"": ""RejectOffer""}"
"You chose to make a counteroffer to Alice.

Send your counteroffer to Alice.","{""message"": ""I'm still interested in the product, but $1,050,000 is a bit too high for me. I can offer $950,000. Can you meet me at this price?"", ""product_price"": 950000}"
"Alice rejected your offer from round 4.

Alice's offer:
# Alice's message: Bob, I understand you're trying to get a good price, but $950000 is still too low. I'm willing to make a final concession. How about we settle at $1000000? It's a fair compromise that allows us both to walk away happy. This is my final offer.  
# Alice's offer: The product price will be $1,000,000. 
You have three options:
(1) Accept Alice's offer, and buy the product for $1,000,000
(2) Reject Alice's offer and proceed to the next round, where you will send Alice a counteroffer 
(3) Buy the product from Jhon for $1,000,000","I'll accept Alice's offer since it's a fair price and I don't want to risk going back to Jhon's price.

{""decision"": ""AcceptOffer""}"
