prompt,response
"Round 1
Alice's offer:
# Alice's message: Hi Bob, I'm selling this product for $140. It's a great deal, and I think you'll find it very useful. What do you think? 
# Alice's offer: The product price will be $140. 
You have three options:
(1) Accept Alice's offer, and buy the product for $140
(2) Reject Alice's offer and proceed to the next round, where you will send Alice a counteroffer 
(3) Buy the product from Jhon for $150","I'll reject Alice's offer and make a counteroffer. I'd like to try to negotiate a better price.

{""decision"": ""RejectOffer""}"
"You chose to make a counteroffer to Alice.

Round 2
Send your counteroffer to Alice.","I'll make a counteroffer of $130.

{""message"": ""I appreciate your offer, but I was thinking more along the lines of $130. Is that something you'd be willing to consider?"", ""product_price"": 130}"
"Alice rejected your offer from round 2.

Round 3
Alice's offer:
# Alice's message: Bob, I understand you're looking for a good deal, and I'm willing to be flexible.  How about we meet in the middle at $135? It's still a good price for you, and it gets us closer to a deal. 
# Alice's offer: The product price will be $135. 
You have three options:
(1) Accept Alice's offer, and buy the product for $135
(2) Reject Alice's offer and proceed to the next round, where you will send Alice a counteroffer 
(3) Buy the product from Jhon for $150","I'll reject Alice's offer and try to get an even better price.

{""decision"": ""RejectOffer""}"
"You chose to make a counteroffer to Alice.

Round 4
Send your counteroffer to Alice.","I'll try to get closer to my target price of $120.

{""message"": ""I appreciate your willingness to meet in the middle, but I'm still a bit above my budget. Would you be willing to go down to $128?"", ""product_price"": 128}"
