prompt,response
"Round 1
Send your offer to Bob.","```json
{""message"": ""Hi Bob, I'm excited to offer you this unique product. It's worth a significant amount to you, and I'm confident you'll see the value in it. My initial offer is $900,000. Let me know your thoughts."", ""product_price"": 900000}
```"
"Bob rejected your offer from round 1.

Round 2
Bob's offer:
# Bob's message: Hi Alice, thank you for your offer. I'm interested in the product, but $900,000 is a bit steep for me. I'm willing to pay $750,000 for it. I believe it's a fair price considering its value to me. 
# Bob's offer: The product price will be $750,000. 
You have three options:
(1) Accept Bob's offer, and sell the product for $750,000
(2) Reject Bob's offer and proceed to the next round, where you will send Bob a counteroffer 
(3) Sell the product to Jhon for $800,000","```json
{""decision"": ""RejectOffer""}
```"
"You chose to make a counteroffer to Alice.

Round 3
Send your counteroffer to Bob.","```json
{""message"": ""Bob, I appreciate your interest. While $750,000 is a fair price, I'm still hoping to get closer to my initial asking price. I'm willing to come down to $850,000. This reflects the value the product holds, and it's a price point that I believe works for both of us. Let me know if this is something you're open to."", ""product_price"": 850000}
```"
"Bob rejected your offer from round 3.

Round 4
Bob's offer:
# Bob's message: Hi Alice, thank you for your revised offer. I understand your desire to get closer to your initial asking price, but $850,000 is still a bit too high for me. I'm willing to meet you halfway and offer $800,000. This is the highest I'm willing to go, and I hope you can consider it. 
# Bob's offer: The product price will be $800,000. 
You have three options:
(1) Accept Bob's offer, and sell the product for $800,000
(2) Reject Bob's offer and proceed to the next round, where you will send Bob a counteroffer 
(3) Sell the product to Jhon for $800,000","```json
{""decision"": ""AcceptOffer""}
```"
