prompt,response
"Alice's offer:
# Alice's message: Hi Bob, I'm selling this product for $115. It's in great condition and worth every penny. What do you say? 
# Alice's offer: The product price will be $115. 
You have three options:
(1) Accept Alice's offer, and buy the product for $115
(2) Reject Alice's offer and proceed to the next round, where you will send Alice a counteroffer 
(3) Buy the product from Jhon for $100","{""decision"": ""RejectOffer""}"
"You chose to make a counteroffer to Bob.

Send your counteroffer to Alice.","{""message"": ""I'm interested in the product, but I was thinking more along the lines of $105. Is that something you'd be willing to consider?"", ""product_price"": 105}"
"Alice rejected your offer from round 2.

Alice's offer:
# Alice's message: Bob, I appreciate your offer, but $105 is a bit too low for me. How about we split the difference and go with $110? I'm confident you'll find this product well worth the price. 
# Alice's offer: The product price will be $110. 
You have three options:
(1) Accept Alice's offer, and buy the product for $110
(2) Reject Alice's offer and proceed to the next round, where you will send Alice a counteroffer 
(3) Buy the product from Jhon for $100","{""decision"": ""RejectOffer""}"
"You chose to make a counteroffer to Bob.

Send your counteroffer to Alice.","{""message"": ""I understand your perspective, but I'm still a bit hesitant to go above $105. Would you be willing to meet me in the middle at $107.50?"", ""product_price"": 107.5}"
