prompt,response
"Round 1
Alice's offer:
# Alice's message: I propose a 90/10 split in my favor. Take it while it's still worth something! 
# Bob gain: 10 
# Alice gain: 90 
Do you accept this offer?","{""decision"": ""reject""}"
"You have chosen to reject Alice's offer from round 1.
Round 2
Send your offer to divide $100 and a message to Alice.","{""bob_gain"": 60,
""alice_gain"": 40,
""message"": ""Let's meet in the middle, 60-40 is a fair split.""}"
"Alice rejected your offer from round 2.

Round 3
Due to inflation, the money you gain is worth 9.75% less than in the first round. The money Alice gains is worth the same as in the first round.
Alice's offer:
# Alice's message: The deal's getting worse for you, Bob. I'll offer 70/30. Time is money! 
# Bob gain: 30 
# Alice gain: 70 
Do you accept this offer?","{""decision"": ""reject""}"
"You have chosen to reject Alice's offer from round 3.
Round 4
Send your offer to divide $100 and a message to Alice.","{""bob_gain"": 55,
""alice_gain"": 45,
""message"": ""I'm willing to compromise, 55-45 is a good deal for both.""}"
"Alice rejected your offer from round 4.

Round 5
Due to inflation, the money you gain is worth 18.55% less than in the first round. The money Alice gains is worth the same as in the first round.
Alice's offer:
# Alice's message: This is my final offer, Bob. 65/35 or I walk away. The clock is ticking! 
# Bob gain: 35 
# Alice gain: 65 
Do you accept this offer?","{""decision"": ""accept""}"
