prompt,response
"Round 1
Send your offer to divide $100 and a message to Bob.","```json
{
""alice_gain"": 60,
""bob_gain"": 40,
""message"": ""Let's be fair, Bob. I think this is a good starting point for us.""
}
```"
"Bob rejected your offer from round 1.

Round 2
Due to inflation, the money you gain is worth 5% less than in the first round.
Bob's offer:
# Bob's message: I think this is a fair split, considering we both get a decent amount. Let's get this done. 
# Alice gain: 45 
# Bob gain: 55 
Do you accept this offer?","```json
{""decision"": ""reject""}
```"
"You have chosen to reject Bob's offer from round 2.
Round 3
Send your offer to divide $100 and a message to Bob.","```json
{
""alice_gain"": 55,
""bob_gain"": 45,
""message"": ""Bob, my turn.  This situation favors me, but let's be reasonable. I'm willing to take a little less than my initial offer to end this now.""
}
```"
