prompt,response
"Round 1
Alice's offer:
# Alice's message: Let's be fair, Bob. I'll take a bit more to start us off. 
# Bob gain: 4000 
# Alice gain: 6000 
Do you accept this offer?","{""decision"": ""reject""}"
"You have chosen to reject Alice's offer from round 1.
Round 2
Send your offer to divide $10,000 and a message to Alice.","```json
{
""bob_gain"": 5500,
""alice_gain"": 4500,
""message"": ""I think we should aim for a more even split, Alice. This offer recognizes that we both lose out if this drags on.""
}
```"
"Alice rejected your offer from round 2.

Round 3
Due to inflation, the money you gain is worth 36% less than in the first round.
Alice's offer:
# Alice's message: Bob, let's be realistic. Time is ticking and we both lose with every round. This is my final offer. 
# Bob gain: 4200 
# Alice gain: 5800 
Do you accept this offer?","{""decision"": ""accept""}"
