prompt,response
"Round 1
Alice's offer:
# Alice's message: Hi Bob, I'm excited to offer you this great product. I think it would be perfect for you and I'm asking for $20,000. What do you think? 
# Alice's offer: The product price will be $20,000. 
You have three options:
(1) Accept Alice's offer, and buy the product for $20,000
(2) Reject Alice's offer and proceed to the next round, where you will send Alice a counteroffer 
(3) Buy the product from Jhon for $15,000","I'd like to reject Alice's offer and make a counteroffer. I think the product is overpriced at $20,000. 

{""decision"": ""RejectOffer""}"
"You chose to make a counteroffer to Bob.

Round 2
Send your counteroffer to Alice.","I'd like to make a counteroffer to Alice. I'm willing to pay $18,000 for the product. 

{""message"": ""I'm interested in the product, but I was thinking more along the lines of $18,000. Is that something you'd be willing to consider?"", ""product_price"": 18000}"
"Alice rejected your offer from round 2.

Round 3
Alice's offer:
# Alice's message: Thanks for the offer, Bob. I appreciate your interest.  I'm willing to come down a bit, but $18,000 is too low for me. How about we meet in the middle at $19,000? 
# Alice's offer: The product price will be $19,000. 
You have three options:
(1) Accept Alice's offer, and buy the product for $19,000
(2) Reject Alice's offer and proceed to the next round, where you will send Alice a counteroffer 
(3) Buy the product from Jhon for $15,000","I'm not willing to meet Alice in the middle at $19,000, that's still too high. I'd like to reject Alice's offer and make another counteroffer.

{""decision"": ""RejectOffer""}"
"You chose to make a counteroffer to Bob.

Round 4
Send your counteroffer to Alice.","I'd like to make another counteroffer to Alice. I'm willing to pay $17,500 for the product. 

{""message"": ""I appreciate your flexibility, but $19,000 is still a bit out of my budget. Would you be willing to consider $17,500?"", ""product_price"": 17500}"
"Alice rejected your offer from round 4.

Round 5
Alice's offer:
# Alice's message: Bob, I'm really trying to make this work. How about we split the difference again and settle at $18,250?  That's my final offer. 
# Alice's offer: The product price will be $18,250. 
You have three options:
(1) Accept Alice's offer, and buy the product for $18,250
(2) Reject Alice's offer and proceed to the next round, where you will send Alice a counteroffer 
(3) Buy the product from Jhon for $15,000","I'm not willing to pay $18,250, that's still too high. I'd like to reject Alice's offer and make another counteroffer.

{""decision"": ""RejectOffer""}"
"You chose to make a counteroffer to Bob.

Round 6
Send your counteroffer to Alice.","I'd like to make another counteroffer to Alice. I'm willing to pay $17,000 for the product. 

{""message"": ""I appreciate your efforts, but $18,250 is still a bit out of my budget. Would you be willing to consider $17,000?"", ""product_price"": 17000}"
