prompt,response
Send your offer to Bob.,"```json
{""product_price"": 1500000}
``` 

I'm offering the product to Bob for $1,500,000.  Since I have a guaranteed sale to John for that amount, there's no incentive for me to lower the price.  It's up to Bob to decide if he wants to pay the asking price."
