prompt,response
"Round 1
Send your offer to Bob.","{""message"": ""Hi Bob, I'm looking to sell this product, and I think it would be perfect for you. I'm willing to part with it for $130. What do you think?"", ""product_price"": 130}"
"Bob rejected your offer from round 1.

Round 2
Bob's offer:
# Bob's message: Hi Alice, I appreciate your offer but $130 is a bit too high for me. I'm willing to pay $110 for the product. What do you think? 
# Bob's offer: The product price will be $110. 
You have three options:
(1) Accept Bob's offer, and sell the product for $110
(2) Reject Bob's offer and proceed to the next round, where you will send Bob a counteroffer 
(3) Sell the product to Jhon for $100","{""decision"": ""RejectOffer""}"
"You chose to make a counteroffer to Alice.

Round 3
Send your counteroffer to Bob.","{""message"": ""Hi Bob, I understand your position, but $110 is a bit too low for me. How about we meet in the middle at $120?"", ""product_price"": 120}"
"Bob rejected your offer from round 3.

Round 4
Bob's offer:
# Bob's message: Alice, I'm still interested in the product, but $120 is still a bit too high for me.  How about $115?  I'm really hoping we can come to an agreement. 
# Bob's offer: The product price will be $115. 
You have three options:
(1) Accept Bob's offer, and sell the product for $115
(2) Reject Bob's offer and proceed to the next round, where you will send Bob a counteroffer 
(3) Sell the product to Jhon for $100","{""decision"": ""AcceptOffer""}"
