prompt,response
Send your offer to Bob.,"{""message"": ""Dear Bob, I am delighted to present our premium product, which I believe will significantly enhance the value and efficiency of your operations. Given its exceptional quality and capabilities, I am confident it will be a valuable asset to you. Considering its intrinsic value and the benefits it offers, I am offering it to you for $12,000. This price reflects a strategic midpoint between its true worth to us and its perceived value to you, aiming to ensure a mutually beneficial transaction. Should you have any questions or require further information, please do not hesitate to reach out. I look forward to the possibility of working with you."", ""product_price"": 12000}"
