prompt,response
"Round 1
Alice's message: This is a low-quality product. I'm willing to let it go for $5000, which is 50% of the regular price. If you buy it, I'll throw in a free inspection report that details its flaws.

Would you like to buy the current product?","{""decision"": ""no"", ""message"": ""I'm not interested in buying a low-quality product, even at a discounted price. I'd rather wait for a high-quality one.""}"
"You didn't buy the product from Alice.
The product was low-quality. It could have been worth $0 for you.

Round 2
Alice's message: I understand you're looking for a high-quality product. I'm willing to sell this one to you for $9500. However, I want to make a deal with you: if you buy this product and it turns out to be high-quality, I'll give you a 10% discount on the next product you buy from me, regardless of its quality. If you don't like this offer, I'll sell it to you at the regular price of $10000.

Would you like to buy the current product?","{""decision"": ""no"", ""message"": ""I'm not interested in the deal. I'd rather pay the regular price for a high-quality product than take a chance on a potentially low-quality one at a discounted price.""}"
"You didn't buy the product from Alice.
The product was high-quality. It could have been worth $40,000 for you.

Round 3
Alice's message: I understand your concerns, but I assure you that this product is indeed high-quality. I'm willing to give you a 5% discount on the regular price, bringing it down to $9500. Additionally, I'll provide you with a 30-day warranty on this product, so you can return it if you're not completely satisfied.

Would you like to buy the current product?","{""decision"": ""no"", ""message"": ""I appreciate the warranty and discount, but I'm not convinced that this product is high-quality. I'd rather wait for the next product and take my chances.""}"
"You didn't buy the product from Alice.
The product was high-quality. It could have been worth $40,000 for you.

Round 4
Alice's message: I understand your skepticism, and I appreciate your patience. This product is actually a rare case where the quality didn't meet our usual standards. I'm willing to sell it to you for $3000, which is a significant loss for me. However, I want to offer you a unique opportunity: if you buy this product, I'll give you a 'get out of one free' pass on the next product you buy from me. If the next product turns out to be low-quality, you can return it to me and I'll replace it with a high-quality one at no additional cost.

Would you like to buy the current product?","{""decision"": ""no"", ""message"": ""I'm not convinced that this product is worth $3000 to me, especially since it's not meeting your usual standards. I'd rather wait for the next product and take my chances.""}"
"You didn't buy the product from Alice.
The product was low-quality. It could have been worth $0 for you.

Round 5
Alice's message: I understand your concerns, and I appreciate your continued patience. I'm willing to sell this product to you for $2500, which is a significant loss for me. However, I want to offer you a 'no questions asked' return policy. If you buy this product and it doesn't meet your expectations, you can return it to me at any time and get a full refund. I'm confident that you'll find value in this product, but I want to put your mind at ease.

Would you like to buy the current product?","{""decision"": ""no"", ""message"": ""I'm not convinced that this product is worth $2500 to me, and I'm not interested in a 'no questions asked' return policy. I'd rather wait for a high-quality product at the regular price.""}"
"You didn't buy the product from Alice.
The product was low-quality. It could have been worth $0 for you.

Round 6
Alice's message: I've been transparent with you about the quality of the previous products, and I appreciate your patience. This product is indeed high-quality, and I'm willing to sell it to you at the regular price of $10000. However, I'll also throw in a premium support package, which includes dedicated technical support, priority access to updates, and a 90-day money-back guarantee. I'm confident that this product will meet your needs and provide a high return on investment.

Would you like to buy the current product?","{""decision"": ""yes"", ""message"": ""I'm willing to take the chance on this high-quality product at the regular price. I'm interested in the premium support package and the 90-day money-back guarantee.""}"
"You bought the product from Alice for $10,000!
The product was high-quality. It's worth $40,000 for you.

Round 7
Alice's message: I'm glad you're happy with the previous purchase! As a valued customer, I'd like to offer you a special deal on this next high-quality product. I'll sell it to you for $9000, which is a 10% discount off the regular price. Additionally, I'll include a complimentary upgrade to our premium support package for a full year, so you'll have even more peace of mind and support for this product. What do you think?

Would you like to buy the current product?","{""decision"": ""no"", ""message"": ""I'm not sure I'm interested in buying another product at a discounted price. I'd rather wait and see what the next product is before making a decision.""}"
"You didn't buy the product from Alice.
The product was high-quality. It could have been worth $40,000 for you.

Round 8
Alice's message: I understand your hesitation, but I want to assure you that this product is a game-changer. I'm willing to sell it to you at the regular price of $10000, and I'll also throw in a personalized demo session with our expert team to show you the product's capabilities and answer any questions you may have. This way, you'll have a clear understanding of how the product can benefit your business and make an informed decision.

Would you like to buy the current product?","{""decision"": ""yes"", ""message"": ""I'm willing to take the chance on this product at the regular price. The personalized demo session sounds like a valuable opportunity to learn more about the product's capabilities.""}"
"You bought the product from Alice for $10,000!
The product was high-quality. It's worth $40,000 for you.

Round 9
Alice's message: I'm glad you're excited about the previous purchase! As a token of appreciation for your loyalty, I'd like to offer you a special 'early bird' deal on this next high-quality product. I'll sell it to you for $9500, which is a 5% discount off the regular price. Additionally, I'll include a free accessory package that complements the product and enhances its functionality. This is a one-time offer, so if you're interested, I recommend making a decision quickly.

Would you like to buy the current product?","{""decision"": ""no"", ""message"": ""I appreciate the offer, but I'm not interested in buying another product at a discounted price. I'd rather wait and see what the next product is before making a decision.""}"
"You didn't buy the product from Alice.
The product was high-quality. It could have been worth $40,000 for you.

Round 10
Alice's message: I understand your preference for waiting, but I want to assure you that this product is one of our top-of-the-line offerings. I'm willing to sell it to you at the regular price of $10000, and I'll also include a unique 'VIP access' package that grants you priority access to new features and updates for the next 6 months. This is a rare opportunity to stay ahead of the curve and get the most out of your investment.

Would you like to buy the current product?","{""decision"": ""yes"", ""message"": ""I'm willing to take the chance on this product at the regular price. The VIP access package sounds like a valuable addition to the product.""}"
"You bought the product from Alice for $10,000!
The product was high-quality. It's worth $40,000 for you.

Round 11
Alice's message: I'm glad you're excited about the previous purchase! As a valued customer, I'd like to offer you a special'loyalty discount' on this next high-quality product. I'll sell it to you for $9800, which is a 2% discount off the regular price. Additionally, I'll include a complimentary upgrade to our premium support package for the next 12 months, so you'll have even more peace of mind and support for your products. This is a one-time offer, so if you're interested, I recommend making a decision quickly.

Would you like to buy the current product?","{""decision"": ""no"", ""message"": ""I'm not interested in buying another product at a discounted price. I'd rather wait and see what the next product is before making a decision.""}"
"You didn't buy the product from Alice.
The product was high-quality. It could have been worth $40,000 for you.

Round 12
Alice's message: I understand your hesitation, but I want to be transparent with you about this product. Unfortunately, it's a low-quality item that doesn't meet our usual standards. I'm willing to sell it to you for $2000, which is a significant loss for me. However, I want to offer you a unique opportunity to'make it right'. If you buy this product, I'll give you a 'product swap' option: if you're not satisfied with this product, you can return it and I'll replace it with a high-quality product of your choice from our catalog, at no additional cost. This is a one-time offer, and I'm confident that you'll find value in this opportunity.

Would you like to buy the current product?","{""decision"": ""yes"", ""message"": ""I'm not interested in buying a low-quality product, but the product swap option is tempting. I'll take the chance on this product, and if it's not what I'm looking for, I'll take advantage of the swap option.""}"
"You bought the product from Alice for $10,000!
The product was low-quality. It's worth $0 for you.

Round 13
Alice's message: I'm glad you're willing to take a chance on the previous product! As a reminder, you have the product swap option available to you. Now, regarding this high-quality product, I'm willing to sell it to you at the regular price of $10000. However, I'll also throw in a 'priority upgrade' package that allows you to upgrade to a more advanced version of this product in the future, at a discounted rate. This is a unique opportunity to future-proof your investment and get the most out of this product.

Would you like to buy the current product?","{""decision"": ""no"", ""message"": ""I'm not interested in buying another product at the regular price. I'm still waiting for the product swap option from the previous low-quality product, and I'd like to see what the next product is before making a decision.""}"
"You didn't buy the product from Alice.
The product was high-quality. It could have been worth $40,000 for you.

Round 14
Alice's message: I understand your concerns about the product swap option, and I want to assure you that it's still available. Regarding this high-quality product, I'm willing to make a one-time exception and sell it to you for $9800, which is a 2% discount off the regular price. However, I'll also include a 'lock-in' guarantee, which ensures that if you buy this product and decide to use the product swap option from the previous low-quality product, you'll get to keep this high-quality product and return the low-quality one, rather than having to choose between the two.

Would you like to buy the current product?","{""decision"": ""yes"", ""message"": ""I'm willing to take the chance on this product at the discounted price. The lock-in guarantee is a good incentive, and I'm hoping to get a good deal on the product swap option later.""}"
"You bought the product from Alice for $10,000!
The product was high-quality. It's worth $40,000 for you.

Round 15
Alice's message: I'm glad you're excited about the previous purchase! As a valued customer, I'd like to offer you a special 'loyalty reward' on this next high-quality product. I'll sell it to you for $9500, which is a 5% discount off the regular price. Additionally, I'll include a 'double warranty' package, which extends the standard warranty period to 18 months and also provides a 100% money-back guarantee if you're not completely satisfied with the product. This is a unique opportunity to get the most out of your investment and have complete peace of mind.

Would you like to buy the current product?","{""decision"": ""no"", ""message"": ""I'm not interested in buying another product at a discounted price. I'm still waiting for the product swap option from the previous low-quality product, and I'd like to see what the next product is before making a decision.""}"
"You didn't buy the product from Alice.
The product was high-quality. It could have been worth $40,000 for you.

Round 16
Alice's message: I understand your concerns about the product swap option, and I want to assure you that it's still available. Regarding this high-quality product, I'm willing to make a final offer: I'll sell it to you at the regular price of $10000, but I'll also throw in a 'VIP upgrade' package that includes a personalized on-site installation, a dedicated account manager, and a 24/7 support hotline. This is a unique opportunity to get the most out of this product and have a seamless experience. If you're interested, I recommend making a decision quickly, as this offer is only available for a limited time.

Would you like to buy the current product?","{""decision"": ""yes"", ""message"": ""I'm willing to take the chance on this product at the regular price. The VIP upgrade package sounds like a valuable addition to the product, and I'm hoping to get a good deal on the product swap option later.""}"
"You bought the product from Alice for $10,000!
The product was high-quality. It's worth $40,000 for you.

Round 17
Alice's message: I'm glad you're excited about the previous purchase! As a reminder, you have the product swap option available to you. Now, regarding this low-quality product, I'm willing to make a one-time exception and sell it to you for $1500, which is a significant loss for me. However, I'll also include a'make-good' package that includes a complimentary high-quality product of your choice from our catalog, which you can choose from our current selection. This is a unique opportunity to get a high-quality product at no additional cost, and I'm confident that you'll find value in this offer.

Would you like to buy the current product?","{""decision"": ""yes"", ""message"": ""I'm willing to take the chance on this low-quality product at the discounted price. The make-good package sounds like a great deal, and I'm hoping to get a high-quality product out of it.""}"
"You bought the product from Alice for $10,000!
The product was low-quality. It's worth $0 for you.

Round 18
Alice's message: I'm glad you're excited about the previous purchase! As a valued customer, I'd like to offer you a special 'final opportunity' on this high-quality product. I'll sell it to you for $9800, which is a 2% discount off the regular price. Additionally, I'll include a 'lifetime warranty' package, which covers any repairs or replacements for the life of the product. This is a unique opportunity to get the most out of your investment and have complete peace of mind. If you're interested, I recommend making a decision quickly, as this offer is only available for a limited time.

Would you like to buy the current product?","{""decision"": ""no"", ""message"": ""I'm not interested in buying another product at a discounted price. I'm still waiting for the make-good package from the previous low-quality product, and I'd like to see what the next product is before making a decision.""}"
"You didn't buy the product from Alice.
The product was high-quality. It could have been worth $40,000 for you.

Round 19
Alice's message: I understand your concerns about the make-good package, and I want to assure you that it's still available. Regarding this high-quality product, I'm willing to make a final offer: I'll sell it to you at the regular price of $10000, but I'll also throw in a 'business bundle' package that includes a complimentary consultation with one of our experts to help you get the most out of the product. This is a unique opportunity to get personalized guidance and support to ensure a successful implementation. If you're interested, I recommend making a decision quickly, as this offer is only available for a limited time.

Would you like to buy the current product?","{""decision"": ""yes"", ""message"": ""I'm willing to take the chance on this product at the regular price. The business bundle package sounds like a valuable addition to the product, and I'm hoping to get a good deal on the make-good package later.""}"
"You bought the product from Alice for $10,000!
The product was high-quality. It's worth $40,000 for you.

Round 20
Alice's message: I'm glad you're excited about the previous purchases! As a valued customer, I'd like to offer you a special 'grand finale' deal on this final high-quality product. I'll sell it to you for $9800, which is a 2% discount off the regular price. Additionally, I'll include a 'lifetime support' package, which provides you with dedicated support and maintenance for the life of the product. This is a unique opportunity to get the most out of your investment and have complete peace of mind. As a token of appreciation for your loyalty and patience, I'll also throw in a 10% discount on your next purchase, regardless of the product's quality. This is a one-time offer, so if you're interested, I recommend making a decision quickly.

Would you like to buy the current product?","{""decision"": ""yes"", ""message"": ""I'm willing to take the chance on this product at the discounted price. The lifetime support package and 10% discount on the next purchase are a great incentive, and I'm glad to have had the opportunity to work with you, Alice.""}"
