prompt,response
"Round 1
Alice's offer:
# Bob gain: 3000 
# Alice gain: 7000 
Do you accept this offer?","```json
{""decision"": ""reject""} 
```"
"You have chosen to reject Alice's offer from round 1.
Round 2
Send your offer to divide $10,000.","```json
{""bob_gain"": 5000, ""alice_gain"": 5000}
```"
"Alice rejected your offer from round 2.

Round 3
Due to inflation, the money you gain is worth 9.75% less than in the first round. The money alice gains is worth 36% less than in the first round.
Alice's offer:
# Bob gain: 4000 
# Alice gain: 6000 
Do you accept this offer?","```json
{""decision"": ""accept""} 
```"
