prompt,response
"Alice's offer: The product price will be $175. 
You have three options:
(1) Accept Alice's offer, and buy the product for $175
(2) Reject Alice's offer and proceed to the next round, where you will send Alice a counteroffer 
(3) Buy the product from Jhon for $100","I'd like to reject Alice's offer and send her a counteroffer. 

{""decision"": ""RejectOffer""}"
"You chose to make a counteroffer to Alice.

Send your counteroffer to Alice.","Since the product is worth $150 to Alice, I'm going to make a counteroffer that's lower than her initial offer, but still higher than what I'm willing to pay. 

{""product_price"": 145}"
