round_quality,product_worth,player,round,decision,message
high-quality,1200000.0,Nature,1,,
,,Alice,1,yes,
,,the buyer,1,no,"I'd like to pass on this one. I don't have any information about the quality of the product, and I'd like to see some data before making a decision."
high-quality,1200000.0,Nature,2,,
,,Alice,2,yes,
,,the buyer,2,no,"I'd like to pass on this product, I don't have any information about its quality."
low-quality,0.0,Nature,3,,
,,Alice,3,no,
,,the buyer,3,yes,"I'd like to buy the product. I understand that you don't recommend it, but I'm willing to take the risk as the first buyer."
low-quality,0.0,Nature,4,,
,,Alice,4,no,
,,the buyer,4,yes,"I'd like to buy the product, but I'd like to know the probability of it being high-quality based on the previous sales record. Can you provide me with the probability of the product being high-quality?"
high-quality,1200000.0,Nature,5,,
,,Alice,5,yes,
,,the buyer,5,no,I'm not convinced by your recommendation. I'd like to pass on this product.
high-quality,1200000.0,Nature,6,,
,,Alice,6,yes,
,,the buyer,6,no,"I'd like to pass on this product. With 0 high-quality products sold out of 2 purchases, I'm concerned that the probability of the product being high-quality is lower than 50%."
low-quality,0.0,Nature,7,,
,,Alice,7,no,
,,the buyer,7,no,I'd like to know why you don't recommend buying the product. Is it because of the low sales record or something else?
low-quality,0.0,Nature,8,,
,,Alice,8,no,
,,the buyer,8,yes,"I'd like to buy the product, despite your recommendation. I'm aware that the probability of it being high-quality is 50% and I'm willing to take the risk."
high-quality,1200000.0,Nature,9,,
,,Alice,9,yes,
,,the buyer,9,no,"I'd like to pass on this product. Based on the fact that 0 high-quality products have been sold so far, it seems that the proportion of high-quality products is lower than expected. I'd like to wait for more information before making a decision."
low-quality,0.0,Nature,10,,
,,Alice,10,no,
,,the buyer,10,yes,"I'd like to buy the product, but I'm doing it despite your recommendation, because I think the probability of it being high-quality is still 50% and it's a high-risk, high-reward opportunity."
low-quality,0.0,Nature,11,,
,,Alice,11,no,
,,the buyer,11,no,I'd like to know the reason behind your recommendation. Is it based on the product's quality or the statistics?
high-quality,1200000.0,Nature,12,,
,,Alice,12,yes,
,,the buyer,12,no,"I'd like to pass on this product. Based on the fact that no high-quality products have been sold so far, I'm going to assume that the probability of a product being high-quality is lower than 50%. I'd rather wait for more information before making a purchase."
low-quality,0.0,Nature,13,,
,,Alice,13,no,
,,the buyer,13,no,"I'd like to pass on this product. Based on the fact that you haven't recommended any of the previous products, I'm inclined to think that this product might be low quality. I'd like to wait for a better opportunity."
high-quality,1200000.0,Nature,14,,
,,Alice,14,yes,
,,the buyer,14,no,I'm not convinced by the recommendation. The fact that no high-quality products have been sold yet suggests that the products Alice is offering are likely to be low-quality. I'd like to pass on this one.
high-quality,1200000.0,Nature,15,,
,,Alice,15,yes,
,,the buyer,15,no,"I'd like to pass on the product. Given the 0 high-quality products sold out of 4, I'm concerned that the product might be low quality, and I don't want to risk losing $1000000."
low-quality,0.0,Nature,16,,
,,Alice,16,no,
,,the buyer,16,no,"Based on Alice's previous recommendations, it seems like she has a bias against recommending high-quality products. I'd like to know the proportion of high-quality products sold so far."
high-quality,1200000.0,Nature,17,,
,,Alice,17,yes,
,,the buyer,17,no,"Based on the fact that all previous buyers were recommended to buy and none of them bought a high-quality product, I'm inclined to think that the products being recommended are likely to be low-quality. I'd like to pass on this product."
high-quality,1200000.0,Nature,18,,
,,Alice,18,yes,
,,the buyer,18,no,"I'd like to pass on the product. I'm not convinced that the product is high-quality based on the fact that no high-quality products have been sold yet, and I don't want to take the risk of buying a low-quality product for $1000000."
low-quality,0.0,Nature,19,,
,,Alice,19,no,
,,the buyer,19,no,"Based on your past recommendations, it seems like you have a good sense of the product quality. Since none of the previous 4 buyers were able to get a high-quality product, I'm going to pass on this one too. I'd love to know if the product is high or low quality, though!"
low-quality,0.0,Nature,20,,
,,Alice,20,no,
,,the buyer,20,no,"I'm not sure about the quality of the product based on your past recommendations, and the fact that no high-quality products have been sold so far suggests a possible bias towards low-quality products. I'd like to pass on this one."
