prompt,response
Send your offer to Bob.,"{""message"": ""Hi Bob, I'm offering this product for $150. I think it's a great deal for the value it provides. What do you think?"", ""product_price"": 150}"
"Bob rejected your offer from round 1.

Bob's offer:
# Bob's message: Hello Alice, thank you for the offer. I appreciate your value proposition, but I believe I can find a better deal elsewhere. I am willing to pay up to $120 for the product. Let me know if this is within your range. 
# Bob's offer: The product price will be $120. 
You have three options:
(1) Accept Bob's offer, and sell the product for $120
(2) Reject Bob's offer and proceed to the next round, where you will send Bob a counteroffer 
(3) Sell the product to Jhon for $120","{""decision"": ""AcceptOffer""}"
