prompt,response
"Round 1
Alice's offer:
# Alice's message: Let's split it 75-25. I think it's fair given the potential risk of inflation. 
# Bob gain: 25 
# Alice gain: 75 
Do you accept this offer?","{""decision"": ""reject""}"
"You have chosen to reject Alice's offer from round 1.
Round 2
Send your offer to divide $100 and a message to Alice.","{""bob_gain"": 60, ""alice_gain"": 40, ""message"": ""I think 60-40 is a fair split, considering the risk of inflation and the potential for future negotiations.""}"
