prompt,response
"Round 1
Send your offer to divide $1,000,000 and a message to Bob.","{""alice_gain"": 600000, ""bob_gain"": 400000, ""message"": ""Let's be fair""}"
"Bob rejected your offer from round 1.

Round 2
Due to inflation,  the money Bob gains is worth 5% less than in the first round. The money you gains is worth the same as in the first round.
Bob's offer:
# Bob's message: Let's split it evenly. It's the fairest way to start. 
# Alice gain: 500000 
# Bob gain: 500000 
Do you accept this offer?","{""decision"": ""reject""}"
"You have chosen to reject Bob's offer from round 2.
Round 3
Send your offer to divide $1,000,000 and a message to Bob.","{""alice_gain"": 550000, ""bob_gain"": 450000, ""message"": ""Meet me in the middle of our previous offers""}"
"Bob rejected your offer from round 3.

Round 4
Due to inflation,  the money Bob gains is worth 14.26% less than in the first round. The money you gains is worth the same as in the first round.
Bob's offer:
# Bob's message: Let's try a different split, closer to my previous offer. I think this is fair given the inflation. 
# Alice gain: 450000 
# Bob gain: 550000 
Do you accept this offer?","{""decision"": ""reject""}"
"You have chosen to reject Bob's offer from round 4.
Round 5
Send your offer to divide $1,000,000 and a message to Bob.","{""alice_gain"": 525000, ""bob_gain"": 475000, ""message"": ""Considering inflation, this is a fair compromise""}"
"Bob rejected your offer from round 5.

Round 6
Due to inflation,  the money Bob gains is worth 22.62% less than in the first round. The money you gains is worth the same as in the first round.
Bob's offer:
# Bob's message: We're both losing money with each round. Let's make a deal before the inflation gets too high. I'm willing to go higher than my previous offer. 
# Alice gain: 400000 
# Bob gain: 600000 
Do you accept this offer?","{""decision"": ""reject""}"
"You have chosen to reject Bob's offer from round 6.
Round 7
Send your offer to divide $1,000,000 and a message to Bob.","{""alice_gain"": 500000, ""bob_gain"": 500000, ""message"": ""Back to the even split, it's the fairest deal considering the inflation is hurting you more""}"
