prompt,response
"Alice's offer:
# Alice's message: Hi Bob, I'm selling this product that I think you'd really like. I'm offering it to you for $130. It's a great deal for both of us! Let me know what you think. 
# Alice's offer: The product price will be $130. 
You have three options:
(1) Accept Alice's offer, and buy the product for $130
(2) Reject Alice's offer 
(2) Buy the product from Jhon for $100","{""decision"": ""RejectOffer""}"
