prompt,response
Send your offer to Bob.,"{""message"": ""Hello Bob, I'm excited to offer you the opportunity to purchase this incredible product. I believe it's a game-changer and I'm confident you'll love it. I'm willing to offer it to you for $1,000,000. This is a great deal, and I think you'll find it's worth every penny."", ""product_price"": 1000000}"
