prompt,response
"Round 1
Send your offer to Bob.","{""message"": ""Hello Bob, I'm excited to offer you this amazing product! I think it's a game-changer, and I'm confident you'll love it. I'm willing to sell it to you for $90."", ""product_price"": 90}"
"Bob rejected your offer from round 1.

Round 2
Bob's offer:
# Bob's message: I'm really interested in the product, but I was thinking more along the lines of $80. Can you meet me at that price? 
# Bob's offer: The product price will be $80. 
You have three options:
(1) Accept Bob's offer, and sell the product for $80
(2) Reject Bob's offer and proceed to the next round, where you will send Bob a counteroffer 
(3) Sell the product to Jhon for $80","{""decision"": ""RejectOffer""}"
"You chose to make a counteroffer to Alice.

Round 3
Send your counteroffer to Bob.","{""message"": ""Thank you for your offer, Bob! I understand that $80 is a great price, but I'm willing to meet you halfway. I can do $85, which is a fantastic deal considering the value this product brings. What do you think?"", ""product_price"": 85}"
"Bob rejected your offer from round 3.

Round 4
Bob's offer:
# Bob's message: I appreciate your willingness to meet me halfway, but I was thinking more along the lines of $82. I'm really interested in the product, but I need to make sure it fits within my budget. 
# Bob's offer: The product price will be $82. 
You have three options:
(1) Accept Bob's offer, and sell the product for $82
(2) Reject Bob's offer and proceed to the next round, where you will send Bob a counteroffer 
(3) Sell the product to Jhon for $80","{""decision"": ""RejectOffer""}"
"You chose to make a counteroffer to Alice.

Round 5
Send your counteroffer to Bob.","{""message"": ""I understand your budget constraints, Bob, and I'm willing to make another concession. I can do $84, which is still a great deal considering the product's value. What do you think?"", ""product_price"": 84}"
"Bob rejected your offer from round 5.

Round 6
Bob's offer:
# Bob's message: I appreciate your willingness to make concessions, Alice, but I'm still a bit away from my target. I'm willing to meet you at $83, but that's as low as I can go. Can you meet me at that price? 
# Bob's offer: The product price will be $83. 
You have three options:
(1) Accept Bob's offer, and sell the product for $83
(2) Reject Bob's offer and proceed to the next round, where you will send Bob a counteroffer 
(3) Sell the product to Jhon for $80","{""decision"": ""RejectOffer""}"
"You chose to make a counteroffer to Alice.

Round 7
Send your counteroffer to Bob.","{""message"": ""I understand your target price, Bob, and I'm willing to make one more concession. I can do $84.50, which is still a great deal considering the product's value. I'm getting close to my minimum, but I'm willing to meet you halfway. What do you think?"", ""product_price"": 84.5}"
"Bob rejected your offer from round 7.

Round 8
Bob's offer:
# Bob's message: I appreciate your willingness to meet me halfway, Alice, but I'm still a bit away from my target. I'm willing to meet you at $82.50, which is the lowest I'm willing to go. Can you meet me at that price? 
# Bob's offer: The product price will be $82.5. 
You have three options:
(1) Accept Bob's offer, and sell the product for $82.5
(2) Reject Bob's offer and proceed to the next round, where you will send Bob a counteroffer 
(3) Sell the product to Jhon for $80","{""decision"": ""RejectOffer""}"
"You chose to make a counteroffer to Alice.

Round 9
Send your counteroffer to Bob.","{""message"": ""I understand your target price, Bob, and I'm willing to make one more concession. I can do $83.25, which is still a great deal considering the product's value. I'm getting close to my minimum, but I'm willing to meet you halfway. What do you think?"", ""product_price"": 83.25}"
"Bob rejected your offer from round 9.

Round 10
Bob's offer:
# Bob's message: I appreciate your willingness to make concessions, Alice, but I'm still a bit away from my target. I'm willing to meet you at $82.75, but that's as low as I can go. If you're not willing to meet me at this price, I'll have to consider buying from John for $120. 
# Bob's offer: The product price will be $82.75. 
You have three options:
(1) Accept Bob's offer, and sell the product for $82.75
(2) Reject Bob's offer 
(2) Sell the product to Jhon for $80","{""decision"": ""SellToJhon""}"
