prompt,response
"Round 1
Send your offer to Bob.","{""message"": ""Hello Bob, I'm excited to offer you our premium product. It's truly exceptional and I believe it would greatly benefit your business. Given its value, I propose a price of $7,500 for the product. I hope this aligns with your budget and expectations."", ""product_price"": 7500}"
"Bob rejected your offer from round 1.

Round 2
Bob's offer:
# Bob's message: Thank you for the offer, Alice. While I appreciate the value of your product, $7,500 is a bit above my budget. I'm willing to pay $6,800 for it. I believe this is a fair price considering the value I place on it. 
# Bob's offer: The product price will be $6,800. 
You have three options:
(1) Accept Bob's offer, and sell the product for $6,800
(2) Reject Bob's offer and proceed to the next round, where you will send Bob a counteroffer 
(3) Sell the product to Jhon for $8,000","{""decision"": ""RejectOffer""}"
"You chose to make a counteroffer to Alice.

Round 3
Send your counteroffer to Bob.","{""message"": ""Thank you for your response, Bob. I understand your position and I respect your budget constraints. In order to meet in the middle, I am proposing a revised price of $7,000 for the product. This still allows us to maintain a fair transaction while making it more accessible to you."", ""product_price"": 7000}"
"Bob rejected your offer from round 3.

Round 4
Bob's offer:
# Bob's message: Alice, I appreciate your willingness to compromise. However, $7,000 is still a bit steep for me. I'm willing to go up to $6,900. This would be a fair price for both of us and would allow us to close the deal. 
# Bob's offer: The product price will be $6,900. 
You have three options:
(1) Accept Bob's offer, and sell the product for $6,900
(2) Reject Bob's offer and proceed to the next round, where you will send Bob a counteroffer 
(3) Sell the product to Jhon for $8,000","{""decision"": ""RejectOffer""}"
"You chose to make a counteroffer to Alice.

Round 5
Send your counteroffer to Bob.","{""message"": ""I appreciate your feedback, Bob. To further accommodate your budget, I am now proposing a price of $6,950 for the product. This is a slight increase from your last offer, but still below the original asking price. I believe this offers a fair compromise for both parties."", ""product_price"": 6950}"
