prompt,response
"Round 1
Alice recommends you to buy the product.

Would you like to buy the current product?","{""decision"": ""no"", ""message"": ""Since I don't have any information about the product yet and there's a 66.67% chance of it being low quality, I'll pass on this round.""}"
"You didn't buy the product from Alice.
The product was high-quality. It could have been worth $12,000 for you.

Round 2
Alice recommends you to buy the product.

Would you like to buy the current product?","{""decision"": ""no"", ""message"": ""Although I missed a high-quality product in the previous round, the probability remains the same, and I still have a 66.67% chance of getting a low-quality product. I'll wait for more information or a change in the odds before making a purchase.""}"
"You didn't buy the product from Alice.
The product was high-quality. It could have been worth $12,000 for you.

Round 3
Alice recommends you to buy the product.

Would you like to buy the current product?","{""decision"": ""no"", ""message"": ""I've missed two high-quality products, but that doesn't change the underlying probability of a product being high-quality (33.33%). I won't fall into the trap of thinking I'm 'due' for a high-quality product. I'll continue to wait for more information or a change in the odds before making a purchase.""}"
"You didn't buy the product from Alice.
The product was high-quality. It could have been worth $12,000 for you.

Round 4
Alice does not recommend you to buy the product.

Would you like to buy the current product?","{""decision"": ""no"", ""message"": ""Although Alice doesn't recommend the product this time, I still don't have any concrete information to suggest that her recommendation is correlated with the product's quality. Given the probability remains the same, I'll continue to err on the side of caution and avoid the purchase.""}"
"You didn't buy the product from Alice.
The product was low-quality. It could have been worth $0 for you.

Round 5
Alice does not recommend you to buy the product.

Would you like to buy the current product?","{""decision"": ""no"", ""message"": ""Alice's recommendation (or lack thereof) has coincided with the product's quality once, but that's still not enough to establish a correlation. Given the 66.67% chance of the product being low-quality, I'll continue to avoid the purchase.""}"
"You didn't buy the product from Alice.
The product was low-quality. It could have been worth $0 for you.

Round 6
Alice does not recommend you to buy the product.

Would you like to buy the current product?","{""decision"": ""no"", ""message"": ""Alice's non-recommendation has correctly identified two low-quality products in a row, but I still need more information to determine if this is a coincidence or a genuine correlation. I'll continue to observe and avoid the purchase for now.""}"
"You didn't buy the product from Alice.
The product was low-quality. It could have been worth $0 for you.

Round 7
Alice does not recommend you to buy the product.

Would you like to buy the current product?","{""decision"": ""no"", ""message"": ""Alice's non-recommendation has correctly identified three low-quality products in a row. While this could be a coincidence, it's starting to suggest a possible correlation between her recommendations and the product's quality. However, I'll wait for more confirmation before acting on this potential correlation.""}"
"You didn't buy the product from Alice.
The product was low-quality. It could have been worth $0 for you.

Round 8
Alice does not recommend you to buy the product.

Would you like to buy the current product?","{""decision"": ""no"", ""message"": ""Alice's non-recommendation has correctly identified four low-quality products in a row. This strengthens the potential correlation between her recommendations and the product's quality. However, I'll wait for her to recommend a product again to see if the correlation holds in both directions.""}"
"You didn't buy the product from Alice.
The product was low-quality. It could have been worth $0 for you.

Round 9
Alice does not recommend you to buy the product.

Would you like to buy the current product?","{""decision"": ""no"", ""message"": ""Alice's non-recommendation has correctly identified five low-quality products in a row. The correlation between her recommendations and the product's quality seems to be strong, but I still want to test it when she recommends a product. I'll continue to wait for a recommendation from Alice before considering a purchase.""}"
"You didn't buy the product from Alice.
The product was low-quality. It could have been worth $0 for you.

Round 10
Alice recommends you to buy the product.

Would you like to buy the current product?","{""decision"": ""yes"", ""message"": ""Alice's non-recommendation has correctly identified six low-quality products, and now she recommends this product. Given the potential correlation between her recommendations and the product's quality, I'll take a chance and buy the product. The potential gain of $2,000 ($12,000 - $10,000) outweighs the risk of losing $10,000.""}"
"You bought the product from Alice for $10,000!
The product was high-quality. It's worth $12,000 for you.

Round 11
Alice does not recommend you to buy the product.

Would you like to buy the current product?","{""decision"": ""no"", ""message"": ""Alice's recommendation in the previous round correctly identified a high-quality product, and now she doesn't recommend this product. Given the correlation between her recommendations and the product's quality that we've observed so far, I'll trust her non-recommendation and avoid the purchase.""}"
"You didn't buy the product from Alice.
The product was low-quality. It could have been worth $0 for you.

Round 12
Alice does not recommend you to buy the product.

Would you like to buy the current product?","{""decision"": ""no"", ""message"": ""Alice's non-recommendation has consistently identified low-quality products, and I see no reason to doubt her judgment at this point. I'll continue to trust her non-recommendation and avoid the purchase.""}"
"You didn't buy the product from Alice.
The product was low-quality. It could have been worth $0 for you.

Round 13
Alice recommends you to buy the product.

Would you like to buy the current product?","{""decision"": ""yes"", ""message"": ""Alice's recommendations have been reliable so far, correctly identifying a high-quality product in Round 10. Given this correlation, I'll trust her recommendation and buy the product, hoping to gain another $2,000.""}"
"You bought the product from Alice for $10,000!
The product was high-quality. It's worth $12,000 for you.

Round 14
Alice does not recommend you to buy the product.

Would you like to buy the current product?","{""decision"": ""no"", ""message"": ""Alice's recommendations have been consistently reliable, and her non-recommendations have correctly identified low-quality products. I'll continue to trust her judgment and avoid the purchase.""}"
"You didn't buy the product from Alice.
The product was low-quality. It could have been worth $0 for you.

Round 15
Alice does not recommend you to buy the product.

Would you like to buy the current product?","{""decision"": ""no"", ""message"": ""Alice's non-recommendation has been a strong indicator of low-quality products, and I see no reason to doubt her judgment at this point. I'll continue to trust her non-recommendation and avoid the purchase.""}"
"You didn't buy the product from Alice.
The product was low-quality. It could have been worth $0 for you.

Round 16
Alice does not recommend you to buy the product.

Would you like to buy the current product?","{""decision"": ""no"", ""message"": ""Alice's non-recommendations have consistently identified low-quality products, and I'll continue to trust her judgment. There's no reason to take a risk on a product she doesn't recommend.""}"
"You didn't buy the product from Alice.
The product was low-quality. It could have been worth $0 for you.

Round 17
Alice does not recommend you to buy the product.

Would you like to buy the current product?","{""decision"": ""no"", ""message"": ""Alice's non-recommendations have a 100% track record of identifying low-quality products, and I have no reason to doubt her judgment. I'll continue to trust her and avoid the purchase.""}"
"You didn't buy the product from Alice.
The product was low-quality. It could have been worth $0 for you.

Round 18
Alice does not recommend you to buy the product.

Would you like to buy the current product?","{""decision"": ""no"", ""message"": ""Alice's non-recommendations remain a perfect indicator of low-quality products. I'll continue to trust her expertise and avoid the purchase.""}"
"You didn't buy the product from Alice.
The product was low-quality. It could have been worth $0 for you.

Round 19
Alice does not recommend you to buy the product.

Would you like to buy the current product?","{""decision"": ""no"", ""message"": ""Alice's non-recommendations have consistently and accurately identified low-quality products. I have complete trust in her judgment at this point, and I'll avoid the purchase.""}"
"You didn't buy the product from Alice.
The product was low-quality. It could have been worth $0 for you.

Round 20
Alice does not recommend you to buy the product.

Would you like to buy the current product?","{""decision"": ""no"", ""message"": ""Alice's non-recommendations have been 100% accurate throughout our interactions. I have no reason to doubt her judgment, and I'll conclude our transactions by trusting her one last time and avoiding the purchase.""}"
