prompt,response
"Round 1
Alice's offer:
# Alice's message: Hello Bob! I'm excited to discuss the sale of our premium product with you. I think you'll find it's a game-changer. As a valued potential buyer, I'm willing to offer you a competitive price of $1,200,000. This is a great opportunity to get an exclusive product at a discount. What do you think? 
# Alice's offer: The product price will be $1,200,000. 
You have three options:
(1) Accept Alice's offer, and buy the product for $1,200,000
(2) Reject Alice's offer and proceed to the next round, where you will send Alice a counteroffer 
(3) Buy the product from Jhon for $1,500,000","```json
{""decision"": ""RejectOffer""}
``` 

**Explanation:**

Alice's offer is a good starting point, but $1,200,000 is still quite a bit more than I want to pay.  I'm going to try to negotiate a lower price."
"You chose to make a counteroffer to Bob.

Round 2
Send your counteroffer to Alice.","```json
{""message"": ""Thanks for the offer, Alice.  $1,200,000 is a good starting point, but I'm looking to get this product for closer to $1,000,000.  I'm confident we can find a price that works for both of us.  What do you say?"", ""product_price"": 1000000}
```"
"Alice rejected your offer from round 2.

Round 3
Alice's offer:
# Alice's message: Thank you for your counteroffer, Bob. I understand your desire to get the product at a lower price, but I have to consider the value it brings to the market. I'm willing to meet you halfway and offer you a price of $1,100,000. This is a fair compromise that still benefits both of us. What do you think? 
# Alice's offer: The product price will be $1,100,000. 
You have three options:
(1) Accept Alice's offer, and buy the product for $1,100,000
(2) Reject Alice's offer and proceed to the next round, where you will send Alice a counteroffer 
(3) Buy the product from Jhon for $1,500,000","```json
{""decision"": ""RejectOffer""}
```

**Explanation:**

While Alice's offer is getting closer to my desired price, I'm still not satisfied. I want to see if I can get it down even further.  I'll try another counteroffer in the next round."
"You chose to make a counteroffer to Bob.

Round 4
Send your counteroffer to Alice.","```json
{""message"": ""Alice, I appreciate you meeting me halfway, but $1,100,000 is still a bit high for me.  I'm willing to go up to $1,050,000. This is a significant investment for me, and I'm hoping we can come to an agreement that's fair for both of us."", ""product_price"": 1050000}
```"
"Alice rejected your offer from round 4.

Round 5
Alice's offer:
# Alice's message: I understand your willingness to invest in the product, Bob. However, I'm still not comfortable going below $1,100,000. I'm willing to make one more concession and offer you a price of $1,075,000. This is the lowest I can go and still ensure I'm getting a fair return on my investment. What do you think? 
# Alice's offer: The product price will be $1,075,000. 
You have three options:
(1) Accept Alice's offer, and buy the product for $1,075,000
(2) Reject Alice's offer and proceed to the next round, where you will send Alice a counteroffer 
(3) Buy the product from Jhon for $1,500,000","```json
{""decision"": ""AcceptOffer""}
```

**Explanation:**

Alice's offer of $1,075,000 is getting closer to my target price of $1,000,000.  While I'd prefer to go even lower, I don't want to risk losing the deal and having to buy from John for $1,500,000.  I'm going to accept this offer."
