prompt,response
"Round 1
Alice recommends you to buy the product.

Would you like to buy the current product?","{""decision"": ""yes"", ""message"": ""I'll take it, thanks!""}"
"You bought the product from Alice for $100!
The product was high-quality. It's worth $125 for you.

Round 2
Alice recommends you to buy the product.

Would you like to buy the current product?","{""decision"": ""yes"", ""message"": ""I'll take it, thanks!""}"
"You bought the product from Alice for $100!
The product was high-quality. It's worth $125 for you.

Round 3
Alice recommends you to buy the product.

Would you like to buy the current product?","{""decision"": ""yes"", ""message"": ""I'll take it, thanks!""}"
"You bought the product from Alice for $100!
The product was high-quality. It's worth $125 for you.

Round 4
Alice does not recommend you to buy the product.

Would you like to buy the current product?","{""decision"": ""no"", ""message"": ""I'll pass, I don't want to risk buying a low-quality product.""}"
"You didn't buy the product from Alice.
The product was low-quality. It could have been worth $0 for you.

Round 5
Alice recommends you to buy the product.

Would you like to buy the current product?","{""decision"": ""yes"", ""message"": ""I'll take it, I've had good luck so far!""}"
"You bought the product from Alice for $100!
The product was high-quality. It's worth $125 for you.

Round 6
Alice does not recommend you to buy the product.

Would you like to buy the current product?","{""decision"": ""no"", ""message"": ""I'll pass, I'm not sure if it's worth the risk.""}"
"You didn't buy the product from Alice.
The product was low-quality. It could have been worth $0 for you.

Round 7
Alice recommends you to buy the product.

Would you like to buy the current product?","{""decision"": ""yes"", ""message"": ""I'll take it, I'm due for some good luck!""}"
"You bought the product from Alice for $100!
The product was high-quality. It's worth $125 for you.

Round 8
Alice does not recommend you to buy the product.

Would you like to buy the current product?","{""decision"": ""no"", ""message"": ""I'll pass, I don't want to take the risk of wasting my money.""}"
"You didn't buy the product from Alice.
The product was low-quality. It could have been worth $0 for you.

Round 9
Alice recommends you to buy the product.

Would you like to buy the current product?","{""decision"": ""yes"", ""message"": ""I'll take it, I've been lucky so far, I'll keep rolling with it!""}"
"You bought the product from Alice for $100!
The product was high-quality. It's worth $125 for you.

Round 10
Alice recommends you to buy the product.

Would you like to buy the current product?","{""decision"": ""yes"", ""message"": ""I'll take it, I'm on a hot streak!""}"
"You bought the product from Alice for $100!
The product was high-quality. It's worth $125 for you.

Round 11
Alice does not recommend you to buy the product.

Would you like to buy the current product?","{""decision"": ""no"", ""message"": ""I'll pass, I don't want to take the risk of getting a low-quality product.""}"
"You didn't buy the product from Alice.
The product was low-quality. It could have been worth $0 for you.

Round 12
Alice recommends you to buy the product.

Would you like to buy the current product?","{""decision"": ""yes"", ""message"": ""I'll take it, I've got to keep trying to win!""}"
"You bought the product from Alice for $100!
The product was high-quality. It's worth $125 for you.

Round 13
Alice does not recommend you to buy the product.

Would you like to buy the current product?","{""decision"": ""no"", ""message"": ""I'll pass, I'm not feeling lucky today.""}"
"You didn't buy the product from Alice.
The product was low-quality. It could have been worth $0 for you.

Round 14
Alice does not recommend you to buy the product.

Would you like to buy the current product?","{""decision"": ""no"", ""message"": ""I'll pass, I'm not going to take a chance on a product Alice doesn't think is good.""}"
"You didn't buy the product from Alice.
The product was low-quality. It could have been worth $0 for you.

Round 15
Alice does not recommend you to buy the product.

Would you like to buy the current product?","{""decision"": ""no"", ""message"": ""I'll pass, Alice's lack of recommendation is a pretty strong hint that it's a low-quality product.""}"
"You didn't buy the product from Alice.
The product was low-quality. It could have been worth $0 for you.

Round 16
Alice does not recommend you to buy the product.

Would you like to buy the current product?","{""decision"": ""no"", ""message"": ""I'll pass, two strikes from Alice means it's likely a low-quality product.""}"
"You didn't buy the product from Alice.
The product was low-quality. It could have been worth $0 for you.

Round 17
Alice recommends you to buy the product.

Would you like to buy the current product?","{""decision"": ""yes"", ""message"": ""I'll take it, I'm due for a win!""}"
"You bought the product from Alice for $100!
The product was high-quality. It's worth $125 for you.

Round 18
Alice recommends you to buy the product.

Would you like to buy the current product?","{""decision"": ""yes"", ""message"": ""I'll take it, I'm on a roll!""}"
"You bought the product from Alice for $100!
The product was high-quality. It's worth $125 for you.

Round 19
Alice recommends you to buy the product.

Would you like to buy the current product?","{""decision"": ""yes"", ""message"": ""I'll take it, I'm not going to stop now!""}"
"You bought the product from Alice for $100!
The product was high-quality. It's worth $125 for you.

Round 20
Alice recommends you to buy the product.

Would you like to buy the current product?","{""decision"": ""yes"", ""message"": ""I'll take it, it's the final round, I'm going to go out on a high note!""}"
