prompt,response
"Round 1
Send your offer to Bob.","```json
{""message"": ""Hi Bob, I'm offering you my product for $9,000.  It's a great deal, and I'm sure you'll find it very valuable.  Let me know what you think!"", ""product_price"": 9000}
```"
"Bob rejected your offer from round 1.

Round 2
Bob's offer:
# Bob's message: Hi Alice, I appreciate the offer, but $9,000 is a bit more than I'm willing to pay. I'm happy to pay $7,500 for the product.  Let me know what you think. 
# Bob's offer: The product price will be $7,500. 
You have three options:
(1) Accept Bob's offer, and sell the product for $7,500
(2) Reject Bob's offer and proceed to the next round, where you will send Bob a counteroffer 
(3) Sell the product to Jhon for $8,000","```json
{""decision"": ""RejectOffer""}
```"
"You chose to make a counteroffer to Alice.

Round 3
Send your counteroffer to Bob.","```json
{""message"": ""Bob, I appreciate your offer, but $7,500 is a bit too low for me. I'm willing to come down to $8,500.  This is a fair price, considering the value of the product. Let's see if we can reach an agreement."", ""product_price"": 8500}
```"
"Bob rejected your offer from round 3.

Round 4
Bob's offer:
# Bob's message: Alice, I'm still interested in your product, but $8,500 is still a bit high for me. I'm willing to go up to $8,200.  This is my final offer. Let me know if we can reach a deal. 
# Bob's offer: The product price will be $8,200. 
You have three options:
(1) Accept Bob's offer, and sell the product for $8,200
(2) Reject Bob's offer and proceed to the next round, where you will send Bob a counteroffer 
(3) Sell the product to Jhon for $8,000","```json
{""decision"": ""AcceptOffer""}
```"
