prompt,response
Send your offer to Bob.,"{""message"": ""I'm excited to offer you this incredible opportunity to purchase this valuable product. It's a one-of-a-kind item that I'm sure you'll love. I'm willing to let it go for $950,000."", ""product_price"": 950000}"
