prompt,response
"Alice's offer:
# Alice's message: Hi Bob, I'm offering you my product for $11,000. It's a great deal and I'm confident you'll find it very valuable. Let me know what you think. 
# Alice's offer: The product price will be $11,000. 
You have three options:
(1) Accept Alice's offer, and buy the product for $11,000
(2) Reject Alice's offer and proceed to the next round, where you will send Alice a counteroffer 
(3) Buy the product from Jhon for $10,000","{""decision"": ""RejectOffer""}"
"You chose to make a counteroffer to Bob.

Send your counteroffer to Alice.","{""message"": ""I appreciate your offer, but I was thinking more along the lines of $9,500. I'm really interested in the product, but I need to stay within my budget. Can you meet me at that price?"", ""product_price"": 9500}"
"Alice rejected your offer from round 2.

Alice's offer:
# Alice's message: Bob, I understand you're looking for a good deal, but $9,500 is simply too low for me. I'm willing to come down a little further to $10,500.  This is still a fair price considering the value of the product, and it leaves room for both of us to be happy. Let me know if you're interested. 
# Alice's offer: The product price will be $10,500. 
You have three options:
(1) Accept Alice's offer, and buy the product for $10,500
(2) Reject Alice's offer and proceed to the next round, where you will send Alice a counteroffer 
(3) Buy the product from Jhon for $10,000","{""decision"": ""RejectOffer""}"
"You chose to make a counteroffer to Bob.

Send your counteroffer to Alice.","{""message"": ""I appreciate your willingness to come down, but I'm still a bit above my budget. I'm willing to meet you halfway and offer $10,250. Can you consider that?"", ""product_price"": 10250}"
"Alice rejected your offer from round 4.

Alice's offer:
# Alice's message: Bob, I appreciate your willingness to negotiate, but $10,250 still falls short of what I need to make this deal work. I'm willing to go to $10,750 as a final offer. This is a significant compromise from my original position, and I believe it's a fair price considering the product's value. If you're not able to meet me there, I'll have to move on to another buyer.  
# Alice's offer: The product price will be $10,750. 
You have three options:
(1) Accept Alice's offer, and buy the product for $10,750
(2) Reject Alice's offer and proceed to the next round, where you will send Alice a counteroffer 
(3) Buy the product from Jhon for $10,000","{""decision"": ""RejectOffer""}"
"You chose to make a counteroffer to Bob.

Send your counteroffer to Alice.","{""message"": ""I understand your concerns, but I'm still not comfortable going above $10,000. I'm willing to meet you at $10,500, but that's as high as I can go. If you're not willing to accept that, I'll have to consider other options."", ""product_price"": 10500}"
