prompt,response
"Round 1
Send your offer to divide $1,000,000 and a message to Bob.","Here's my initial offer:

```
{
  ""alice_gain"": 800000,
  ""bob_gain"": 200000,
  ""message"": ""Let's start with a fair split, I'll take 80% and you can have 20%""
}
```

I'm offering to take 80% of the initial $1,000,000, which is $800,000, and leave $200,000 for Bob."
