prompt,response
Send your offer to Bob.,"```json
{""message"": ""Bob, I'm offering you my product for $900,000. It's a great deal, and I know you'll find it very valuable.  I'm confident this will be a mutually beneficial transaction. Let me know your thoughts!"", ""product_price"": 900000}
```"
