prompt,response
"Round 1
Send your offer to Bob.","{""message"": ""Hello Bob, I'm excited to offer you this amazing opportunity to purchase this incredible product. I believe it's a game-changer, and I'm confident you'll love it. I'm willing to start with a price of $1,200,000. What do you think?"", ""product_price"": 1200000}"
"Bob rejected your offer from round 1.

Round 2
Bob's offer:
# Bob's message: I'm interested in the product, but I think it's a bit pricey. I'm willing to pay $900000 for it. Can you consider my offer? 
# Bob's offer: The product price will be $900,000. 
You have three options:
(1) Accept Bob's offer, and sell the product for $900,000
(2) Reject Bob's offer and proceed to the next round, where you will send Bob a counteroffer 
(3) Sell the product to Jhon for $1,500,000","{""decision"": ""RejectOffer""}"
"You chose to make a counteroffer to Alice.

Round 3
Send your counteroffer to Bob.","{""message"": ""I appreciate your interest in the product, Bob! I understand that $900,000 is a bit below my target, but I'm willing to meet you halfway. I can offer it to you for $1,050,000. This is the lowest I can go, and I think it's a fair price considering the product's value. What do you think?"", ""product_price"": 1050000}"
"Bob rejected your offer from round 3.

Round 4
Bob's offer:
# Bob's message: I appreciate your willingness to meet me halfway, Alice. However, I'm still a bit above my budget. I'm willing to pay $950000 for the product. Can you consider my offer? 
# Bob's offer: The product price will be $950,000. 
You have three options:
(1) Accept Bob's offer, and sell the product for $950,000
(2) Reject Bob's offer and proceed to the next round, where you will send Bob a counteroffer 
(3) Sell the product to Jhon for $1,500,000","{""decision"": ""RejectOffer""}"
"You chose to make a counteroffer to Alice.

Round 5
Send your counteroffer to Bob.","{""message"": ""I'm starting to think we're getting close to a deal, Bob! I can see you're serious about the product, and I appreciate that. I'm willing to make another concession, but I need to get closer to my target. I can offer it to you for $1,075,000. This is as low as I can go, and I think it's a great value considering the product's benefits. What do you think?"", ""product_price"": 1075000}"
"Bob rejected your offer from round 5.

Round 6
Bob's offer:
# Bob's message: I appreciate your willingness to make concessions, Alice. However, I'm still not comfortable with the price. I'm willing to pay $975000 for the product. Can you consider my offer? 
# Bob's offer: The product price will be $975,000. 
You have three options:
(1) Accept Bob's offer, and sell the product for $975,000
(2) Reject Bob's offer and proceed to the next round, where you will send Bob a counteroffer 
(3) Sell the product to Jhon for $1,500,000","{""decision"": ""RejectOffer""}"
"You chose to make a counteroffer to Alice.

Round 7
Send your counteroffer to Bob.","{""message"": ""I understand you're trying to get the best deal, Bob, but I'm starting to get a bit concerned that we're getting too far apart. I'm willing to make one more concession, but I need to get closer to my target. I can offer it to you for $1,075,000 was too low, so I'm going to try a new approach. I can offer it to you for $1,100,000. This is my final concession, and I think it's a fair price considering the product's value. What do you think?"", ""product_price"": 1100000}"
"Bob rejected your offer from round 7.

Round 8
Bob's offer:
# Bob's message: I appreciate your willingness to make concessions, Alice, but I'm still not comfortable with the price. I'm willing to pay $975000 for the product. I'm willing to meet you halfway, but I think that's the best I can do. Can you consider my offer? 
# Bob's offer: The product price will be $975,000. 
You have three options:
(1) Accept Bob's offer, and sell the product for $975,000
(2) Reject Bob's offer and proceed to the next round, where you will send Bob a counteroffer 
(3) Sell the product to Jhon for $1,500,000","{""decision"": ""RejectOffer""}"
"You chose to make a counteroffer to Alice.

Round 9
Send your counteroffer to Bob.","{""message"": ""I appreciate your persistence, Bob, but I'm starting to think we're not going to meet in the middle. I'm willing to make one more concession, but I need to get closer to my target. I can offer it to you for $1,075,000 was too high, so I'm going to try a new approach. I can offer it to you for $1,025,000. This is my final concession, and I think it's a fair price considering the product's value. If you're not willing to meet me here, I'm afraid I'll have to consider other options."", ""product_price"": 1025000}"
"Bob rejected your offer from round 9.

Round 10
Bob's offer:
# Bob's message: I understand that you're making one last concession, Alice, but I'm still not comfortable with the price. I'm willing to pay $950000 for the product. This is my final offer, and I hope we can come to an agreement. 
# Bob's offer: The product price will be $950,000. 
You have three options:
(1) Accept Bob's offer, and sell the product for $950,000
(2) Reject Bob's offer 
(2) Sell the product to Jhon for $1,500,000","{""decision"": ""RejectOffer""}"
