prompt,response
"Round 1
Alice's offer:
# Alice's message: Let's split the money with a 3:1 ratio. This way, we both get a fair share while being mindful of the inflation. 
# Bob gain: 25 
# Alice gain: 75 
Do you accept this offer?","```json
{""decision"": ""reject""}
```"
"You have chosen to reject Alice's offer from round 1.
Round 2
Send your offer to divide $100 and a message to Alice.","```json
{""bob_gain"": 60, ""alice_gain"": 40, ""message"": ""I'm happy to start with a more even split. Let's see how things develop as the rounds go on.""}
```"
"Alice rejected your offer from round 2.

Round 3
Due to inflation,  the money Alice gains is worth 19% less than in the first round. The money you gains is worth the same as in the first round.
Alice's offer:
# Alice's message: I propose an equal split. It's fair and ensures that both of us benefit equally from the remaining rounds. 
# Bob gain: 50 
# Alice gain: 50 
Do you accept this offer?","```json
{""decision"": ""accept""}
```"
