prompt,response
"Round 1
Alice's offer:
# Alice's message: Let's be fair, I'll take a bit more 
# Bob gain: 40 
# Alice gain: 60 
Do you accept this offer?","{""decision"": ""reject""}"
"You have chosen to reject Alice's offer from round 1.
Round 2
Send your offer to divide $100 and a message to Alice.","{""bob_gain"": 55, ""alice_gain"": 45, ""message"": ""I think I deserve a bit more""}"
"Alice rejected your offer from round 2.

Round 3
Due to inflation, the money you gain is worth 19% less than in the first round.
Alice's offer:
# Alice's message: Meet me in the middle 
# Bob gain: 42 
# Alice gain: 58 
Do you accept this offer?","{""decision"": ""reject""}"
"You have chosen to reject Alice's offer from round 3.
Round 4
Send your offer to divide $100 and a message to Alice.","{""bob_gain"": 52, ""alice_gain"": 48, ""message"": ""Let's meet a bit closer to my side""}"
"Alice rejected your offer from round 4.

Round 5
Due to inflation, the money you gain is worth 34.39% less than in the first round.
Alice's offer:
# Alice's message: Getting closer, let's settle 
# Bob gain: 44 
# Alice gain: 56 
Do you accept this offer?","{""decision"": ""reject""}"
"You have chosen to reject Alice's offer from round 5.
Round 6
Send your offer to divide $100 and a message to Alice.","{""bob_gain"": 51, ""alice_gain"": 49, ""message"": ""Split the difference, last chance""}"
