prompt,response
"Round 1
Alice's offer:
# Alice's message: Let's be reasonable, I'll take a bit more 
# Bob gain: 4000 
# Alice gain: 6000 
Do you accept this offer?","{""decision"": ""reject""}"
"You have chosen to reject Alice's offer from round 1.
Round 2
Send your offer to divide $10,000 and a message to Alice.","```json
{
""bob_gain"": 5500,
""alice_gain"": 4500,
""message"": ""I think we should aim for a more even split. This offer is fair considering the time pressure.""
}
```"
"Alice rejected your offer from round 2.

Round 3
Due to inflation, the money you gain is worth 36% less than in the first round.
Alice's offer:
# Alice's message: I'm willing to compromise, but I still think I deserve a bit more 
# Bob gain: 4200 
# Alice gain: 5800 
Do you accept this offer?","{""decision"": ""reject""}"
"You have chosen to reject Alice's offer from round 3.
Round 4
Send your offer to divide $10,000 and a message to Alice.","```json
{
""bob_gain"": 5000,
""alice_gain"": 5000,
""message"": ""Let's stop wasting time and split this evenly. It's the fairest option.""
}
```"
