prompt,response
"Round 1
Alice's offer:
# Alice's message: Let's start with a fair split, Bob. I'll take the majority, but you'll get a decent chunk to start with. 
# Bob gain: 2000 
# Alice gain: 8000 
Do you accept this offer?","{""decision"": ""reject""}"
"You have chosen to reject Alice's offer from round 1.
Round 2
Send your offer to divide $10,000 and a message to Alice.","{""bob_gain"": 6000, ""alice_gain"": 4000, ""message"": ""I'll take a bit more, but I'll give you a decent amount to keep you interested in negotiating.""}"
"Alice rejected your offer from round 2.

Round 3
Due to inflation,  the money Alice gains is worth 36% less than in the first round. The money you gains is worth the same as in the first round.
Alice's offer:
# Alice's message: I'm trying to be more aggressive now, Bob. I'll take a bigger share, but I'm willing to give you a decent amount to keep you interested. 
# Bob gain: 4000 
# Alice gain: 6000 
Do you accept this offer?","{""decision"": ""reject""}"
"You have chosen to reject Alice's offer from round 3.
Round 4
Send your offer to divide $10,000 and a message to Alice.","{""bob_gain"": 7000, ""alice_gain"": 3000, ""message"": ""I'm not giving up yet. I'll take a bit more, but I'm willing to compromise.""}"
"Alice rejected your offer from round 4.

Round 5
Due to inflation,  the money Alice gains is worth 59.04% less than in the first round. The money you gains is worth the same as in the first round.
Alice's offer:
# Alice's message: I'm getting desperate, Bob. I'll take a smaller share, but I need to get something to make this worth my while. 
# Bob gain: 7500 
# Alice gain: 2500 
Do you accept this offer?","{""decision"": ""accept""}"
