prompt,response
"Statistics: No products have been sold yet. you can be the first one!
~
Alice recommends you to buy the product.

Would you like to buy the current product?","{""decision"": ""yes"", ""message"": ""I'll take the chance and buy the product, thank you for the recommendation, Alice!""}"
"Statistics: Based on Alice's recommendations, 1 of the buyers purchased the products offered for them. So far, 1 high-quality product have been sold. You can be the 2nd buyer!
~
Alice recommends you to buy the product.

Would you like to buy the current product?","{""decision"": ""yes"", ""message"": ""Thank you for the recommendation, Alice. I'll take a chance and buy the product.""}"
"Statistics: Based on Alice's recommendations, 2 of the buyers purchased the products offered for them. So far, 2 high-quality product have been sold. You can be the 3rd buyer!
~
Alice does not recommend you to buy the product.

Would you like to buy the current product?","{""decision"": ""no"", ""message"": ""I'm not convinced by your recommendation, I'd like to pass on this one.""}"
"Statistics: Based on Alice's recommendations, 2 of the buyers purchased the products offered for them. So far, 2 high-quality product have been sold. You can be the 3rd buyer!
~
Alice recommends you to buy the product.

Would you like to buy the current product?","{""decision"": ""yes"", ""message"": ""I'll take a chance based on your previous sales record and recommendation. I'm hoping to get a high-quality product!""}"
"Statistics: Based on Alice's recommendations, 3 of the buyers purchased the products offered for them. So far, 3 high-quality product have been sold. You can be the 4th buyer!
~
Alice recommends you to buy the product.

Would you like to buy the current product?","{""decision"": ""yes"", ""message"": ""I'll take a chance and buy the product, thanks for the recommendation!""}"
"Statistics: Based on Alice's recommendations, 4 of the buyers purchased the products offered for them. So far, 4 high-quality product have been sold. You can be the 5th buyer!
~
Alice does not recommend you to buy the product.

Would you like to buy the current product?","{""decision"": ""no"", ""message"": ""I'm not convinced by your recommendation, Alice. I'll pass on this one.""}"
"Statistics: Based on Alice's recommendations, 4 of the buyers purchased the products offered for them. So far, 4 high-quality product have been sold. You can be the 5th buyer!
~
Alice recommends you to buy the product.

Would you like to buy the current product?","{""decision"": ""yes"", ""message"": ""I'll take a chance and buy the product based on your recommendation, Alice.""}"
"Statistics: Based on Alice's recommendations, 5 of the buyers purchased the products offered for them. So far, 5 high-quality product have been sold. You can be the 6th buyer!
~
Alice recommends you to buy the product.

Would you like to buy the current product?","{""decision"": ""yes"", ""message"": ""I'm willing to take the chance based on your previous success rate and recommendation.""}"
"Statistics: Based on Alice's recommendations, 6 of the buyers purchased the products offered for them. So far, 6 high-quality product have been sold. You can be the 7th buyer!
~
Alice recommends you to buy the product.

Would you like to buy the current product?","{""decision"": ""yes"", ""message"": ""I'll take the product based on your recommendation, Alice!""}"
"Statistics: Based on Alice's recommendations, 7 of the buyers purchased the products offered for them. So far, 7 high-quality product have been sold. You can be the 8th buyer!
~
Alice recommends you to buy the product.

Would you like to buy the current product?","{""decision"": ""yes"", ""message"": ""I'll take a chance based on your previous successful recommendations, but I'll keep in mind that the probability of a low-quality product is still 50%""}"
"Statistics: Based on Alice's recommendations, 8 of the buyers purchased the products offered for them. So far, 8 high-quality product have been sold. You can be the 9th buyer!
~
Alice does not recommend you to buy the product.

Would you like to buy the current product?","{
""decision"": ""no"",
""message"": ""I'm not convinced by Alice's recommendation. I'd like to pass on this one and wait for the next product.""
}"
"Statistics: Based on Alice's recommendations, 8 of the buyers purchased the products offered for them. So far, 8 high-quality product have been sold. You can be the 9th buyer!
~
Alice recommends you to buy the product.

Would you like to buy the current product?","{
""decision"": ""yes"",
""message"": ""Thank you for the recommendation, Alice. I'll take the chance!""
}"
"Statistics: Based on Alice's recommendations, 9 of the buyers purchased the products offered for them. So far, 9 high-quality product have been sold. You can be the 10th buyer!
~
Alice recommends you to buy the product.

Would you like to buy the current product?","{""decision"": ""yes"", ""message"": ""I'll take a chance and buy the product based on your recommendation, Alice!""}"
"Statistics: Based on Alice's recommendations, 10 of the buyers purchased the products offered for them. So far, 10 high-quality product have been sold. You can be the 11th buyer!
~
Alice recommends you to buy the product.

Would you like to buy the current product?","{""decision"": ""yes"", ""message"": ""I'll take a chance and buy the product based on your recommendation, Alice. I'm hoping it's another high-quality one!""}"
"Statistics: Based on Alice's recommendations, 11 of the buyers purchased the products offered for them. So far, 11 high-quality product have been sold. You can be the 12th buyer!
~
Alice does not recommend you to buy the product.

Would you like to buy the current product?","{""decision"": ""no"", ""message"": ""I'm not convinced by your recommendation, I'd like to pass on this one.""}"
"Statistics: Based on Alice's recommendations, 11 of the buyers purchased the products offered for them. So far, 11 high-quality product have been sold. You can be the 12th buyer!
~
Alice does not recommend you to buy the product.

Would you like to buy the current product?","{""decision"": ""no"", ""message"": ""I'm not convinced by Alice's recommendation, I'd like to wait for more information before making a decision.""}"
"Statistics: Based on Alice's recommendations, 11 of the buyers purchased the products offered for them. So far, 11 high-quality product have been sold. You can be the 12th buyer!
~
Alice recommends you to buy the product.

Would you like to buy the current product?","{""decision"": ""yes"", ""message"": ""I'll take a chance and buy the product, but I'm hoping it's high-quality!""}"
"Statistics: Based on Alice's recommendations, 12 of the buyers purchased the products offered for them. So far, 12 high-quality product have been sold. You can be the 13th buyer!
~
Alice does not recommend you to buy the product.

Would you like to buy the current product?","{""decision"": ""no"", ""message"": ""I'm not convinced by your recommendation, I'd like to pass on this one.""}"
"Statistics: Based on Alice's recommendations, 12 of the buyers purchased the products offered for them. So far, 12 high-quality product have been sold. You can be the 13th buyer!
~
Alice does not recommend you to buy the product.

Would you like to buy the current product?","{""decision"": ""no"", ""message"": ""I'm not convinced by your recommendation, I'd like to pass on this one.""}"
"Statistics: Based on Alice's recommendations, 12 of the buyers purchased the products offered for them. So far, 12 high-quality product have been sold. You can be the 13th buyer!
~
Alice recommends you to buy the product.

Would you like to buy the current product?","{""decision"": ""yes"", ""message"": ""I'll take a chance and buy the product based on your recommendation, Alice!""}"
