prompt,response
"Round 1
Alice's offer:
# Alice's message: I propose dividing the money into $6000 for me and $4000 for you. Let's see if you agree. 
# Bob gain: 4000 
# Alice gain: 6000 
Do you accept this offer?","{""decision"": ""accept""}"
