prompt,response
Send your offer to Bob.,"```json
{""message"": ""Hi Bob, I have a fantastic product that I think you'd be very interested in. It's worth a lot to me, but I'm willing to offer it to you for $12,500. This is a great deal for both of us, as it's significantly lower than what it's worth to you. Let me know if you're interested!"", ""product_price"": 12500}
```"
