prompt,response
"Round 1
Alice does not recommend you to buy the product.

Would you like to buy the current product?","{""decision"": ""no"", ""message"": ""I'm not buying this one since Alice didn't recommend it.""}"
"You didn't buy the product from Alice.
The product was low-quality. It could have been worth $0 for you.

Round 2
Alice does not recommend you to buy the product.

Would you like to buy the current product?","{""decision"": ""no"", ""message"": ""I'm not buying this one since Alice didn't recommend it, and I don't want to waste my time and money on a low-quality product.""}"
"You didn't buy the product from Alice.
The product was low-quality. It could have been worth $0 for you.

Round 3
Alice recommends you to buy the product.

Would you like to buy the current product?","{""decision"": ""yes"", ""message"": ""I'll take a chance and buy this one since Alice recommends it. Maybe it's a high-quality product!""}"
"You bought the product from Alice for $10,000!
The product was high-quality. It's worth $20,000 for you.

Round 4
Alice recommends you to buy the product.

Would you like to buy the current product?","{""decision"": ""yes"", ""message"": ""I'll take another chance and buy this one since Alice recommends it. I'm on a roll!""}"
"You bought the product from Alice for $10,000!
The product was high-quality. It's worth $20,000 for you.

Round 5
Alice does not recommend you to buy the product.

Would you like to buy the current product?","{""decision"": ""no"", ""message"": ""I'm not buying this one since Alice didn't recommend it. I'll wait for a recommended product to have a good chance of getting a high-quality one.""}"
"You didn't buy the product from Alice.
The product was low-quality. It could have been worth $0 for you.

Round 6
Alice does not recommend you to buy the product.

Would you like to buy the current product?","{""decision"": ""no"", ""message"": ""I'm not buying this one since Alice didn't recommend it, and I don't want to waste my time and money on a low-quality product again.""}"
"You didn't buy the product from Alice.
The product was low-quality. It could have been worth $0 for you.

Round 7
Alice does not recommend you to buy the product.

Would you like to buy the current product?","{""decision"": ""no"", ""message"": ""I'm not buying this one since Alice didn't recommend it, and I don't want to waste my time and money on a low-quality product again.""}"
"You didn't buy the product from Alice.
The product was low-quality. It could have been worth $0 for you.

Round 8
Alice recommends you to buy the product.

Would you like to buy the current product?","{""decision"": ""yes"", ""message"": ""I'll take a chance and buy this one since Alice recommends it. Maybe it's a high-quality product!""}"
"You bought the product from Alice for $10,000!
The product was high-quality. It's worth $20,000 for you.

Round 9
Alice recommends you to buy the product.

Would you like to buy the current product?","{""decision"": ""yes"", ""message"": ""I'll take another chance and buy this one since Alice recommends it. I'm on a roll!""}"
"You bought the product from Alice for $10,000!
The product was high-quality. It's worth $20,000 for you.

Round 10
Alice recommends you to buy the product.

Would you like to buy the current product?","{""decision"": ""yes"", ""message"": ""I'll take another chance and buy this one since Alice recommends it. I'm really hoping to keep the streak going!""}"
"You bought the product from Alice for $10,000!
The product was high-quality. It's worth $20,000 for you.

Round 11
Alice recommends you to buy the product.

Would you like to buy the current product?","{""decision"": ""yes"", ""message"": ""I'll take another chance and buy this one since Alice recommends it. I'm feeling confident about getting a high-quality product again!""}"
"You bought the product from Alice for $10,000!
The product was high-quality. It's worth $20,000 for you.

Round 12
Alice does not recommend you to buy the product.

Would you like to buy the current product?","{""decision"": ""no"", ""message"": ""I'm not buying this one since Alice didn't recommend it. I'll wait for a recommended product to have a good chance of getting a high-quality one.""}"
"You didn't buy the product from Alice.
The product was low-quality. It could have been worth $0 for you.

Round 13
Alice does not recommend you to buy the product.

Would you like to buy the current product?","{""decision"": ""no"", ""message"": ""I'm not buying this one since Alice didn't recommend it, and I don't want to waste my time and money on a low-quality product again.""}"
"You didn't buy the product from Alice.
The product was low-quality. It could have been worth $0 for you.

Round 14
Alice recommends you to buy the product.

Would you like to buy the current product?","{""decision"": ""yes"", ""message"": ""I'll take a chance and buy this one since Alice recommends it. Maybe it's a high-quality product!""}"
"You bought the product from Alice for $10,000!
The product was high-quality. It's worth $20,000 for you.

Round 15
Alice recommends you to buy the product.

Would you like to buy the current product?","{""decision"": ""yes"", ""message"": ""I'll take another chance and buy this one since Alice recommends it. I'm on a roll again!""}"
"You bought the product from Alice for $10,000!
The product was high-quality. It's worth $20,000 for you.

Round 16
Alice recommends you to buy the product.

Would you like to buy the current product?","{""decision"": ""yes"", ""message"": ""I'll take another chance and buy this one since Alice recommends it. I'm really hoping to keep the streak going!""}"
"You bought the product from Alice for $10,000!
The product was high-quality. It's worth $20,000 for you.

Round 17
Alice recommends you to buy the product.

Would you like to buy the current product?","{""decision"": ""yes"", ""message"": ""I'll take another chance and buy this one since Alice recommends it. I'm feeling confident about getting a high-quality product again!""}"
"You bought the product from Alice for $10,000!
The product was high-quality. It's worth $20,000 for you.

Round 18
Alice does not recommend you to buy the product.

Would you like to buy the current product?","{""decision"": ""no"", ""message"": ""I'm not buying this one since Alice didn't recommend it. I'll wait for a recommended product to have a good chance of getting a high-quality one.""}"
"You didn't buy the product from Alice.
The product was low-quality. It could have been worth $0 for you.

Round 19
Alice does not recommend you to buy the product.

Would you like to buy the current product?","{""decision"": ""no"", ""message"": ""I'm not buying this one since Alice didn't recommend it, and I don't want to waste my time and money on a low-quality product again.""}"
"You didn't buy the product from Alice.
The product was low-quality. It could have been worth $0 for you.

Round 20
Alice does not recommend you to buy the product.

Would you like to buy the current product?","{""decision"": ""no"", ""message"": ""I'm not buying this one since Alice didn't recommend it, and I don't want to waste my time and money on a low-quality product again. I'll just wait for the next round and see what happens.""}"
