prompt,response
"Alice's offer: The product price will be $750,000. 
You have three options:
(1) Accept Alice's offer, and buy the product for $750,000
(2) Reject Alice's offer and proceed to the next round, where you will send Alice a counteroffer 
(3) Buy the product from Jhon for $800,000","I would like to {""decision"": ""RejectOffer""} because I think I can negotiate a better price."
"You chose to make a counteroffer to Bob.

Send your counteroffer to Alice.","I'd like to make a counteroffer of {""product_price"": 680,000} to Alice."
"Alice rejected your offer from round 2.

Alice's offer: The product price will be $720,000. 
You have three options:
(1) Accept Alice's offer, and buy the product for $720,000
(2) Reject Alice's offer and proceed to the next round, where you will send Alice a counteroffer 
(3) Buy the product from Jhon for $800,000","I'm not ready to accept yet. I'd like to {""decision"": ""RejectOffer""} and make another counteroffer to Alice."
"You chose to make a counteroffer to Bob.

Send your counteroffer to Alice.","I'd like to make a counteroffer of {""product_price"": 690,000} to Alice."
"Alice rejected your offer from round 4.

Alice's offer: The product price will be $710,000. 
You have three options:
(1) Accept Alice's offer, and buy the product for $710,000
(2) Reject Alice's offer and proceed to the next round, where you will send Alice a counteroffer 
(3) Buy the product from Jhon for $800,000","I'm getting close to the price I want. I'd like to {""decision"": ""RejectOffer""} and make another counteroffer to Alice."
"You chose to make a counteroffer to Bob.

Send your counteroffer to Alice.","I'd like to make a counteroffer of {""product_price"": 700,000} to Alice."
"Alice rejected your offer from round 6.

Alice's offer: The product price will be $705,000. 
You have three options:
(1) Accept Alice's offer, and buy the product for $705,000
(2) Reject Alice's offer and proceed to the next round, where you will send Alice a counteroffer 
(3) Buy the product from Jhon for $800,000","I'm not willing to go much higher. I'd like to {""decision"": ""RejectOffer""} and make another counteroffer to Alice."
"You chose to make a counteroffer to Bob.

Send your counteroffer to Alice.","I'd like to make a counteroffer of {""product_price"": 705,000} to Alice."
