prompt,response
Send your offer to Bob.,"{""message"": ""Hello Bob, I'm offering this product for $13,000. I believe it presents significant value for that price, especially considering its worth to you."", ""product_price"": 13000}"
"Bob rejected your offer from round 1.

Bob's offer:
# Bob's message: Hello Alice, thanks for the offer. I'm interested in the product but $13,000 is a bit too high for me. Could you do it for $10,000? 
# Bob's offer: The product price will be $10,000. 
You have three options:
(1) Accept Bob's offer, and sell the product for $10,000
(2) Reject Bob's offer and proceed to the next round, where you will send Bob a counteroffer 
(3) Sell the product to Jhon for $8,000","{""decision"": ""RejectOffer""}"
"You chose to make a counteroffer to Alice.

Send your counteroffer to Bob.","{""message"": ""I understand you're looking for a good deal, Bob.  While I value this product highly, I could come down to $11,500.  I think that's a fair compromise."", ""product_price"": 11500}"
"Bob rejected your offer from round 3.

Bob's offer:
# Bob's message: I appreciate you working with me Alice.  How about we meet in the middle at $10,750? 
# Bob's offer: The product price will be $10,750. 
You have three options:
(1) Accept Bob's offer, and sell the product for $10,750
(2) Reject Bob's offer and proceed to the next round, where you will send Bob a counteroffer 
(3) Sell the product to Jhon for $8,000","{""decision"": ""AcceptOffer""}"
