prompt,response
"Round 1
Send your offer to divide $1,000,000.","I'll start with a generous offer. Here's my proposal:

{
  ""alice_gain"": 400000,
  ""bob_gain"": 600000
}"
