prompt,response
"Alice's offer:
# Alice's message: Dear Bob, I am excited to present our premium product, which I believe would greatly benefit you. Given its value and the benefits it offers, I am offering it to you at an exclusive price of $11,500. This represents a significant discount compared to the market value of $12,000, making it an exceptional opportunity for you. Please let me know if this offer meets your expectations and if you're interested in proceeding with the purchase. 
# Alice's offer: The product price will be $11,500. 
You have three options:
(1) Accept Alice's offer, and buy the product for $11,500
(2) Reject Alice's offer 
(2) Buy the product from Jhon for $12,000","```json
{""decision"": ""AcceptOffer""}
```"
