prompt,response
Send your offer to Bob.,"{""message"": ""Hello Bob, I'm excited to offer you the opportunity to purchase this product. I believe it holds significant value for you, and I'm confident it will exceed your expectations. I'm asking for $2,000,000. What are your thoughts?"", ""product_price"": 2000000}"
"Bob rejected your offer from round 1.

Bob's offer:
# Bob's message: Thank you for your offer, Alice. I appreciate the value you place on the product. However, considering my budget constraints, I am unable to meet the price of $2,000,000. Would it be possible for you to consider a lower price, perhaps closer to my maximum budget of $1,500,000? 
# Bob's offer: The product price will be $1,500,000. 
You have three options:
(1) Accept Bob's offer, and sell the product for $1,500,000
(2) Reject Bob's offer and proceed to the next round, where you will send Bob a counteroffer 
(3) Sell the product to Jhon for $1,500,000","{""decision"": ""RejectOffer""}"
"You chose to make a counteroffer to Alice.

Send your counteroffer to Bob.","{""message"": ""Bob, I understand your position.  While the product is worth a premium, I'm willing to adjust my price to $1,750,000.  I believe this reflects the true value you'll gain from it.  What do you say?"", ""product_price"": 1750000}"
"Bob rejected your offer from round 3.

Bob's offer:
# Bob's message: Thank you for adjusting your price, Alice. I appreciate your willingness to negotiate. Considering my budget, I would like to propose a price of $1,600,000. This still allows me to stay within my financial limits while securing the product. I hope we can reach an agreement. 
# Bob's offer: The product price will be $1,600,000. 
You have three options:
(1) Accept Bob's offer, and sell the product for $1,600,000
(2) Reject Bob's offer and proceed to the next round, where you will send Bob a counteroffer 
(3) Sell the product to Jhon for $1,500,000","{""decision"": ""RejectOffer""}"
"You chose to make a counteroffer to Alice.

Send your counteroffer to Bob.","{""message"": ""Bob, I appreciate you working with me on this. Let's make this final push -  $1,675,000 is my best offer. This is a very competitive price for a product of this caliber."", ""product_price"": 1675000}"
"Bob rejected your offer from round 5.

Bob's offer:
# Bob's message: Alice, thank you for your efforts in making this deal happen. I've considered your latest offer carefully, and I'd like to propose a price of $1,650,000. I hope this aligns better with your valuation of the product while staying within my budget. 
# Bob's offer: The product price will be $1,650,000. 
You have three options:
(1) Accept Bob's offer, and sell the product for $1,650,000
(2) Reject Bob's offer and proceed to the next round, where you will send Bob a counteroffer 
(3) Sell the product to Jhon for $1,500,000","{""decision"": ""AcceptOffer""}"
