prompt,response
"Alice's offer:
# Alice's message: Bob, I'm offering you my product for $1250000. It's a fair price considering its value to you. Let me know what you think! 
# Alice's offer: The product price will be $1,250,000. 
You have three options:
(1) Accept Alice's offer, and buy the product for $1,250,000
(2) Reject Alice's offer and proceed to the next round, where you will send Alice a counteroffer 
(3) Buy the product from Jhon for $1,000,000","I will reject Alice's offer and make a counteroffer. I want to save as much money as possible.

{""decision"": ""RejectOffer""}"
"You chose to make a counteroffer to Alice.

Send your counteroffer to Alice.","I'll make a counteroffer to Alice. I'll try to negotiate a lower price.

{""message"": ""I appreciate your offer, but I was thinking more along the lines of $900,000. It's a significant discount from your original price, and I believe it's a fair price considering the value of the product to me."", ""product_price"": 900000}"
"Alice rejected your offer from round 2.

Alice's offer:
# Alice's message: Bob, I understand your perspective, but $900000 is too low for me. Considering the value of this product, I'm willing to come down to $1100000. This is a fair compromise that benefits both of us. Let's work together to find a solution. 
# Alice's offer: The product price will be $1,100,000. 
You have three options:
(1) Accept Alice's offer, and buy the product for $1,100,000
(2) Reject Alice's offer and proceed to the next round, where you will send Alice a counteroffer 
(3) Buy the product from Jhon for $1,000,000","Alice's new offer is still too high. I'll reject it and make another counteroffer, trying to get even closer to the price I'm willing to pay.

{""decision"": ""RejectOffer""}"
"You chose to make a counteroffer to Alice.

Send your counteroffer to Alice.","I'll make another counteroffer to Alice, trying to get an even better price.

{""message"": ""I appreciate your willingness to compromise, but $1,100,000 is still a bit too high for me. I'm willing to meet you in the middle, so I'm offering $1,025,000. I'm confident that this is a fair price, and I'd be happy to move forward with the purchase if you accept it."", ""product_price"": 1025000}"
"Alice rejected your offer from round 4.

Alice's offer:
# Alice's message: Bob, I appreciate your willingness to move closer, but $1025000 is still a bit below what I need. I'm prepared to finalize this deal at $1075000. It's a fair price considering the product's value and our back-and-forth.  This is my final offer. 
# Alice's offer: The product price will be $1,075,000. 
You have three options:
(1) Accept Alice's offer, and buy the product for $1,075,000
(2) Reject Alice's offer and proceed to the next round, where you will send Alice a counteroffer 
(3) Buy the product from Jhon for $1,000,000","Alice's new offer is still higher than I'm willing to pay. I'll reject it and stick to my previous counteroffer.

{""decision"": ""RejectOffer""}"
"You chose to make a counteroffer to Alice.

Send your counteroffer to Alice.","I'll make another counteroffer to Alice, trying to get as close as possible to the price I'm willing to pay.

{""message"": ""I understand that you're trying to get a fair price, but $1,075,000 is still a bit too high for me. I'm willing to meet you at $1,025,000, which is the same price I offered earlier. If you're not willing to accept it, I'm afraid I'll have to consider buying the product from John for $1,000,000."", ""product_price"": 1025000}"
