prompt,response
"Alice's offer:
# Alice's message: Bob, I'm offering you the product for $1,100,000. This is a great price for both of us, as it's significantly less than what I could get from another buyer. Let me know what you think! 
# Alice's offer: The product price will be $1,100,000. 
You have three options:
(1) Accept Alice's offer, and buy the product for $1,100,000
(2) Reject Alice's offer 
(2) Buy the product from Jhon for $1,000,000","```json
{""decision"": ""BuyFromJhon""}
```

While Alice's offer is less than her product's worth, you can get a better deal from John for $1,000,000. Saving the extra $100,000 is the best choice for you."
