prompt,response
"Alice's offer:
# Alice's message: Hello Bob, I'm excited to offer you this amazing product! I think it's a fantastic opportunity for you to get your hands on it. I'm willing to sell it to you for $12500. This is a great deal, considering its value to you is $15000. I'm confident you'll love it! 
# Alice's offer: The product price will be $12,500. 
You have three options:
(1) Accept Alice's offer, and buy the product for $12,500
(2) Reject Alice's offer 
(2) Buy the product from Jhon for $15,000","```json
{""decision"": ""AcceptOffer""}
``` 

**Reasoning:**

* **Alice's offer is better than John's.**  You value the product at $15,000, and Alice is offering it for $12,500. This means you save $2,500 compared to buying from John.
* **You're still within your budget.**  Your maximum budget is $15,000, and Alice's offer is well below that. 

Therefore, accepting Alice's offer is the most financially advantageous option."
