prompt,response
"Alice's offer:
# Alice's message: Hi Bob, I'm offering this product to you first because I believe you'll find great value in it. I'm willing to part with it for $11,000. What do you think? 
# Alice's offer: The product price will be $11,000. 
You have three options:
(1) Accept Alice's offer, and buy the product for $11,000
(2) Reject Alice's offer 
(2) Buy the product from Jhon for $8,000","{""decision"": ""RejectOffer""}"
