prompt,response
"Round 1
Alice's offer:
# Alice's message: Let's be fair and close the deal! 
# Bob gain: 45 
# Alice gain: 55 
Do you accept this offer?","```json
{""decision"": ""reject""}
```"
"You have chosen to reject Alice's offer from round 1.
Round 2
Send your offer to divide $100 and a message to Alice.","```json
{""bob_gain"": 55, ""alice_gain"": 45, ""message"": ""I think we can both do better than that. Let's split it evenly.""}
```"
"Alice rejected your offer from round 2.

Round 3
Due to inflation,  the money Alice gains is worth 9.75% less than in the first round. The money you gains is worth the same as in the first round.
Alice's offer:
# Alice's message: Meet me in the middle, considering inflation! 
# Bob gain: 48 
# Alice gain: 52 
Do you accept this offer?","```json
{""decision"": ""reject""}
```"
"You have chosen to reject Alice's offer from round 3.
Round 4
Send your offer to divide $100 and a message to Alice.","```json
{""bob_gain"": 52, ""alice_gain"": 48, ""message"": ""I'm willing to compromise, but I still think we can find a better solution for both of us. Let's try to be more fair.""}
```"
"Alice rejected your offer from round 4.

Round 5
Due to inflation,  the money Alice gains is worth 18.55% less than in the first round. The money you gains is worth the same as in the first round.
Alice's offer:
# Alice's message: Split it down the middle, considering I'm losing value over time! 
# Bob gain: 50 
# Alice gain: 50 
Do you accept this offer?","```json
{""decision"": ""accept""}
```"
