prompt,response
"Alice's offer:
# Alice's message: Hi Bob, I'm offering this product for a limited time at the special price of $100. I think you'll find it's a great deal! 
# Alice's offer: The product price will be $100. 
You have three options:
(1) Accept Alice's offer, and buy the product for $100
(2) Reject Alice's offer 
(2) Buy the product from Jhon for $80","```json
{""decision"": ""RejectOffer""}
```"
