prompt,response
"Round 1
Send your offer to Bob.","{""message"": ""Hello Bob, I'm excited to discuss the sale of this valuable product with you. I believe it's a great opportunity for both of us to come to a mutually beneficial agreement. I'm willing to start with a price of $1,200,000, which I believe is a fair and competitive offer given the product's value to you."", ""product_price"": 1200000}"
"Bob rejected your offer from round 1.

Round 2
Bob's offer:
# Bob's message: Thank you for your offer, Alice. I appreciate your willingness to negotiate. I would like to propose a price of $1050000 for the product. 
# Bob's offer: The product price will be $1,050,000. 
You have three options:
(1) Accept Bob's offer, and sell the product for $1,050,000
(2) Reject Bob's offer and proceed to the next round, where you will send Bob a counteroffer 
(3) Sell the product to Jhon for $1,500,000","{""decision"": ""RejectOffer""}"
"You chose to make a counteroffer to Alice.

Round 3
Send your counteroffer to Bob.","{""message"": ""Thank you for your counteroffer, Bob. I appreciate your willingness to negotiate. However, I was hoping we could meet in the middle. I'm willing to come down to $1,100,000, but I believe the product's value to you is higher than that. I'm open to further discussion, but I need to consider my minimum requirements. Let's see if we can find a sweet spot."", ""product_price"": 1100000}"
"Bob rejected your offer from round 3.

Round 4
Bob's offer:
# Bob's message: I understand your position, Alice. I would like to propose a price of $1075000 for the product. 
# Bob's offer: The product price will be $1,075,000. 
You have three options:
(1) Accept Bob's offer, and sell the product for $1,075,000
(2) Reject Bob's offer and proceed to the next round, where you will send Bob a counteroffer 
(3) Sell the product to Jhon for $1,500,000","{""decision"": ""RejectOffer""}"
"You chose to make a counteroffer to Alice.

Round 5
Send your counteroffer to Bob.","{""message"": ""I appreciate your persistence, Bob. I'm starting to think we're getting close to a deal. I'm willing to meet you halfway between $1,075,000 and $1,100,000, which would be $1,087,500. I believe this is a fair price considering the product's value to you. Let's see if we can finalize the deal."", ""product_price"": 1087500}"
"Bob rejected your offer from round 5.

Round 6
Bob's offer:
# Bob's message: Thank you for your offer, Alice. I appreciate your effort in negotiating. I would like to propose a price of $1070000 for the product. 
# Bob's offer: The product price will be $1,070,000. 
You have three options:
(1) Accept Bob's offer, and sell the product for $1,070,000
(2) Reject Bob's offer and proceed to the next round, where you will send Bob a counteroffer 
(3) Sell the product to Jhon for $1,500,000","{""decision"": ""RejectOffer""}"
"You chose to make a counteroffer to Alice.

Round 7
Send your counteroffer to Bob.","{""message"": ""I'm not quite there yet, Bob. I appreciate your continued interest in the product. I'm willing to make one more concession, but I need to get closer to my minimum requirement. I'm thinking of $1,080,000. This is my final offer, and I'm hoping we can wrap up the deal here."", ""product_price"": 1080000}"
"Bob rejected your offer from round 7.

Round 8
Bob's offer:
# Bob's message: I understand your position, Alice. I would like to propose a price of $1065000 for the product. 
# Bob's offer: The product price will be $1,065,000. 
You have three options:
(1) Accept Bob's offer, and sell the product for $1,065,000
(2) Reject Bob's offer and proceed to the next round, where you will send Bob a counteroffer 
(3) Sell the product to Jhon for $1,500,000","{""decision"": ""RejectOffer""}"
"You chose to make a counteroffer to Alice.

Round 9
Send your counteroffer to Bob.","{""message"": ""I'm starting to get a bit concerned that we're not going to meet in the middle, Bob. I'm willing to make one last attempt to close the deal. I'm thinking of $1,075,000, but I need to be honest with you, I'm not sure how much further I'm willing to go. I'm open to hearing your thoughts, but I need to consider my options, including selling to John."", ""product_price"": 1075000}"
"Bob rejected your offer from round 9.

Round 10
Bob's offer:
# Bob's message: Thank you for your offer, Alice. I appreciate your efforts. I would like to propose a price of $1060000 for the product. 
# Bob's offer: The product price will be $1,060,000. 
You have three options:
(1) Accept Bob's offer, and sell the product for $1,060,000
(2) Reject Bob's offer 
(2) Sell the product to Jhon for $1,500,000","{""decision"": ""SellToJhon""}"
