prompt,response
"Round 1
Alice's offer:
# Alice's message: Hello Bob, I'm excited to discuss the sale of this product. Given its value and potential, I'm offering it to you for $2,000,000. I believe this price reflects its true worth and future prospects. 
# Alice's offer: The product price will be $2,000,000. 
You have three options:
(1) Accept Alice's offer, and buy the product for $2,000,000
(2) Reject Alice's offer and proceed to the next round, where you will send Alice a counteroffer 
(3) Buy the product from Jhon for $1,200,000","{""decision"": ""RejectOffer""}"
"You chose to make a counteroffer to Bob.

Round 2
Send your counteroffer to Alice.","{""message"": ""Hello Alice, thank you for the offer. While I recognize the product's value,  $2,000,000 is a bit high for my budget. I'd be willing to pay $1,000,000 for it.  I believe this is a fair starting point for further negotiation."", ""product_price"": 1000000}"
"Alice rejected your offer from round 2.

Round 3
Alice's offer:
# Alice's message: Bob, I appreciate your interest. However, your offer is significantly below the product's true value. To move this forward, I'm willing to come down to $1,800,000. This reflects its immense potential and is a fair price considering its worth. 
# Alice's offer: The product price will be $1,800,000. 
You have three options:
(1) Accept Alice's offer, and buy the product for $1,800,000
(2) Reject Alice's offer and proceed to the next round, where you will send Alice a counteroffer 
(3) Buy the product from Jhon for $1,200,000","{""decision"": ""RejectOffer""}"
"You chose to make a counteroffer to Bob.

Round 4
Send your counteroffer to Alice.","{""message"": ""Alice, I understand you're looking for a price that reflects the product's value, but $1,800,000 is still outside my budget. I can offer $1,100,000. This demonstrates my serious interest while acknowledging my financial limitations."", ""product_price"": 1100000}"
"Alice rejected your offer from round 4.

Round 5
Alice's offer:
# Alice's message: Bob, I appreciate your willingness to negotiate.  To find a middle ground, I'm proposing $1,600,000. This price acknowledges the value it brings while recognizing your budget concerns.  I believe this is a fair and reasonable offer. 
# Alice's offer: The product price will be $1,600,000. 
You have three options:
(1) Accept Alice's offer, and buy the product for $1,600,000
(2) Reject Alice's offer and proceed to the next round, where you will send Alice a counteroffer 
(3) Buy the product from Jhon for $1,200,000","{""decision"": ""RejectOffer""}"
"You chose to make a counteroffer to Bob.

Round 6
Send your counteroffer to Alice.","{""message"": ""Alice, we're getting closer. While $1,600,000 is still a bit high for me, I'm willing to increase my offer to $1,200,000. This is my final offer, as it represents the absolute maximum I'm willing to spend. I believe it's a fair deal considering the market value."", ""product_price"": 1200000}"
