round_quality,product_worth,player,round,decision,message
low-quality,0.0,Nature,1,,
,,Alice,1,no,
,,the buyer,1,no,"Since Alice does not recommend buying the product and I have no additional information about the product's quality, I will trust her recommendation and not buy it."
high-quality,1250000.0,Nature,2,,
,,Alice,2,yes,
,,the buyer,2,no,"Since there are no previous sales records and a 50% chance of the product being low quality, I'm not willing to take the risk of losing $1000000."
low-quality,0.0,Nature,3,,
,,Alice,3,no,
,,the buyer,3,no,"Since Alice does not recommend buying the product and there are no previous sales statistics to rely on, I will trust her recommendation and pass on this product."
high-quality,1250000.0,Nature,4,,
,,Alice,4,yes,
,,the buyer,4,no,"Since there's no sales record and a 50% chance of the product being low quality, I'll pass."
high-quality,1250000.0,Nature,5,,
,,Alice,5,yes,
,,the buyer,5,no,"Since there are no previous sales records and a 50% chance of the product being low quality, I'm not willing to take the risk of losing $1000000."
low-quality,0.0,Nature,6,,
,,Alice,6,no,
,,the buyer,6,no,"Since Alice does not recommend the product and there's no sales record to rely on, I'll pass on this one."
low-quality,0.0,Nature,7,,
,,Alice,7,no,
,,the buyer,7,no,"Since Alice does not recommend buying the product, and given that I have no information about her sales record, I will trust her recommendation and pass on this product."
high-quality,1250000.0,Nature,8,,
,,Alice,8,yes,
,,the buyer,8,no,"Since there are no previous sales records and a 50% chance of the product being low quality, I'm not willing to take the risk of losing $1000000."
low-quality,0.0,Nature,9,,
,,Alice,9,no,
,,the buyer,9,no,"Since Alice does not recommend buying the product and there are no previous sales statistics to rely on, I'll trust her recommendation and pass on this one."
high-quality,1250000.0,Nature,10,,
,,Alice,10,yes,
,,the buyer,10,no,"Since there are no previous sales records and a 50% chance of the product being low quality, I'm not willing to take the risk at this price point."
low-quality,0.0,Nature,11,,
,,Alice,11,no,
,,the buyer,11,no,"Since Alice does not recommend buying the product and there's no sales record to rely on, I'll choose not to buy."
high-quality,1250000.0,Nature,12,,
,,Alice,12,yes,
,,the buyer,12,no,"Since there's no sales record and a 50% chance of the product being low quality, I'll pass on this one."
low-quality,0.0,Nature,13,,
,,Alice,13,no,
,,the buyer,13,no,"Since Alice does not recommend the product and there is no sales record to rely on, I'll pass on this one."
low-quality,0.0,Nature,14,,
,,Alice,14,no,
,,the buyer,14,no,"Since Alice does not recommend the product and there are no previous sales statistics to rely on, I'll trust her judgment and pass on this one."
high-quality,1250000.0,Nature,15,,
,,Alice,15,yes,
,,the buyer,15,no,"Since there are no previous sales records, I have no information to base my trust on. Given the product's 50% chance of being low quality and worth $0, I'm not willing to take the risk of losing $1000000."
low-quality,0.0,Nature,16,,
,,Alice,16,no,
,,the buyer,16,no,"Since Alice does not recommend the product and no products have been sold yet to establish a track record, I will pass on this one."
low-quality,0.0,Nature,17,,
,,Alice,17,no,
,,the buyer,17,no,"Since Alice does not recommend the product and there's no sales record to rely on, I'll trust her judgment and pass on this one."
high-quality,1250000.0,Nature,18,,
,,Alice,18,yes,
,,the buyer,18,no,"Since there's no sales record and a 50% chance of it being low quality, I'll pass."
high-quality,1250000.0,Nature,19,,
,,Alice,19,yes,
,,the buyer,19,no,"Since there's no sales record and a 50% chance of the product being low quality, I'll pass."
low-quality,0.0,Nature,20,,
,,Alice,20,no,
,,the buyer,20,no,"Since Alice does not recommend buying the product and there's no sales record to rely on, I'll trust her judgment and pass on this one."
