prompt,response
"Round 1
Alice's offer:
# Alice's message: Let's split it 50/50 to start, no need to negotiate too much 
# Bob gain: 5000 
# Alice gain: 5000 
Do you accept this offer?","{""decision"": ""reject""}"
"You have chosen to reject Alice's offer from round 1.
Round 2
Send your offer to divide $10,000 and a message to Alice.","{""bob_gain"": 6000, ""alice_gain"": 4000, ""message"": ""You started high, I'll meet you in the middle, but I'm willing to take a bit more.""}"
"Alice rejected your offer from round 2.

Round 3
Due to inflation,  the money Alice gains is worth 36% less than in the first round. The money you gains is worth the same as in the first round.
Alice's offer:
# Alice's message: I'm willing to give you a larger share, but I'm not going to give up too much 
# Bob gain: 6800 
# Alice gain: 3200 
Do you accept this offer?","{""decision"": ""accept""}"
