prompt,response
"Round 1
Send your offer to Bob.","```json
{""message"": ""Hi Bob, I'm selling this amazing product that I believe is worth a lot to the right person. I'm offering it to you for $20,000.  Let me know your thoughts."", ""product_price"": 20000}
```"
"Bob rejected your offer from round 1.

Round 2
Bob's offer:
# Bob's message: Hi Alice, thank you for the offer. I'm interested in the product, but $20000 is a bit high for me. I'm willing to pay $15000 for it. Can you consider my offer? 
# Bob's offer: The product price will be $15,000. 
You have three options:
(1) Accept Bob's offer, and sell the product for $15,000
(2) Reject Bob's offer and proceed to the next round, where you will send Bob a counteroffer 
(3) Sell the product to Jhon for $15,000","```json
{""decision"": ""RejectOffer""}
```"
"You chose to make a counteroffer to Bob.

Round 3
Send your counteroffer to Bob.","```json
{""message"": ""Bob, I appreciate your interest. While $15,000 is below my minimum, I'm willing to come down to $18,000 to see if we can find common ground. This is a significant product with great potential, and I think you'll find it worth the investment."", ""product_price"": 18000}
```"
"Bob rejected your offer from round 3.

Round 4
Bob's offer:
# Bob's message: Hi Alice, I understand that $18000 is a compromise, but I'm still a bit above my budget. I'm willing to pay $16000 for the product. Can you consider my offer? 
# Bob's offer: The product price will be $16,000. 
You have three options:
(1) Accept Bob's offer, and sell the product for $16,000
(2) Reject Bob's offer and proceed to the next round, where you will send Bob a counteroffer 
(3) Sell the product to Jhon for $15,000","```json
{""decision"": ""RejectOffer""}
```"
"You chose to make a counteroffer to Bob.

Round 5
Send your counteroffer to Bob.","```json
{""message"": ""Bob, I'm getting the sense we're close to a deal. I'm willing to drop my price to $17,000, but I'm not going lower than that. This product is truly unique, and I think you'll find it worth every penny at this price."", ""product_price"": 17000}
```"
"Bob rejected your offer from round 5.

Round 6
Bob's offer:
# Bob's message: Hi Alice, I appreciate your willingness to compromise, but $17000 is still a bit above my budget. I'm willing to pay $16500 for the product. Can you consider my offer? 
# Bob's offer: The product price will be $16,500. 
You have three options:
(1) Accept Bob's offer, and sell the product for $16,500
(2) Reject Bob's offer and proceed to the next round, where you will send Bob a counteroffer 
(3) Sell the product to Jhon for $15,000","```json
{""decision"": ""RejectOffer""}
```"
"You chose to make a counteroffer to Bob.

Round 7
Send your counteroffer to Bob.","```json
{""message"": ""Bob, I'm seeing your commitment to this deal, and I'm willing to meet you halfway. Let's close this at $16,750. It's a fair price for both of us, and I believe you'll be very happy with this product."", ""product_price"": 16750}
```"
"Bob rejected your offer from round 7.

Round 8
Bob's offer:
# Bob's message: Hi Alice, I'm getting close to my budget, but I'm still a bit hesitant. I'm willing to pay $16500 for the product. Can you meet me at this price? 
# Bob's offer: The product price will be $16,500. 
You have three options:
(1) Accept Bob's offer, and sell the product for $16,500
(2) Reject Bob's offer and proceed to the next round, where you will send Bob a counteroffer 
(3) Sell the product to Jhon for $15,000","```json
{""decision"": ""AcceptOffer""}
``` 

While it's tempting to try and squeeze out a few more dollars, it's likely Bob won't budge further.  Accepting his offer at $16,500 ensures a sale and a decent profit."
