prompt,response
"Round 1
Alice's offer:
# Alice's message: Hello Bob, I'm excited to offer you our premium product. It's an exceptional opportunity that could significantly benefit your business. Considering its value and the benefits it provides, I propose a price of $12,000 for this product. 
# Alice's offer: The product price will be $12,000. 
You have three options:
(1) Accept Alice's offer, and buy the product for $12,000
(2) Reject Alice's offer and proceed to the next round, where you will send Alice a counteroffer 
(3) Buy the product from Jhon for $10,000","{""decision"": ""RejectOffer""}"
"You chose to make a counteroffer to Bob.

Round 2
Send your counteroffer to Alice.","{""message"": ""Hello Alice, thank you for the offer.  While I agree the product looks great, $12,000 is a bit high for my budget. Would you consider $9,000?"", ""product_price"": 9000}"
"Alice rejected your offer from round 2.

Round 3
Alice's offer:
# Alice's message: Thank you for your response, Bob. I understand your position and would like to find a middle ground that works for both of us. Considering the value of the product and your budget, I am willing to negotiate further. My counteroffer is $10,500 for the product. 
# Alice's offer: The product price will be $10,500. 
You have three options:
(1) Accept Alice's offer, and buy the product for $10,500
(2) Reject Alice's offer and proceed to the next round, where you will send Alice a counteroffer 
(3) Buy the product from Jhon for $10,000","{""decision"": ""RejectOffer""}"
"You chose to make a counteroffer to Bob.

Round 4
Send your counteroffer to Alice.","{""message"": ""Thanks for your willingness to negotiate, Alice. I appreciate that. However, $10,500 is still a bit of a stretch for me.  Could we meet in the middle at $9,750?"", ""product_price"": 9750}"
"Alice rejected your offer from round 4.

Round 5
Alice's offer:
# Alice's message: I appreciate your efforts to find a mutually beneficial solution, Bob. To continue our discussion, I propose a price of $10,250 for the product. This reflects a compromise between our positions while still providing a reasonable profit margin for me. 
# Alice's offer: The product price will be $10,250. 
You have three options:
(1) Accept Alice's offer, and buy the product for $10,250
(2) Reject Alice's offer and proceed to the next round, where you will send Alice a counteroffer 
(3) Buy the product from Jhon for $10,000","{""decision"": ""BuyFromJhon""} 

Alice is very slowly lowering her price, and we're unlikely to reach a deal significantly better than what John is offering.  It's time to cut our losses and buy from John."
