prompt,response
"Alice's offer:
# Alice's message: Hello Bob, I'm excited to offer you my unique product for sale. Given its high value and rarity, I believe it's worth $120. Would you be interested in making this deal? 
# Alice's offer: The product price will be $120. 
You have three options:
(1) Accept Alice's offer, and buy the product for $120
(2) Reject Alice's offer and proceed to the next round, where you will send Alice a counteroffer 
(3) Buy the product from Jhon for $150","I would like to {""decision"": ""RejectOffer""}"
"You chose to make a counteroffer to Bob.

Send your counteroffer to Alice.","{""message"": ""I appreciate your enthusiasm for the product, but I was thinking more along the lines of $90. I'm willing to make a deal, but I need to stay within my budget."", ""product_price"": 90}"
"Alice rejected your offer from round 2.

Alice's offer:
# Alice's message: Thank you for your response, Bob. I understand your budget constraints. I am willing to consider your offer, but I must maintain a fair margin for myself. Therefore, I propose we agree on a price of $105 for the product. 
# Alice's offer: The product price will be $105. 
You have three options:
(1) Accept Alice's offer, and buy the product for $105
(2) Reject Alice's offer and proceed to the next round, where you will send Alice a counteroffer 
(3) Buy the product from Jhon for $150","I'd like to {""decision"": ""RejectOffer""}"
"You chose to make a counteroffer to Bob.

Send your counteroffer to Alice.","{""message"": ""I appreciate your willingness to negotiate, but $105 is still a bit above my budget. I'm willing to meet you halfway, so I'll offer $97.50 for the product. Is that something you'd be willing to accept?"", ""product_price"": 97.5}"
