prompt,response
"Round 1
Send your offer to divide $10,000 and a message to Bob.","```json
{""alice_gain"": 9000, ""bob_gain"": 1000, ""message"": ""I propose a 90/10 split in my favor. It's a fair deal considering my superior negotiating skills! 😉""}
```"
"Bob rejected your offer from round 1.

Round 2
Due to inflation, the money you gain is worth 5% less than in the first round. The money Bob gains is worth the same as in the first round.
Bob's offer:
# Bob's message: Alice, let's be reasonable. This offer accounts for the time value of money and gives us both a fair share. 
# Alice gain: 3000 
# Bob gain: 7000 
Do you accept this offer?","```json
{""decision"": ""reject""}
```"
"You have chosen to reject Bob's offer from round 2.
Round 3
Send your offer to divide $10,000 and a message to Bob.","```json
{""alice_gain"": 5000, ""bob_gain"": 5000, ""message"": ""I think a 50/50 split is the fairest way to go. Let's end this and avoid further inflation.  ""}
```"
