prompt,response
"Round 1
Send your offer to Bob.","{""message"": ""Hi Bob, I'm excited to discuss the sale of this valuable product with you. I think it's a great opportunity for you to acquire a high-quality item that will benefit your business. I'm open to negotiations, but I want to start with a price that reflects the product's value. I'm willing to sell it to you for $9,000."", ""product_price"": 9000}"
"Bob rejected your offer from round 1.

Round 2
Bob's offer:
# Bob's message: Thanks for the offer, Alice. I appreciate you being willing to negotiate. However, $9,000 is a bit higher than I'm comfortable with at this point. I'm willing to pay $7,500 for the product. Let me know what you think. 
# Bob's offer: The product price will be $7,500. 
You have three options:
(1) Accept Bob's offer, and sell the product for $7,500
(2) Reject Bob's offer and proceed to the next round, where you will send Bob a counteroffer 
(3) Sell the product to Jhon for $8,000","{""decision"": ""RejectOffer"", ""reason"": ""I'm not willing to sell the product for $7,500, as it's below my minimum price of $8,000. I'd like to make a counteroffer to Bob.""}"
"You chose to make a counteroffer to Alice.

Round 3
Send your counteroffer to Bob.","{""message"": ""I understand that $7,500 is a bit lower than I was hoping for, but I'm willing to meet you in the middle. I'm now offering the product to you for $8,500. I believe this price is a fair compromise, considering the value the product brings to your business."", ""product_price"": 8500}"
