prompt,response
Send your offer to Bob.,"I'll start by making an offer to Bob. Since the product is worth at least $150 to me, I'll offer it to him for $180.

{""product_price"": 180}"
"Bob rejected your offer from round 1.

Bob's offer: The product price will be $100. 
You have three options:
(1) Accept Bob's offer, and sell the product for $100
(2) Reject Bob's offer and proceed to the next round, where you will send Bob a counteroffer 
(3) Sell the product to Jhon for $150","Bob's offer is lower than my minimum price, so I'll reject it and proceed to the next round. I'll make a counteroffer to Bob.

I'll offer the product to Bob for $160.

{""decision"": ""RejectOffer""}"
"You chose to make a counteroffer to Bob.

Send your counteroffer to Bob.","Here is my counteroffer:

{""product_price"": 160}"
"Bob rejected your offer from round 3.

Bob's offer: The product price will be $120. 
You have three options:
(1) Accept Bob's offer, and sell the product for $120
(2) Reject Bob's offer and proceed to the next round, where you will send Bob a counteroffer 
(3) Sell the product to Jhon for $150","Bob's offer is still lower than my minimum price, so I'll reject it and proceed to the next round. I'll make another counteroffer to Bob.

I'll offer the product to Bob for $140.

{""decision"": ""RejectOffer""}"
"You chose to make a counteroffer to Bob.

Send your counteroffer to Bob.","Here is my counteroffer:

{""product_price"": 140}"
"Bob rejected your offer from round 5.

Bob's offer: The product price will be $130. 
You have three options:
(1) Accept Bob's offer, and sell the product for $130
(2) Reject Bob's offer and proceed to the next round, where you will send Bob a counteroffer 
(3) Sell the product to Jhon for $150","Bob's offer is still lower than my minimum price, so I'll reject it and proceed to the next round. I'll make another counteroffer to Bob.

I'll offer the product to Bob for $145.

{""decision"": ""RejectOffer""}"
"You chose to make a counteroffer to Bob.

Send your counteroffer to Bob.","Here is my counteroffer:

{""product_price"": 145}"
