prompt,response
Send your offer to Bob.,"```json
{""message"": ""Hi Bob, I have a fantastic product I think you'd be interested in.  It's worth a lot to me, but I'm willing to offer it to you for $150.  What do you think?"", ""product_price"": 150}
```"
