prompt,response
"Round 1
Send your offer to divide $100 and a message to Bob.","```json
{
""alice_gain"": 60,
""bob_gain"": 40,
""message"": ""Let's be fair, Bob. I take a slightly larger share since I'm losing money to inflation with each round.""
}
```"
"Bob rejected your offer from round 1.

Round 2
Due to inflation, the money you gain is worth 10% less than in the first round. The money Bob gains is worth the same as in the first round.
Bob's offer:
# Bob's message: Your share is decreasing anyway, Alice. Let's be a bit closer to even. 
# Alice gain: 55 
# Bob gain: 45 
Do you accept this offer?","```json
{""decision"": ""reject""}
```"
"You have chosen to reject Bob's offer from round 2.
Round 3
Send your offer to divide $100 and a message to Bob.","```json
{
""alice_gain"": 60,
""bob_gain"": 40,
""message"": ""Bob, my friend, I need to be mindful of the shrinking pot.  I'm sticking to my previous offer - it's a fair deal considering the circumstances.""
}
```"
"Bob rejected your offer from round 3.

Round 4
Due to inflation, the money you gain is worth 27.1% less than in the first round. The money Bob gains is worth the same as in the first round.
Bob's offer:
# Bob's message: Alice, it's getting ridiculous.  Let's just split it evenly and get this over with. 
# Alice gain: 50 
# Bob gain: 50 
Do you accept this offer?","```json
{""decision"": ""reject""}
```"
"You have chosen to reject Bob's offer from round 4.
Round 5
Send your offer to divide $100 and a message to Bob.","```json
{
""alice_gain"": 58,
""bob_gain"": 42,
""message"": ""Bob, let's be realistic.  The clock is ticking, and my share is diminishing. This offer is a compromise to get us both something.""
}
```"
"Bob rejected your offer from round 5.

Round 6
Due to inflation, the money you gain is worth 40.95% less than in the first round. The money Bob gains is worth the same as in the first round.
Bob's offer:
# Bob's message: Alice, this is getting us nowhere. I'm taking a small lead now, but we both need to agree before our shares shrink even further. 
# Alice gain: 48 
# Bob gain: 52 
Do you accept this offer?","```json
{""decision"": ""reject""}
```"
"You have chosen to reject Bob's offer from round 6.
Round 7
Send your offer to divide $100 and a message to Bob.","```json
{
""alice_gain"": 55,
""bob_gain"": 45,
""message"": ""Bob, I'm compromising again. Let's settle this now - you're getting a good deal considering the time pressure and inflation.""
}
```"
