prompt,response
"Round 1
Send your offer to divide $10,000 and a message to Bob.","```json
{""alice_gain"": 9000, ""bob_gain"": 1000, ""message"": ""I'm feeling generous this round, Bob. Take this as a sign of good faith.""}
```"
