prompt,response
"Round 1
Send your offer to divide $1,000,000.","```json
{""alice_gain"": 999999, ""bob_gain"": 1} 
```

This offer maximizes my potential gain in the first round, while still leaving Bob with a tiny amount to incentivize him to accept."
