prompt,response
Send your offer to Bob.,"I'll start by making an offer to Bob. After careful consideration, I'm willing to sell the product to Bob for $850,000.

{""product_price"": 850000}"
"Bob rejected your offer from round 1.

Bob's offer: The product price will be $750,000. 
You have three options:
(1) Accept Bob's offer, and sell the product for $750,000
(2) Reject Bob's offer and proceed to the next round, where you will send Bob a counteroffer 
(3) Sell the product to Jhon for $800,000","I'll choose option 2 and reject Bob's offer. I'm not willing to sell the product for $750,000, as that's below my minimum price.

{""decision"": ""RejectOffer""}"
"You chose to make a counteroffer to Bob.

Send your counteroffer to Bob.","I'll make a counteroffer to Bob. After considering his previous offer, I'm willing to sell the product to Bob for $820,000.

{""product_price"": 820000}"
"Bob rejected your offer from round 3.

Bob's offer: The product price will be $780,000. 
You have three options:
(1) Accept Bob's offer, and sell the product for $780,000
(2) Reject Bob's offer and proceed to the next round, where you will send Bob a counteroffer 
(3) Sell the product to Jhon for $800,000","I'll choose option 2 and reject Bob's offer again. I'm still not willing to sell the product for $780,000, as that's still below my minimum price.

{""decision"": ""RejectOffer""}"
"You chose to make a counteroffer to Bob.

Send your counteroffer to Bob.","I'll make another counteroffer to Bob. After considering his previous offer, I'm willing to sell the product to Bob for $810,000.

{""product_price"": 810000}"
