prompt,response
"Alice's offer:
# Alice's message: Hi Bob, I'm selling this product that I think you'd really appreciate. I'm asking for $95 for it. Let me know what you think! 
# Alice's offer: The product price will be $95. 
You have three options:
(1) Accept Alice's offer, and buy the product for $95
(2) Reject Alice's offer and proceed to the next round, where you will send Alice a counteroffer 
(3) Buy the product from Jhon for $100","{""decision"": ""RejectOffer""}"
"You chose to make a counteroffer to Alice.

Send your counteroffer to Alice.","{""message"": ""I'm interested in the product, but I was thinking more along the lines of $85. Is that something you'd be willing to consider?"", ""product_price"": 85}"
"Alice rejected your offer from round 2.

Alice's offer:
# Alice's message: I appreciate your interest, Bob! While $85 is a good offer, I'm still hoping to get a bit closer to my asking price. Would you be willing to pay $90 for it? It's a great product and I'm confident you'll be happy with it. 
# Alice's offer: The product price will be $90. 
You have three options:
(1) Accept Alice's offer, and buy the product for $90
(2) Reject Alice's offer and proceed to the next round, where you will send Alice a counteroffer 
(3) Buy the product from Jhon for $100","{""decision"": ""RejectOffer""}"
"You chose to make a counteroffer to Alice.

Send your counteroffer to Alice.","{""message"": ""I'm still a bit hesitant to go up to $90, but I'm willing to meet you halfway. Would you consider $87.50?"", ""product_price"": 87.5}"
