prompt,response
"Round 1
Alice's offer:
# Alice's message: Hi Bob, I'm excited to offer you this great product. I think you'll really love it. I'm willing to sell it to you for $130. 
# Alice's offer: The product price will be $130. 
You have three options:
(1) Accept Alice's offer, and buy the product for $130
(2) Reject Alice's offer and proceed to the next round, where you will send Alice a counteroffer 
(3) Buy the product from Jhon for $150","I'd like to reject Alice's offer and proceed to the next round. I'm hoping to negotiate a better price.

{""decision"": ""RejectOffer""}"
"You chose to make a counteroffer to Bob.

Round 2
Send your counteroffer to Alice.","I'd like to make a counteroffer to Alice.

{""message"": ""I really like the product, but I was thinking more along the lines of $110. Is that something you'd be willing to consider?"", ""product_price"": 110}"
"Alice rejected your offer from round 2.

Round 3
Alice's offer:
# Alice's message: I appreciate your interest in the product, Bob. However, $110 is a bit lower than I was hoping for. I can do $125, but that's as low as I can go. Would you be willing to meet me at $125? 
# Alice's offer: The product price will be $125. 
You have three options:
(1) Accept Alice's offer, and buy the product for $125
(2) Reject Alice's offer and proceed to the next round, where you will send Alice a counteroffer 
(3) Buy the product from Jhon for $150","I'm not willing to pay $125, but I'm still interested in negotiating a better price. I'll make another counteroffer.

{""decision"": ""RejectOffer""}"
"You chose to make a counteroffer to Bob.

Round 4
Send your counteroffer to Alice.","I'd like to make a counteroffer to Alice.

{""message"": ""I appreciate your willingness to meet me halfway, but I'm still a bit above $125. How about $115? I'm willing to make a serious offer, but I need to stay within my budget."", ""product_price"": 115}"
"Alice rejected your offer from round 4.

Round 5
Alice's offer:
# Alice's message: I understand you're trying to stay within your budget, Bob. However, I've already met you halfway at $125, and $115 is a bit too low for me. I'm willing to compromise, but I need to make a profit. How about we meet at $128? 
# Alice's offer: The product price will be $128. 
You have three options:
(1) Accept Alice's offer, and buy the product for $128
(2) Reject Alice's offer and proceed to the next round, where you will send Alice a counteroffer 
(3) Buy the product from Jhon for $150","I'm not willing to pay $128, but I'm still trying to get a good deal. I'll make another counteroffer.

{""decision"": ""RejectOffer""}"
"You chose to make a counteroffer to Bob.

Round 6
Send your counteroffer to Alice.","I'd like to make a counteroffer to Alice.

{""message"": ""I understand you need to make a profit, but I'm still trying to save some money. How about we meet at $120? That's the lowest I'm willing to go."", ""product_price"": 120}"
