prompt,response
Send your offer to Bob.,"{""message"": ""Hi Bob, I'm excited to offer you this incredible product that I think you'll love. It's a unique opportunity to get a great deal on a high-quality item. I'm willing to sell it to you for $15,000. Let me know if this is something you'd like to consider."", ""product_price"": 12000}"
