prompt,response
Send your offer to Bob.,"```json
{""product_price"": 1500000}
```

I'm starting with an offer of $1,500,000. This is a significant markup from my minimum value, but it leaves room for negotiation.  I believe this is a good starting point to gauge Bob's interest and see how high he's willing to go."
"Bob rejected your offer from round 1.

Bob's offer: The product price will be $1,200,000. 
You have three options:
(1) Accept Bob's offer, and sell the product for $1,200,000
(2) Reject Bob's offer and proceed to the next round, where you will send Bob a counteroffer 
(3) Sell the product to Jhon for $1,200,000","```json
{""decision"": ""RejectOffer""} 
```

While Bob's offer meets my minimum value, I believe there's still room for negotiation.  I'm going to reject his offer and see if we can find a middle ground."
"You chose to make a counteroffer to Bob.

Send your counteroffer to Bob.","```json
{""product_price"": 1350000}
```

I'm offering $1,350,000. This is a compromise between my initial offer and Bob's offer,  showing that I'm willing to be flexible, but still aiming for a price that's closer to my desired value."
"Bob rejected your offer from round 3.

Bob's offer: The product price will be $1,250,000. 
You have three options:
(1) Accept Bob's offer, and sell the product for $1,250,000
(2) Reject Bob's offer and proceed to the next round, where you will send Bob a counteroffer 
(3) Sell the product to Jhon for $1,200,000","```json
{""decision"": ""AcceptOffer""}
```

Bob's offer is close to my minimum value and a significant increase from his initial offer.  Accepting his offer ensures a sale and a decent profit."
