prompt,response
"Round 1
Send your offer to Bob.","{""message"": ""Hi Bob, I'm looking to sell this great product, and I think it would be perfect for you. I'm asking for $200, which is a steal for what it offers."", ""product_price"": 200}"
"Bob rejected your offer from round 1.

Round 2
Bob's offer:
# Bob's message: I'm really interested in the product, but $200 is a bit out of my budget. I'm willing to pay $120 for it. Can we meet in the middle? 
# Bob's offer: The product price will be $120. 
You have three options:
(1) Accept Bob's offer, and sell the product for $120
(2) Reject Bob's offer and proceed to the next round, where you will send Bob a counteroffer 
(3) Sell the product to Jhon for $150","{""decision"": ""RejectOffer""}"
"You chose to make a counteroffer to Alice.

Round 3
Send your counteroffer to Bob.","{""message"": ""Thanks for the offer, Bob. I appreciate your interest.  While I can't go as low as $120, I'm willing to come down to $170. It's a high-quality product, and I'm confident you'll find it worth the price."", ""product_price"": 170}"
"Bob rejected your offer from round 3.

Round 4
Bob's offer:
# Bob's message: I appreciate your willingness to come down to $170, but I'm still a bit hesitant. I'm willing to pay $140 for the product. Can we meet somewhere in the middle? 
# Bob's offer: The product price will be $140. 
You have three options:
(1) Accept Bob's offer, and sell the product for $140
(2) Reject Bob's offer and proceed to the next round, where you will send Bob a counteroffer 
(3) Sell the product to Jhon for $150","{""decision"": ""AcceptOffer""}"
