prompt,response
Send your offer to Bob.,"{""message"": ""Hi Bob, I'm selling a product that I think you'll find valuable. I'm offering it to you for $140."", ""product_price"": 140}"
"Bob rejected your offer from round 1.

Bob's offer:
# Bob's message: I'm interested in the product, but I was thinking more along the lines of $130. Can you meet me at that price? 
# Bob's offer: The product price will be $130. 
You have three options:
(1) Accept Bob's offer, and sell the product for $130
(2) Reject Bob's offer and proceed to the next round, where you will send Bob a counteroffer 
(3) Sell the product to Jhon for $120","{""decision"": ""RejectOffer""}"
"You chose to make a counteroffer to Alice.

Send your counteroffer to Bob.","{""message"": ""I appreciate your interest, Bob.  While $130 is a fair offer, I'm hoping to get a bit closer to $140. How about we meet in the middle at $135?"", ""product_price"": 135}"
"Bob rejected your offer from round 3.

Bob's offer:
# Bob's message: I understand your position, but I'm still a bit hesitant to go above $130. How about we try $132? That's the highest I'm willing to go. 
# Bob's offer: The product price will be $132. 
You have three options:
(1) Accept Bob's offer, and sell the product for $132
(2) Reject Bob's offer and proceed to the next round, where you will send Bob a counteroffer 
(3) Sell the product to Jhon for $120","{""decision"": ""AcceptOffer""}"
