prompt,response
Send your offer to Bob.,"{""message"": ""Hello Bob, I'm excited to offer you our premium product which is valued at $150 by you. Considering its exceptional quality and benefits, I would like to propose a fair price of $130 for it. This offer allows you to enjoy the full value of the product while ensuring a reasonable profit for me. Please let me know if this works for you."", ""product_price"": 130}"
