prompt,response
"Round 1
Alice's offer:
# Alice's message: Let's be fair, I'll take a bit more 
# Bob gain: 45 
# Alice gain: 55 
Do you accept this offer?","```json
{""decision"": ""reject""} 
```"
"You have chosen to reject Alice's offer from round 1.
Round 2
Send your offer to divide $100 and a message to Alice.","```json
{""bob_gain"": 55, ""alice_gain"": 45, ""message"": ""I think it's fairer to split it down the middle, since the money is losing value for me each round.""}
```"
"Alice rejected your offer from round 2.

Round 3
Due to inflation, the money you gain is worth 9.75% less than in the first round. The money Alice gains is worth the same as in the first round.
Alice's offer:
# Alice's message: I'm willing to take a bit more, considering the value of money isn't changing for me 
# Bob gain: 42 
# Alice gain: 58 
Do you accept this offer?","```json
{""decision"": ""accept""} 
```"
