prompt,response
Send your offer to Bob.,"{""message"": ""Hello Bob, I'm excited to offer you our premium product, which I believe would greatly benefit you. Given its value and quality, I propose a price of $110 for it. This offer is exclusive to you and represents an excellent opportunity to acquire something truly special. Please let me know if this works for you."", ""product_price"": 110}"
