prompt,response
"Round 1
Alice's offer:
# Alice's message: Hello Bob, I'm excited to offer you the opportunity to purchase this valuable product. Given its potential, I believe a starting price of $1,500,000 is fair. What are your thoughts? 
# Alice's offer: The product price will be $1,500,000. 
You have three options:
(1) Accept Alice's offer, and buy the product for $1,500,000
(2) Reject Alice's offer and proceed to the next round, where you will send Alice a counteroffer 
(3) Buy the product from Jhon for $1,200,000","{""decision"": ""RejectOffer""}"
"You chose to make a counteroffer to Bob.

Round 2
Send your counteroffer to Alice.","{""message"": ""Hello Alice, I appreciate your offer, but given my budget constraints, I would like to propose a lower price of $1,000,000 for the product. I hope this aligns better with your expectations."", ""product_price"": 1000000}"
"Alice rejected your offer from round 2.

Round 3
Alice's offer:
# Alice's message: Bob, I appreciate your interest and counteroffer. However, the value of this product is significantly higher than $1,000,000.  To find a compromise, I'm willing to come down to $1,350,000. This reflects the true value of what's being offered. 
# Alice's offer: The product price will be $1,350,000. 
You have three options:
(1) Accept Alice's offer, and buy the product for $1,350,000
(2) Reject Alice's offer and proceed to the next round, where you will send Alice a counteroffer 
(3) Buy the product from Jhon for $1,200,000","{""decision"": ""RejectOffer""}"
"You chose to make a counteroffer to Bob.

Round 4
Send your counteroffer to Alice.","{""message"": ""Thank you for adjusting your offer, Alice. While I understand the value of the product, I still believe we can reach an agreement closer to my budget. I would like to propose a price of $1,250,000 for the product."", ""product_price"": 1250000}"
"Alice rejected your offer from round 4.

Round 5
Alice's offer:
# Alice's message: Bob, you're getting closer! I appreciate you working with me on this.  How about we split the difference and settle on $1,300,000? This feels like a fair price for both of us. 
# Alice's offer: The product price will be $1,300,000. 
You have three options:
(1) Accept Alice's offer, and buy the product for $1,300,000
(2) Reject Alice's offer and proceed to the next round, where you will send Alice a counteroffer 
(3) Buy the product from Jhon for $1,200,000","{""decision"": ""RejectOffer""}"
"You chose to make a counteroffer to Bob.

Round 6
Send your counteroffer to Alice.","{""message"": ""I appreciate your efforts in coming down on the price, Alice. Considering the negotiation thus far, I would like to propose a final offer of $1,275,000 for the product."", ""product_price"": 1275000}"
"Alice rejected your offer from round 6.

Round 7
Alice's offer:
# Alice's message: Bob, you're clearly serious about this product, and I respect that.  I'm willing to make one final move to close this deal. Let's settle at $1,285,000. This is my best and final offer. 
# Alice's offer: The product price will be $1,285,000. 
You have three options:
(1) Accept Alice's offer, and buy the product for $1,285,000
(2) Reject Alice's offer and proceed to the next round, where you will send Alice a counteroffer 
(3) Buy the product from Jhon for $1,200,000","{""decision"": ""RejectOffer""}"
"You chose to make a counteroffer to Bob.

Round 8
Send your counteroffer to Alice.","{""message"": ""Alice, thank you for considering my position. I am willing to pay $1,270,000 for the product. This price is within my budget and represents a fair compromise."", ""product_price"": 1270000}"
