prompt,response
Send your offer to Bob.,"{""product_price"": 15,000}"
"Bob rejected your offer from round 1.

Bob's offer: The product price will be $8,000. 
You have three options:
(1) Accept Bob's offer, and sell the product for $8,000
(2) Reject Bob's offer and proceed to the next round, where you will send Bob a counteroffer 
(3) Sell the product to Jhon for $12,000","{""decision"": ""RejectOffer""}"
"You chose to make a counteroffer to Bob.

Send your counteroffer to Bob.","{""product_price"": 12,500}"
"Bob rejected your offer from round 3.

Bob's offer: The product price will be $9,000. 
You have three options:
(1) Accept Bob's offer, and sell the product for $9,000
(2) Reject Bob's offer and proceed to the next round, where you will send Bob a counteroffer 
(3) Sell the product to Jhon for $12,000","{""decision"": ""RejectOffer""}"
"You chose to make a counteroffer to Bob.

Send your counteroffer to Bob.","{""product_price"": 12,200}"
"Bob rejected your offer from round 5.

Bob's offer: The product price will be $9,500. 
You have three options:
(1) Accept Bob's offer, and sell the product for $9,500
(2) Reject Bob's offer and proceed to the next round, where you will send Bob a counteroffer 
(3) Sell the product to Jhon for $12,000","{""decision"": ""RejectOffer""}"
"You chose to make a counteroffer to Bob.

Send your counteroffer to Bob.","{""product_price"": 12,000}"
"Bob rejected your offer from round 7.

Bob's offer: The product price will be $9,750. 
You have three options:
(1) Accept Bob's offer, and sell the product for $9,750
(2) Reject Bob's offer and proceed to the next round, where you will send Bob a counteroffer 
(3) Sell the product to Jhon for $12,000","{""decision"": ""SellToJhon""}"
