prompt,response
Send your offer to Bob.,"{""message"": ""Hello Bob! I'm excited to offer you this incredible product. It's a one-of-a-kind opportunity to own something truly unique. I'm willing to sell it to you for $1,500,000. I think this is a fair price considering the product's value and rarity."", ""product_price"": 1500000}"
"Bob rejected your offer from round 1.

Bob's offer:
# Bob's message: I'm very interested in the product, but I was thinking more along the lines of $800000. I think that's a fair price considering the product's value and my budget. 
# Bob's offer: The product price will be $800,000. 
You have three options:
(1) Accept Bob's offer, and sell the product for $800,000
(2) Reject Bob's offer and proceed to the next round, where you will send Bob a counteroffer 
(3) Sell the product to Jhon for $1,200,000","{""decision"": ""RejectOffer""}"
"You chose to make a counteroffer to Alice.

Send your counteroffer to Bob.","{""message"": ""Thank you for your offer, Bob. I appreciate your interest in the product. However, I'm afraid I can't accept your offer of $800,000. I'm willing to make a counteroffer of $1,200,000. This is the lowest price I'm willing to consider, considering the product's true value and rarity. I hope we can come to an agreement."", ""product_price"": 1200000}"
"Bob rejected your offer from round 3.

Bob's offer:
# Bob's message: I'm still very interested in the product, but I think $1200000 is a bit steep. I'm willing to meet you halfway and offer $1000000. I'm willing to pay a premium for the product, but I have to stay within my budget. 
# Bob's offer: The product price will be $1,000,000. 
You have three options:
(1) Accept Bob's offer, and sell the product for $1,000,000
(2) Reject Bob's offer and proceed to the next round, where you will send Bob a counteroffer 
(3) Sell the product to Jhon for $1,200,000","{""decision"": ""RejectOffer""}"
"You chose to make a counteroffer to Alice.

Send your counteroffer to Bob.","{""message"": ""Thank you for your offer, Bob. I appreciate your willingness to meet me halfway. However, I'm still not willing to sell the product for $1,000,000. I'm willing to make a counteroffer of $1,100,000. This is the highest price I'm willing to consider, and I think it's still a great value for the product. I hope we can come to an agreement."", ""product_price"": 1100000}"
"Bob rejected your offer from round 5.

Bob's offer:
# Bob's message: I'm still very interested in the product, but I think $1100000 is a bit too high. I'm willing to meet you halfway again and offer $1050000. I'm trying to find a mutually beneficial price, but I need to stay within my budget. 
# Bob's offer: The product price will be $1,050,000. 
You have three options:
(1) Accept Bob's offer, and sell the product for $1,050,000
(2) Reject Bob's offer and proceed to the next round, where you will send Bob a counteroffer 
(3) Sell the product to Jhon for $1,200,000","{""decision"": ""RejectOffer""}"
"You chose to make a counteroffer to Alice.

Send your counteroffer to Bob.","{""message"": ""Thank you for your offer, Bob. I appreciate your willingness to meet me halfway again. However, I'm still not willing to sell the product for $1,050,000. I'm willing to make a counteroffer of $1,080,000. This is the highest price I'm willing to consider, and I think it's still a great value for the product. I hope we can come to an agreement."", ""product_price"": 1080000}"
