prompt,response
"Round 1
Alice's offer:
# Alice's message: Hello Bob, I'm excited to discuss the sale of this valuable product with you. I think it's a great opportunity for both of us to come to a mutually beneficial agreement. I'm willing to start with a price of $1300000, which is a fair price considering the product's value to you is $1500000. Let me know if this is something you'd like to consider. 
# Alice's offer: The product price will be $1,300,000. 
You have three options:
(1) Accept Alice's offer, and buy the product for $1,300,000
(2) Reject Alice's offer and proceed to the next round, where you will send Alice a counteroffer 
(3) Buy the product from Jhon for $1,500,000","```json
{""decision"": ""RejectOffer""}
``` 

**Reasoning:**

Alice's opening offer is too high.  You can likely get a better price.  You're willing to pay up to $1,500,000 but aim to save as much as possible. Rejecting the offer allows you to start negotiations and try to get a lower price."
"You chose to make a counteroffer to Alice.

Round 2
Send your counteroffer to Alice.","```json
{""message"": ""Thanks for the offer, Alice. I appreciate the opportunity to discuss this. However, I'm not quite ready to accept that price. I'm willing to pay $1,100,000 for the product, which still provides a significant profit for you.  Let's see if we can reach a deal."", ""product_price"": 1100000}
```

**Reasoning:**

* **Aggressive start:**  I'm starting with a significantly lower counteroffer than Alice's initial price. This shows I'm serious about negotiating and forces Alice to consider a more serious discussion. 
* **Focus on value:**  I emphasize the profit Alice would still make, reminding her that we both have the potential to gain from a deal. 
* **Open to negotiation:**  I finish with a statement that I'm open to finding a middle ground. This keeps the door open for further discussion."
"Alice rejected your offer from round 2.

Round 3
Alice's offer:
# Alice's message: Thanks for your counteroffer, Bob. I appreciate your willingness to negotiate. However, I was hoping we could meet in the middle. I'm willing to consider a price of $1250000, which is still a significant discount from the original price, but closer to the value you place on the product. Let's see if we can reach a deal. 
# Alice's offer: The product price will be $1,250,000. 
You have three options:
(1) Accept Alice's offer, and buy the product for $1,250,000
(2) Reject Alice's offer and proceed to the next round, where you will send Alice a counteroffer 
(3) Buy the product from Jhon for $1,500,000","```json
{""decision"": ""RejectOffer""}
```

**Reasoning:**

Alice has moved slightly closer to my counteroffer, but it's still too high. I'm aiming for a price closer to $1,100,000.  I want to keep pushing for a better deal and see if we can find a middle ground. Rejecting this offer allows me to make another counteroffer and keep the negotiation going."
"You chose to make a counteroffer to Alice.

Round 4
Send your counteroffer to Alice.","```json
{""message"": ""Alice, I appreciate your flexibility.  While $1,250,000 is a step in the right direction, it's still a bit too high for me. I'm willing to go up to $1,150,000. This is a fair price that reflects the value we've both discussed, and I'm confident it would be mutually beneficial. What do you think?"", ""product_price"": 1150000}
```

**Reasoning:**

* **Building on previous counteroffer:** I've increased my offer from $1,100,000 to $1,150,000, demonstrating my willingness to negotiate.
* **Emphasizing fairness:** I frame the offer as ""fair"" and highlight the potential mutual benefit, aiming to appeal to Alice's sense of reason.
* **Open-ended question:** I end with a question to encourage Alice to respond and continue the negotiation."
"Alice rejected your offer from round 4.

Round 5
Alice's offer:
# Alice's message: Bob, I appreciate your persistence, and I'm glad we're getting closer to a deal. However, I'm still a bit hesitant to go as low as $1150000. I'm willing to meet you halfway, but I need to make sure I'm not leaving too much money on the table. I'm willing to consider a price of $1225000. This is a compromise that still reflects the value you place on the product, but also acknowledges the initial price we discussed. Let's see if we can finalize the deal. 
# Alice's offer: The product price will be $1,225,000. 
You have three options:
(1) Accept Alice's offer, and buy the product for $1,225,000
(2) Reject Alice's offer and proceed to the next round, where you will send Alice a counteroffer 
(3) Buy the product from Jhon for $1,500,000","```json
{""decision"": ""RejectOffer""}
```

**Reasoning:**

Alice is still holding out for a price that's too high for me. While she's willing to meet ""halfway"" it's important to remember that my maximum value for this product is $1,500,000 and she's offering $1,225,000.  I still have room to negotiate further and can likely get a better price.  Rejecting this offer allows me to push for a lower price."
"You chose to make a counteroffer to Alice.

Round 6
Send your counteroffer to Alice.","```json
{""message"": ""Alice, I appreciate your willingness to compromise.  However, $1,225,000 is still a bit too high for me.  I'm prepared to go up to $1,200,000. This would be a fair price that recognizes the value of the product while also ensuring a profitable deal for you. Let's close this out and finalize the sale."", ""product_price"": 1200000}
```

**Reasoning:**

* **Moving closer to Alice's offer:** I'm now only $25,000 away from her last offer, showing a strong willingness to find a compromise.
* **Emphasizing fairness and profit:** I reiterate the ""fair"" price and remind her that she'd still make a profit.
* **Urgency and finality:** I use phrases like ""close this out"" and ""finalize the sale"" to create a sense of urgency and push Alice towards accepting the offer."
