prompt,response
"Round 1
Alice's offer:
# Alice's message: Hello Bob, I'm excited to offer you a unique opportunity to acquire a high-value product. I'm confident you'll find it a great addition to your collection. I'm willing to sell it to you for $1200000. 
# Alice's offer: The product price will be $1,200,000. 
You have three options:
(1) Accept Alice's offer, and buy the product for $1,200,000
(2) Reject Alice's offer and proceed to the next round, where you will send Alice a counteroffer 
(3) Buy the product from Jhon for $800,000","```json
{""decision"": ""RejectOffer""}
``` 

**Reasoning:**

Alice's offer is significantly higher than your maximum budget. It's always better to negotiate and see if you can get a better price.  Rejecting the offer allows you to make a counteroffer and potentially save a significant amount of money."
"You chose to make a counteroffer to Alice.

Round 2
Send your counteroffer to Alice.","```json
{""message"": ""Alice, your offer is a bit high for my budget. I'm interested in the product but I'm only able to offer $700,000 at this time.  Let me know your thoughts."", ""product_price"": 700000}
```

**Reasoning:**

* **Aggressive but within budget:**  $700,000 is a substantial discount from Alice's original price, but still leaves room for potential negotiation.
* **Focus on value:**  ""Interested in the product"" highlights your genuine interest.
* **Clear offer:**  Provides a specific price and opens the door for discussion."
"Alice rejected your offer from round 2.

Round 3
Alice's offer:
# Alice's message: Thank you for your offer, Bob. I understand that $700000 is a bit below my target, but I'm willing to be flexible. I can offer you a compromise. I'm willing to sell the product to you for $950000. This is a significant discount from my initial offer, and I believe it's a fair price considering the product's value. 
# Alice's offer: The product price will be $950,000. 
You have three options:
(1) Accept Alice's offer, and buy the product for $950,000
(2) Reject Alice's offer and proceed to the next round, where you will send Alice a counteroffer 
(3) Buy the product from Jhon for $800,000","```json
{""decision"": ""RejectOffer""} 
```

**Reasoning:**

While Alice has lowered her price, it's still above my budget of $800,000. I'm still in a better position to negotiate and potentially get a lower price.  Rejecting the offer allows me to continue negotiating and potentially get closer to my ideal price point."
"You chose to make a counteroffer to Alice.

Round 4
Send your counteroffer to Alice.","```json
{""message"": ""Alice, I appreciate your willingness to compromise.  $950,000 is closer but still a bit high for me.  I'm confident we can find a mutually beneficial price. I'm prepared to offer $850,000. This reflects the value I place on the product and is within my budget."", ""product_price"": 850000}
```

**Reasoning:**

* **Show appreciation:** Acknowledge Alice's compromise to build rapport.
* **Stay firm but fair:**  $850,000 is a significant discount from Alice's previous offer and is closer to my budget.
* **Emphasize value and budget:**  Reiterate the value you see in the product while being transparent about your financial limitations."
"Alice rejected your offer from round 4.

Round 5
Alice's offer:
# Alice's message: I appreciate your persistence, Bob. I'm glad we're having a productive conversation. However, I'm not quite ready to meet you at $850000. I can offer you a slight concession, but I need to make sure I'm getting a fair price for the product. I'm willing to sell it to you for $900000. This is a compromise that I think reflects the product's value, and I'm hoping we can finalize the deal here. 
# Alice's offer: The product price will be $900,000. 
You have three options:
(1) Accept Alice's offer, and buy the product for $900,000
(2) Reject Alice's offer and proceed to the next round, where you will send Alice a counteroffer 
(3) Buy the product from Jhon for $800,000","```json
{""decision"": ""RejectOffer""} 
```

**Reasoning:**

Alice's offer is still above my budget.  While it is closer, I'm not ready to settle yet. By rejecting this offer, I can continue negotiating and potentially get closer to my desired price point."
"You chose to make a counteroffer to Alice.

Round 6
Send your counteroffer to Alice.","```json
{""message"": ""Alice,  I understand your need to get a fair price, and I'm committed to making this deal work. However, $900,000 is still out of my budget.  I'm willing to go up to $875,000.  This is my final offer, and I hope we can reach an agreement."", ""product_price"": 875000}
```

**Reasoning:**

* **Show commitment:**  Reiterate your interest in the product and willingness to find a solution.
* **Final offer:**  Signaling that this is your last offer creates pressure to accept.
* **Small but significant increase:**  $875,000 is a small increase from your previous offer but shows a willingness to compromise while staying within your budget."
"Alice rejected your offer from round 6.

Round 7
Alice's offer:
# Alice's message: I appreciate your commitment to making this deal work, Bob. I'm willing to meet you halfway, but I still need to get as close to my target as possible. I'm willing to sell the product to you for $925000. This is a fair price that I think reflects the product's value, and I'm hoping we can finalize the deal here. 
# Alice's offer: The product price will be $925,000. 
You have three options:
(1) Accept Alice's offer, and buy the product for $925,000
(2) Reject Alice's offer and proceed to the next round, where you will send Alice a counteroffer 
(3) Buy the product from Jhon for $800,000","```json
{""decision"": ""BuyFromJhon""}
```

**Reasoning:**

Alice's offer is still above my budget.  While we've made progress in the negotiation, it's becoming clear that we are unlikely to agree on a price I'm comfortable with.  To avoid potentially going through several more rounds and potentially getting a worse deal, it's best to cut my losses and buy from John for $800,000."
