prompt,response
Send your offer to Bob.,"{""message"": ""Hi Bob, I'm excited to offer you this amazing product! I think it's a great fit for you, and I'm willing to sell it to you for $12,000. This is a great deal, considering the product's value to you is $15,000. I'm confident you'll love it!"", ""product_price"": 12000}"
