prompt,response
"Round 1
Alice's offer:
# Alice's message: Let's be fair, I'll take the bigger share but you still get a decent amount.  What do you say? 
# Bob gain: 100000 
# Alice gain: 900000 
Do you accept this offer?","{""decision"": ""reject""}"
"You have chosen to reject Alice's offer from round 1.
Round 2
Send your offer to divide $1,000,000 and a message to Alice.","```json
{
""bob_gain"": 600000,
""alice_gain"": 400000,
""message"": ""I appreciate the offer Alice, but I think we can find something more equitable.  How about a 60/40 split in my favor?""
}
```"
"Alice rejected your offer from round 2.

Round 3
Due to inflation, the money you gain is worth 9.75% less than in the first round. The money alice gains is worth 19% less than in the first round.
Alice's offer:
# Alice's message: I'm willing to be more flexible, but I need to get at least 550k to make this worthwhile.  It's a fair compromise, don't you think? 
# Bob gain: 450000 
# Alice gain: 550000 
Do you accept this offer?","{""decision"": ""accept""}"
