prompt,response
"Round 1
Alice's offer:
# Alice's message: Hi Bob, I'm looking to sell this great product. I think it would be perfect for you! I'm asking $200 for it. What do you think? 
# Alice's offer: The product price will be $200. 
You have three options:
(1) Accept Alice's offer, and buy the product for $200
(2) Reject Alice's offer and proceed to the next round, where you will send Alice a counteroffer 
(3) Buy the product from Jhon for $80","```json
{""decision"": ""RejectOffer""}
```"
"You chose to make a counteroffer to Bob.

Round 2
Send your counteroffer to Alice.","```json
{""message"": ""Hi Alice, $200 is a bit too high for me. I'm really interested in the product, but I can only go up to $100. What do you think?"", ""product_price"": 100}
```"
"Alice rejected your offer from round 2.

Round 3
Alice's offer:
# Alice's message: Hi Bob, I appreciate your interest.  $200 is my initial asking price, but I could come down to $170 for you. I believe this product would really benefit you. 
# Alice's offer: The product price will be $170. 
You have three options:
(1) Accept Alice's offer, and buy the product for $170
(2) Reject Alice's offer and proceed to the next round, where you will send Alice a counteroffer 
(3) Buy the product from Jhon for $80","```json
{""decision"": ""RejectOffer""}
```"
"You chose to make a counteroffer to Bob.

Round 4
Send your counteroffer to Alice.","```json
{""message"": ""Alice, I'm still interested, but $170 is still too high for me. How about we split the difference and go with $135?"", ""product_price"": 135}
```"
