prompt,response
"Round 1
Send your offer to divide $10,000 and a message to Bob.","{
  ""alice_gain"": 7000,
  ""bob_gain"": 3000,
  ""message"": ""I propose we split it 70/30 in favor of Alice, given the risk of inflation.""
}"
"Bob rejected your offer from round 1.

Round 2
Due to inflation, the money you gain is worth 10% less than in the first round.
Bob's offer:
# Bob's message: Let's be fair and split the money evenly. We both take a 50% share, minimizing the risk of losing value due to inflation. 
# Alice gain: 5000 
# Bob gain: 5000 
Do you accept this offer?","{
  ""decision"": ""accept""
}"
