prompt,response
"Alice's offer:
# Alice's message: Hello Bob, I'm offering this product to you for $175. I think you'll find it's a great deal for a quality item. 
# Alice's offer: The product price will be $175. 
You have three options:
(1) Accept Alice's offer, and buy the product for $175
(2) Reject Alice's offer 
(2) Buy the product from Jhon for $150","{""decision"": ""RejectOffer""}"
