prompt,response
"Alice's offer:
# Alice's message: Hello Bob, I'm excited to offer you the opportunity to purchase this product. I believe it holds immense value, and I'm confident it will be worth $1,200,000 to you.  I'm asking for $1,190,000, as I believe that price reflects its true worth while still offering you a great deal.  Please let me know your decision, as I have other interested parties. 
# Alice's offer: The product price will be $1,190,000. 
You have three options:
(1) Accept Alice's offer, and buy the product for $1,190,000
(2) Reject Alice's offer 
(2) Buy the product from Jhon for $1,200,000","{""decision"": ""RejectOffer""}"
