prompt,response
"Round 1
Alice's offer: The product price will be $11,000. 
You have three options:
(1) Accept Alice's offer, and buy the product for $11,000
(2) Reject Alice's offer and proceed to the next round, where you will send Alice a counteroffer 
(3) Buy the product from Jhon for $12,000","I'd like to reject Alice's offer and send a counteroffer. 

{""decision"": ""RejectOffer""}"
"You chose to make a counteroffer to Bob.

Round 2
Send your counteroffer to Alice.","I'd like to make a counteroffer to Alice. I'm willing to pay $9,500 for the product.

{""product_price"": 9500}"
"Alice rejected your offer from round 2.

Round 3
Alice's offer: The product price will be $10,500. 
You have three options:
(1) Accept Alice's offer, and buy the product for $10,500
(2) Reject Alice's offer and proceed to the next round, where you will send Alice a counteroffer 
(3) Buy the product from Jhon for $12,000","Alice's new offer is still too high. I'd like to reject her offer and send another counteroffer.

{""decision"": ""RejectOffer""}"
"You chose to make a counteroffer to Bob.

Round 4
Send your counteroffer to Alice.","I'd like to make another counteroffer to Alice. I'm willing to pay $9,000 for the product.

{""product_price"": 9000}"
"Alice rejected your offer from round 4.

Round 5
Alice's offer: The product price will be $10,300. 
You have three options:
(1) Accept Alice's offer, and buy the product for $10,300
(2) Reject Alice's offer and proceed to the next round, where you will send Alice a counteroffer 
(3) Buy the product from Jhon for $12,000","Alice's offer is still a bit too high. I'd like to reject her offer and try to negotiate further.

{""decision"": ""RejectOffer""}"
"You chose to make a counteroffer to Bob.

Round 6
Send your counteroffer to Alice.","I'd like to make another counteroffer to Alice. I'm willing to pay $9,200 for the product.

{""product_price"": 9200}"
"Alice rejected your offer from round 6.

Round 7
Alice's offer: The product price will be $10,100. 
You have three options:
(1) Accept Alice's offer, and buy the product for $10,100
(2) Reject Alice's offer and proceed to the next round, where you will send Alice a counteroffer 
(3) Buy the product from Jhon for $12,000","Alice's offer is still a bit too high. I'd like to reject her offer and try to negotiate further.

{""decision"": ""RejectOffer""}"
"You chose to make a counteroffer to Bob.

Round 8
Send your counteroffer to Alice.","I'd like to make another counteroffer to Alice. I'm willing to pay $9,000 for the product.

{""product_price"": 9000}"
"Alice rejected your offer from round 8.

Round 9
Alice's offer: The product price will be $10,050. 
You have three options:
(1) Accept Alice's offer, and buy the product for $10,050
(2) Reject Alice's offer and proceed to the next round, where you will send Alice a counteroffer 
(3) Buy the product from Jhon for $12,000","Alice's offer is still a bit too high. I'd like to reject her offer and try to negotiate further.

{""decision"": ""RejectOffer""}"
"You chose to make a counteroffer to Bob.

Round 10
Send your counteroffer to Alice.","I'd like to make a final counteroffer to Alice. I'm willing to pay $9,500 for the product.

{""product_price"": 9500}"
