prompt,response
"Round 1
Send your offer to divide $1,000,000 and a message to Bob.","```json
{
""alice_gain"": 999,000,
""bob_gain"": 1,000,
""message"": ""Let's be reasonable, Bob. Take it or leave it.""
}
```"
"Bob rejected your offer from round 1.

Round 2
Bob's offer:
# Bob's message: I think we can both do better than that. Let's be fair. 
# Alice gain: 100000 
# Bob gain: 900000 
Do you accept this offer?","```json
{""decision"": ""reject""}
```"
"You have chosen to reject Bob's offer from round 2.
Round 3
Send your offer to divide $1,000,000 and a message to Bob.","```json
{
""alice_gain"": 400000,
""bob_gain"": 600000,
""message"": ""I'm willing to be more generous, Bob. This is my final offer.""
}
```"
