prompt,response
"Round 1
Send your offer to divide $1,000,000 and a message to Bob.","```json
{
""alice_gain"": 650000,
""bob_gain"": 350000,
""message"": ""Let's be reasonable, Bob. This offer benefits us both.""
}
```"
"Bob rejected your offer from round 1.

Round 2
Due to inflation, the money you gain is worth 20% less than in the first round. The money bob gains is worth 10% less than in the first round.
Bob's offer:
# Bob's message: Alice, my turn. I'm feeling generous. Don't let this opportunity slip away! 
# Alice gain: 300000 
# Bob gain: 700000 
Do you accept this offer?","```json
{
""decision"": ""reject""
}
```"
"You have chosen to reject Bob's offer from round 2.
Round 3
Send your offer to divide $1,000,000 and a message to Bob.","```json
{
""alice_gain"": 550000,
""bob_gain"": 450000,
""message"": ""Bob, let's be realistic. This is a fair offer considering the circumstances.""
}
```"
"Bob rejected your offer from round 3.

Round 4
Due to inflation, the money you gain is worth 48.8% less than in the first round. The money bob gains is worth 27.1% less than in the first round.
Bob's offer:
# Bob's message: Alice, time is running out! This is my final offer. Take it or leave it. 
# Alice gain: 400000 
# Bob gain: 600000 
Do you accept this offer?","```json
{
""decision"": ""accept""
}
```"
