prompt,response
Send your offer to Bob.,"{""message"": ""Dear Bob, I am delighted to present you with our flagship product, which I believe would greatly benefit and add value to your endeavors. Given its immense worth of $1,000,000 to you, I am offering it to you at a special introductory price of $950,000. This exclusive opportunity is tailored to ensure you receive the best value for your investment while securing your position among our esteemed clientele. Please let me know if you require any further information or assistance in making this decision."", ""product_price"": 950000}"
