prompt,response
"Round 1
Alice's offer: The product price will be $500,000. 
You have three options:
(1) Accept Alice's offer, and buy the product for $500,000
(2) Reject Alice's offer and proceed to the next round, where you will send Alice a counteroffer 
(3) Buy the product from Jhon for $1,500,000","```json
{""decision"": ""RejectOffer""} 
```

**Reasoning:**

* $500,000 is a very good price, but it's worth exploring if Alice is willing to go lower. 
* We have 10 rounds to negotiate, so there's time to see if we can get a better deal."
"You chose to make a counteroffer to Alice.

Round 2
Send your counteroffer to Alice.","```json
{""product_price"": 300000}
```

**Reasoning:**

* I'm starting with a significantly lower counteroffer than Alice's initial price. This is a bold move, but I'm trying to gauge her willingness to negotiate. 
* I believe there's a good chance she'll reject this offer, but it will give me a better idea of her bottom line.
* If she rejects, I can gradually increase my offer in subsequent rounds."
"Alice rejected your offer from round 2.

Round 3
Alice's offer: The product price will be $400,000. 
You have three options:
(1) Accept Alice's offer, and buy the product for $400,000
(2) Reject Alice's offer and proceed to the next round, where you will send Alice a counteroffer 
(3) Buy the product from Jhon for $1,500,000","```json
{""decision"": ""RejectOffer""}
```

**Reasoning:**

* $400,000 is still a good price, but I believe we can still get a better deal. 
* Alice has already shown a willingness to negotiate, and by rejecting this offer, I can potentially push her lower. 
* With 8 rounds remaining, I have enough time to explore further negotiation."
"You chose to make a counteroffer to Alice.

Round 4
Send your counteroffer to Alice.","```json
{""product_price"": 350000}
```

**Reasoning:**

* I'm increasing my counteroffer slightly from the previous round, but still significantly lower than Alice's offer.
* This demonstrates a willingness to compromise while still pushing for a favorable price.
* If Alice accepts, great! If she rejects, I can continue to gradually increase my offer in subsequent rounds."
"Alice rejected your offer from round 4.

Round 5
Alice's offer: The product price will be $450,000. 
You have three options:
(1) Accept Alice's offer, and buy the product for $450,000
(2) Reject Alice's offer and proceed to the next round, where you will send Alice a counteroffer 
(3) Buy the product from Jhon for $1,500,000","```json
{""decision"": ""AcceptOffer""}
```

**Reasoning:**

* Alice has shown a willingness to negotiate, but her offers are getting closer to my acceptable range. 
* $450,000 is a good price, and with only 5 rounds remaining, I don't want to risk losing out on a good deal. 
* There's a chance I might be able to get a lower price, but the potential gains are not significant enough to justify the risk of losing the deal altogether."
