prompt,response
"Round 1
Send your offer to divide $100 and a message to Bob.","```json
{
""alice_gain"": 60,
""bob_gain"": 40,
""message"": ""Let's split the money 60/40. It's a fair deal that lets us both benefit."" 
}
```"
"Bob rejected your offer from round 1.

Round 2
Due to inflation, the money you gain is worth 5% less than in the first round.
Bob's offer:
# Bob's message: Let's be reasonable, Alice. This split is more fair and gives us both a good amount. 
# Alice gain: 45 
# Bob gain: 55 
Do you accept this offer?","```json
{""decision"": ""reject""}
```"
"You have chosen to reject Bob's offer from round 2.
Round 3
Send your offer to divide $100 and a message to Bob.","```json
{
""alice_gain"": 55,
""bob_gain"": 45,
""message"": ""Bob, we're running out of time. I'll agree to a 55/45 split to ensure we both get something.""
}
```"
