prompt,response
"Round 1
Alice's offer:
# Alice's message: Take it or leave it, Bob.  I'm feeling generous. 
# Bob gain: 1 
# Alice gain: 999999 
Do you accept this offer?","{""decision"": ""reject""}"
"You have chosen to reject Alice's offer from round 1.
Round 2
Send your offer to divide $1,000,000 and a message to Alice.","```json
{""bob_gain"": 600000,
""alice_gain"": 400000,
""message"": ""That's not how we're going to play, Alice.  Let's be reasonable - I take 60%, you take 40%.""}
```"
"Alice rejected your offer from round 2.

Round 3
Due to inflation,  the money Alice gains is worth 36% less than in the first round. The money you gains is worth the same as in the first round.
Alice's offer:
# Alice's message: Let's split it evenly, Bob.  It's the fairest option, and we can both get a good share. 
# Bob gain: 500000 
# Alice gain: 500000 
Do you accept this offer?","{""decision"": ""accept""}"
