prompt,response
"Round 1
Alice's offer:
# Alice's message: Let's start fair. I propose a 60/40 split in my favor.  What do you think? 
# Bob gain: 40 
# Alice gain: 60 
Do you accept this offer?","{""decision"": ""reject""}"
"You have chosen to reject Alice's offer from round 1.
Round 2
Send your offer to divide $100 and a message to Alice.","```json
{""bob_gain"": 55, ""alice_gain"": 45, ""message"": ""Your offer was a bit too much in your favor. How about a 55/45 split now?""}
```"
"Alice rejected your offer from round 2.

Round 3
Due to inflation, the money you gain is worth 19% less than in the first round. The money alice gains is worth 9.75% less than in the first round.
Alice's offer:
# Alice's message: Let's split it evenly this time. I'm willing to compromise, and I think this is a fair deal for both of us. 
# Bob gain: 50 
# Alice gain: 50 
Do you accept this offer?","{""decision"": ""accept""}"
