prompt,response
Send your offer to Bob.,"{""message"": ""I'm excited to offer you this incredible opportunity to purchase a unique product. I believe it's a great fit for you, and I'm confident you'll love it. I'm willing to offer it to you for $1,400,000."", ""product_price"": 1400000}"
