prompt,response
Send your offer to Bob.,"{""message"": ""Hello Bob, I'm offering you the exclusive opportunity to purchase this product. Given its value and potential, I'm proposing a price of $1,100,000. This is a fantastic deal considering its worth to you.  Let me know your thoughts."", ""product_price"": 1100000}"
