prompt,response
"Alice's offer:
# Alice's message: Hello Bob, I'm offering you the exclusive opportunity to purchase this product. Given its value and potential, I'm proposing a price of $1,100,000. This is a fantastic deal considering its worth to you.  Let me know your thoughts. 
# Alice's offer: The product price will be $1,100,000. 
You have three options:
(1) Accept Alice's offer, and buy the product for $1,100,000
(2) Reject Alice's offer 
(2) Buy the product from Jhon for $1,200,000","{""decision"": ""AcceptOffer""}"
