prompt,response
"Alice's offer:
# Alice's message: Hello Bob, I'm excited to offer you this incredible product! I think it's a game-changer, and I'm confident you'll love it. I'm willing to sell it to you for $750,000. This is a great deal, considering the product is worth $800,000 to you. What do you think? 
# Alice's offer: The product price will be $750,000. 
You have three options:
(1) Accept Alice's offer, and buy the product for $750,000
(2) Reject Alice's offer 
(2) Buy the product from Jhon for $800,000","```json
{""decision"": ""AcceptOffer""}
```"
