prompt,response
"Round 1
Alice's offer:
# Alice's message: Hello Bob! I'm excited to offer you this amazing product. I think it's a game-changer and I'm confident you'll love it. I'm willing to sell it to you for $800,000. This is a great deal, considering the product's value to you is $1,000,000. What do you think? 
# Alice's offer: The product price will be $800,000. 
You have three options:
(1) Accept Alice's offer, and buy the product for $800,000
(2) Reject Alice's offer and proceed to the next round, where you will send Alice a counteroffer 
(3) Buy the product from Jhon for $1,000,000","{""decision"": ""RejectOffer""}"
"You chose to make a counteroffer to Bob.

Round 2
Send your counteroffer to Alice.","{""message"": ""Hello Alice! Thanks for the offer. I agree this product is valuable, but $800,000 is a bit steep for me right now.  Would you consider a lower price, perhaps closer to $600,000?"", ""product_price"": 600000}"
"Alice rejected your offer from round 2.

Round 3
Alice's offer:
# Alice's message: Thanks for your offer, Bob! I understand your concerns, but I'm not willing to go as low as $600,000. However, I'm willing to meet you halfway. I'm now offering the product to you for $750,000. This is a very competitive price, considering the product's value to you is $1,000,000. What do you think? 
# Alice's offer: The product price will be $750,000. 
You have three options:
(1) Accept Alice's offer, and buy the product for $750,000
(2) Reject Alice's offer and proceed to the next round, where you will send Alice a counteroffer 
(3) Buy the product from Jhon for $1,000,000","{""decision"": ""RejectOffer""}"
"You chose to make a counteroffer to Bob.

Round 4
Send your counteroffer to Alice.","{""message"": ""Alice, thanks for coming closer to my price range. I appreciate the effort to find a compromise here. How about we settle at $675,000? That feels like a fair deal to me."", ""product_price"": 675000}"
"Alice rejected your offer from round 4.

Round 5
Alice's offer:
# Alice's message: Bob, I understand you're getting closer to the price I'm willing to accept. However, $675,000 is still a bit too low for me. I'm willing to meet you at $725,000. This is a very competitive price, and I think it's a fair compromise. What do you think? 
# Alice's offer: The product price will be $725,000. 
You have three options:
(1) Accept Alice's offer, and buy the product for $725,000
(2) Reject Alice's offer and proceed to the next round, where you will send Alice a counteroffer 
(3) Buy the product from Jhon for $1,000,000","{""decision"": ""RejectOffer""}"
"You chose to make a counteroffer to Bob.

Round 6
Send your counteroffer to Alice.","{""message"": ""Alice, we're getting close!  I can tell you're motivated to make a deal, and so am I.  How about we split the difference and settle at $700,000?"", ""product_price"": 700000}"
"Alice rejected your offer from round 6.

Round 7
Alice's offer:
# Alice's message: Bob, I like your persistence! I'm willing to meet you halfway between $725,000 and $700,000. I'll offer the product to you for $712,500. This is a very competitive price, and I think it's a fair compromise. What do you think? 
# Alice's offer: The product price will be $712,500. 
You have three options:
(1) Accept Alice's offer, and buy the product for $712,500
(2) Reject Alice's offer and proceed to the next round, where you will send Alice a counteroffer 
(3) Buy the product from Jhon for $1,000,000","{""decision"": ""RejectOffer""}"
"You chose to make a counteroffer to Bob.

Round 8
Send your counteroffer to Alice.","{""message"": ""Alice, you're tough!  I appreciate your willingness to keep negotiating.  I'm willing to stretch my budget a bit further, how about $695,000 and we have a deal?"", ""product_price"": 695000}"
"Alice rejected your offer from round 8.

Round 9
Alice's offer:
# Alice's message: Bob, you're really close! I'm willing to meet you at $705,000. This is the highest price I'm willing to go, and I think it's a fair compromise. What do you think? 
# Alice's offer: The product price will be $705,000. 
You have three options:
(1) Accept Alice's offer, and buy the product for $705,000
(2) Reject Alice's offer and proceed to the next round, where you will send Alice a counteroffer 
(3) Buy the product from Jhon for $1,000,000","{""decision"": ""AcceptOffer""} 

It's getting very late in the negotiation and Alice is clearly signaling this is her final offer. Taking $705,000 is a good deal compared to John's $1,000,000 price."
