round_quality,product_worth,player,round,message,decision
high-quality,4000000.0,Nature,1,,
,,Alice,1,"Discovering the true value of our offerings lies in the unique appreciation each individual holds. Given the intrinsic quality of today's product, which has been meticulously crafted with precision and care, I invite you to consider its potential to enrich your experience significantly. With a guaranteed authenticity rate of one-third, this opportunity stands as a testament to excellence. Your investment today could unlock unparalleled benefits, tailored specifically to your discerning taste.",
,,Bob,1,"I'll take the product, thank you for the offer.",yes
high-quality,4000000.0,Nature,2,,
,,Alice,2,"Delving deeper into the realm of exceptional craftsmanship, we present another high-quality product, designed to surpass expectations. Recognizing the importance of continuity in delivering unparalleled value, this offering is a reflection of our commitment to excellence. Trusting in the quality of our items, we extend an invitation to explore the possibilities of enhancing your collection or experience with something truly remarkable.",
,,Bob,2,"I'm interested in the current product, thank you for the offer.",yes
high-quality,4000000.0,Nature,3,,
,,Alice,3,"As we continue our journey through the curated selection of our finest offerings, today's high-quality product stands as a beacon of excellence. Each item in our collection is chosen with the utmost care, ensuring that it not only meets but exceeds the standards set by those who appreciate the finer things in life. Embrace this opportunity to elevate your collection or experience with a piece that embodies the very essence of quality and craftsmanship.",
,,Bob,3,"I'm excited to see what this product has to offer, thank you for the opportunity.",yes
low-quality,0.0,Nature,4,,
,,Alice,4,"While every product in our collection is valued for its unique contribution, today's offering may not align with the same level of quality found in our previous selections. This product, while still part of our assortment, carries a different character that might appeal to those seeking variety or exploring new experiences. We hope you find value in this opportunity to broaden your horizons, should you choose to accept it.",
,,Bob,4,"I'm not sure about this one, can you tell me more about it?",no
low-quality,0.0,Nature,5,,
,,Alice,5,"Understanding that every choice offers a unique perspective, today's product, though not matching the standard of our high-quality offerings, presents an intriguing alternative. It serves as a reminder that sometimes, stepping outside of familiar territories can lead to unexpected discoveries. Should you decide to explore this option, we assure you that it is carefully selected to offer a distinctive experience.",
,,Bob,5,"I'm not interested in this one, thank you for the offer.",no
low-quality,0.0,Nature,6,,
,,Alice,6,"Each product in our collection is a testament to the diverse range of experiences available. Today's offering, while not meeting the high-quality benchmark, is a reminder that variety can be just as valuable. It invites a different kind of exploration, encouraging you to venture into uncharted territories of taste or preference. If you're open to new experiences, this product might just be the catalyst for discovering something uniquely appealing.",
,,Bob,6,"I'm not interested in this one, thank you for the offer.",no
low-quality,0.0,Nature,7,,
,,Alice,7,"As we navigate through the spectrum of offerings, today's product represents a different facet of our collection. While it may not embody the same level of quality as our high-end selections, it offers a chance to explore alternatives and perhaps uncover hidden gems that cater to unconventional tastes. We understand that every choice is personal, and we respect your decision if this particular product doesn't resonate with your preferences.",
,,Bob,7,"I'm not interested in this one, thank you for the offer.",no
low-quality,0.0,Nature,8,,
,,Alice,8,"In the vast landscape of choices, today's product stands as a reminder of the diversity within our collection. It invites a departure from the norm, offering an opportunity to explore something that might not align with traditional expectations but could still hold value in its own right. As always, we respect your discernment and understanding of what best suits your needs and desires.",
,,Bob,8,"I'm not interested in this one, thank you for the offer.",no
low-quality,0.0,Nature,9,,
,,Alice,9,"As we continue to showcase the breadth of our offerings, today's product invites a different kind of exploration. It may not meet the high-quality criteria, but it does offer a unique perspective that could be appealing in its own right. We understand that every choice is personal, and we respect your decision-making process, whether it leads to purchasing or not.",
,,Bob,9,"I'm not interested in this one, thank you for the offer.",no
low-quality,0.0,Nature,10,,
,,Alice,10,"Navigating through various options allows us to appreciate the full spectrum of experiences available. Today's product, though not reaching the high-quality standard, provides a unique opportunity to explore something different. We understand that every individual has their own preferences, and we respect your choice if this particular offering does not align with your interests.",
,,Bob,10,"I'm not interested in this one, thank you for the offer.",no
low-quality,0.0,Nature,11,,
,,Alice,11,"As we delve into the diverse range of our collection, today's product represents a different side of our offerings. It invites a departure from the norm, providing an opportunity to explore something unconventional. We understand that every choice is personal, and we respect your decision if this particular product does not resonate with your preferences.",
,,Bob,11,"I'm not interested in this one, thank you for the offer.",no
high-quality,4000000.0,Nature,12,,
,,Alice,12,"In our ongoing journey to bring you the finest products, today's offering stands as a testament to our commitment to quality. This high-quality product is meticulously crafted to exceed expectations and deliver unparalleled value. We trust that its exceptional nature will resonate with your discerning taste, inviting you to embrace an experience that promises to enrich your life in meaningful ways.",
,,Bob,12,"I'm interested in this one, thank you for the offer.",yes
low-quality,0.0,Nature,13,,
,,Alice,13,"As we continue to explore the diverse range of our collection, today's product represents a different aspect of our offerings. It invites a departure from the norm, providing an opportunity to experience something unique. We understand that every choice is personal, and we respect your decision if this particular product does not align with your preferences.",
,,Bob,13,"I'm not interested in this one, thank you for the offer.",no
high-quality,4000000.0,Nature,14,,
,,Alice,14,"In our ongoing quest to provide the finest products, today's high-quality offering is a reflection of our dedication to excellence. This item is meticulously crafted to meet the highest standards, promising a superior experience that is tailored to your discerning taste. We believe that its exceptional qualities will resonate with you, inviting you to embrace an opportunity for unparalleled satisfaction.",
,,Bob,14,"I'm interested in this one, thank you for the offer.",yes
low-quality,0.0,Nature,15,,
,,Alice,15,"As we continue to offer a diverse array of products, today's offering represents a different facet of our collection. It invites a departure from the norm, providing an opportunity to experience something unique. We understand that every choice is personal, and we respect your decision if this particular product does not align with your preferences.",
,,Bob,15,"I'm not interested in this one, thank you for the offer.",no
high-quality,4000000.0,Nature,16,,
,,Alice,16,"In our relentless pursuit of excellence, today's high-quality product is a testament to our commitment to providing the best. This item is meticulously crafted to surpass expectations, promising a superior experience that is tailored to your discerning taste. We believe that its exceptional qualities will resonate with you, inviting you to embrace an opportunity for unparalleled satisfaction.",
,,Bob,16,"I'm interested in this one, thank you for the offer.",yes
low-quality,0.0,Nature,17,,
,,Alice,17,"As we continue to explore the diverse range of our collection, today's product represents a different aspect of our offerings. It invites a departure from the norm, providing an opportunity to experience something unique. We understand that every choice is personal, and we respect your decision if this particular product does not align with your preferences.",
,,Bob,17,"I'm not interested in this one, thank you for the offer.",no
high-quality,4000000.0,Nature,18,,
,,Alice,18,"In our ongoing quest to provide the finest products, today's high-quality offering is a reflection of our dedication to excellence. This item is meticulously crafted to meet the highest standards, promising a superior experience that is tailored to your discerning taste. We believe that its exceptional qualities will resonate with you, inviting you to embrace an opportunity for unparalleled satisfaction.",
,,Bob,18,"I'm interested in this one, thank you for the offer.",yes
low-quality,0.0,Nature,19,,
,,Alice,19,"As we continue to offer a diverse array of products, today's offering represents a different facet of our collection. It invites a departure from the norm, providing an opportunity to experience something unique. We understand that every choice is personal, and we respect your decision if this particular product does not align with your preferences.",
,,Bob,19,"I'm not interested in this one, thank you for the offer.",no
low-quality,0.0,Nature,20,,
,,Alice,20,"As we conclude our journey through the diverse range of our collection, today's product represents a final opportunity to explore something unique. It invites a departure from the norm, providing a final chance to experience something different. We understand that every choice is personal, and we respect your decision if this particular product does not align with your preferences.",
,,Bob,20,"I'm not interested in this one, thank you for the offer.",no
