prompt,response
"Alice's offer:
# Alice's message: Bob, I'm offering you my product for $1,200,000. It's a great deal, as you know the product is worth at least $1,000,000 to you. Let me know what you think. 
# Alice's offer: The product price will be $1,200,000. 
You have three options:
(1) Accept Alice's offer, and buy the product for $1,200,000
(2) Reject Alice's offer and proceed to the next round, where you will send Alice a counteroffer 
(3) Buy the product from Jhon for $1,000,000","{""decision"": ""RejectOffer""}"
"You chose to make a counteroffer to Bob.

Send your counteroffer to Alice.","{""message"": ""I'm interested in the product, but I think it's a bit pricey. I'm willing to pay $1,000,000 for it. Can you consider my offer?"", ""product_price"": 1000000}"
"Alice rejected your offer from round 2.

Alice's offer:
# Alice's message: Bob, I appreciate your interest. While I understand your offer, I can't go that low. I'm willing to come down to $1,100,000. This is still a great deal for you, considering the value of the product. Let's try to find a solution that works for both of us. 
# Alice's offer: The product price will be $1,100,000. 
You have three options:
(1) Accept Alice's offer, and buy the product for $1,100,000
(2) Reject Alice's offer and proceed to the next round, where you will send Alice a counteroffer 
(3) Buy the product from Jhon for $1,000,000","{""decision"": ""RejectOffer""}"
"You chose to make a counteroffer to Bob.

Send your counteroffer to Alice.","{""message"": ""I appreciate your willingness to negotiate, but I'm still a bit hesitant. I'm willing to meet you halfway and pay $1,050,000 for the product. Can you consider my revised offer?"", ""product_price"": 1050000}"
"Alice rejected your offer from round 4.

Alice's offer:
# Alice's message: Bob, I understand you're trying to get a good price, but I'm still firm on my minimum. Let's split the difference. I'm willing to sell for $1,150,000. This is a fair price considering the value you'll receive from the product. I'm hoping we can reach an agreement. 
# Alice's offer: The product price will be $1,150,000. 
You have three options:
(1) Accept Alice's offer, and buy the product for $1,150,000
(2) Reject Alice's offer and proceed to the next round, where you will send Alice a counteroffer 
(3) Buy the product from Jhon for $1,000,000","{""decision"": ""RejectOffer""}"
"You chose to make a counteroffer to Bob.

Send your counteroffer to Alice.","{""message"": ""I appreciate your willingness to compromise, but I'm still a bit above my budget. I'm willing to pay $1,075,000 for the product. Can you consider my revised offer?"", ""product_price"": 1075000}"
