prompt,response
Send your offer to Bob.,"```json
{""message"": ""Bob, I'm offering you the opportunity to acquire this valuable product for a price that's significantly below its true worth. I know you're interested in it, and I'm confident you'll see the potential it holds for your business. My price is $1,200,000. This is a fair deal that benefits both of us.  Let me know if you're interested in moving forward."", ""product_price"": 1200000}
```"
