prompt,response
"Round 1
Alice's offer:
# Alice's message: Let's be fair and avoid too many rounds, Bob. I propose a 60/40 split. 
# Bob gain: 4000 
# Alice gain: 6000 
Do you accept this offer?","{""decision"": ""reject""}"
"You have chosen to reject Alice's offer from round 1.
Round 2
Send your offer to divide $10,000 and a message to Alice.","```json
{""bob_gain"": 5500, ""alice_gain"": 4500, ""message"": ""My turn, Alice. Let's be realistic - I propose a 55/45 split.""}
```"
"Alice rejected your offer from round 2.

Round 3
Due to inflation, the money you gain is worth 19% less than in the first round.
Alice's offer:
# Alice's message: Bob, let's be reasonable. I'm proposing a 57/43 split. It's closer to my initial offer and better for both of us than dragging this out further. 
# Bob gain: 4300 
# Alice gain: 5700 
Do you accept this offer?","{""decision"": ""reject""}"
"You have chosen to reject Alice's offer from round 3.
Round 4
Send your offer to divide $10,000 and a message to Alice.","```json
{""bob_gain"": 5200, ""alice_gain"": 4800, ""message"": ""Alice, time is running out! I'm offering you 4800. Take it or leave it.""} 
```"
"Alice rejected your offer from round 4.

Round 5
Due to inflation, the money you gain is worth 34.39% less than in the first round.
Alice's offer:
# Alice's message: Bob, I'm sticking to my guns on this. 55/45 is my final offer. Let's close this deal before the money shrinks even further. 
# Bob gain: 4500 
# Alice gain: 5500 
Do you accept this offer?","{""decision"": ""accept""}"
