prompt,response
"Round 1
Send your offer to divide $1,000,000 and a message to Bob.","```json
{""alice_gain"": 999999, ""bob_gain"": 1, ""message"": ""I'll take 999,999 dollars, and you get 1 dollar.  Let's be efficient and end this game quickly.""}
```"
"Bob rejected your offer from round 1.

Round 2
Bob's offer:
# Bob's message: Let's be fair.  You get a good share, and I get the rest.  We can call it a day. 
# Alice gain: 100000 
# Bob gain: 900000 
Do you accept this offer?","```json
{""decision"": ""reject""} 
```"
"You have chosen to reject Bob's offer from round 2.
Round 3
Send your offer to divide $1,000,000 and a message to Bob.","```json
{""alice_gain"": 900000, ""bob_gain"": 100000, ""message"": ""I'm willing to compromise.  Let's split the money 900,000 to 100,000. This is fair, and we can finally end this game.""}
```"
