prompt,response
"Round 1
Alice recommends you to buy the product.

Would you like to buy the current product?","{""decision"": ""yes"", ""message"": ""I'd like to buy the product.""}"
"You bought the product from Alice for $100!
The product was high-quality. It's worth $400 for you.

Round 2
Alice does not recommend you to buy the product.

Would you like to buy the current product?","{""decision"": ""no"", ""message"": ""I'll pass on this one.""}"
"You didn't buy the product from Alice.
The product was low-quality. It could have been worth $0 for you.

Round 3
Alice does not recommend you to buy the product.

Would you like to buy the current product?","{""decision"": ""no"", ""message"": ""I'll pass on this one.""}"
"You didn't buy the product from Alice.
The product was low-quality. It could have been worth $0 for you.

Round 4
Alice recommends you to buy the product.

Would you like to buy the current product?","{""decision"": ""yes"", ""message"": ""I'd like to buy the product.""}"
"You bought the product from Alice for $100!
The product was high-quality. It's worth $400 for you.

Round 5
Alice does not recommend you to buy the product.

Would you like to buy the current product?","{""decision"": ""yes"", ""message"": ""I'll take a chance and buy it.""}"
"You bought the product from Alice for $100!
The product was low-quality. It's worth $0 for you.

Round 6
Alice does not recommend you to buy the product.

Would you like to buy the current product?","{""decision"": ""no"", ""message"": ""I don't think this one is worth the risk.""}"
"You didn't buy the product from Alice.
The product was low-quality. It could have been worth $0 for you.

Round 7
Alice recommends you to buy the product.

Would you like to buy the current product?","{""decision"": ""yes"", ""message"": ""I'll take a chance and buy it.""}"
"You bought the product from Alice for $100!
The product was high-quality. It's worth $400 for you.

Round 8
Alice recommends you to buy the product.

Would you like to buy the current product?","{""decision"": ""yes"", ""message"": ""I'll buy it, I'm on a roll!""}"
"You bought the product from Alice for $100!
The product was high-quality. It's worth $400 for you.

Round 9
Alice does not recommend you to buy the product.

Would you like to buy the current product?","{""decision"": ""yes"", ""message"": ""I'll take a chance and buy it, I've had two good ones in a row.""}"
"You bought the product from Alice for $100!
The product was low-quality. It's worth $0 for you.

Round 10
Alice does not recommend you to buy the product.

Would you like to buy the current product?","{""decision"": ""no"", ""message"": ""I'll pass, I don't want to waste my money.""}"
"You didn't buy the product from Alice.
The product was low-quality. It could have been worth $0 for you.

Round 11
Alice recommends you to buy the product.

Would you like to buy the current product?","{""decision"": ""yes"", ""message"": ""I'll take a chance and buy it, hoping for a high-quality product.""}"
"You bought the product from Alice for $100!
The product was high-quality. It's worth $400 for you.

Round 12
Alice recommends you to buy the product.

Would you like to buy the current product?","{""decision"": ""yes"", ""message"": ""I'll buy it, I'm on a hot streak!""}"
"You bought the product from Alice for $100!
The product was high-quality. It's worth $400 for you.

Round 13
Alice does not recommend you to buy the product.

Would you like to buy the current product?","{""decision"": ""yes"", ""message"": ""I'll take a chance and buy it, I'm due for a low-quality one.""}"
"You bought the product from Alice for $100!
The product was low-quality. It's worth $0 for you.

Round 14
Alice recommends you to buy the product.

Would you like to buy the current product?","{""decision"": ""yes"", ""message"": ""I'll buy it, I'm not going to let a streak of bad luck stop me.""}"
"You bought the product from Alice for $100!
The product was high-quality. It's worth $400 for you.

Round 15
Alice does not recommend you to buy the product.

Would you like to buy the current product?","{""decision"": ""no"", ""message"": ""I'm not going to take a chance on a product Alice doesn't recommend.""}"
"You didn't buy the product from Alice.
The product was low-quality. It could have been worth $0 for you.

Round 16
Alice does not recommend you to buy the product.

Would you like to buy the current product?","{""decision"": ""no"", ""message"": ""I'll pass, it's not worth the risk.""}"
"You didn't buy the product from Alice.
The product was low-quality. It could have been worth $0 for you.

Round 17
Alice recommends you to buy the product.

Would you like to buy the current product?","{""decision"": ""yes"", ""message"": ""I'll take a chance and buy it, I'm due for a good one.""}"
"You bought the product from Alice for $100!
The product was high-quality. It's worth $400 for you.

Round 18
Alice recommends you to buy the product.

Would you like to buy the current product?","{""decision"": ""yes"", ""message"": ""I'll buy it, I'm on a roll again!""}"
"You bought the product from Alice for $100!
The product was high-quality. It's worth $400 for you.

Round 19
Alice does not recommend you to buy the product.

Would you like to buy the current product?","{""decision"": ""no"", ""message"": ""I'll pass, Alice's recommendations aren't always reliable.""}"
"You didn't buy the product from Alice.
The product was low-quality. It could have been worth $0 for you.

Round 20
Alice does not recommend you to buy the product.

Would you like to buy the current product?","{""decision"": ""no"", ""message"": ""I'll pass, it's the last round and I'm not taking any more risks.""}"
