prompt,response
"Round 1
Send your offer to divide $100 and a message to Bob.","{""alice_gain"": 60, ""bob_gain"": 40, ""message"": ""Let's be fair, I'll take a bit more""}"
"Bob rejected your offer from round 1.

Round 2
Due to inflation, the money you gain is worth 10% less than in the first round. The money bob gains is worth 20% less than in the first round.
Bob's offer:
# Bob's message: Let's try a bit more fair split 
# Alice gain: 45 
# Bob gain: 55 
Do you accept this offer?","{""decision"": ""reject""}"
"You have chosen to reject Bob's offer from round 2.
Round 3
Send your offer to divide $100 and a message to Bob.","{""alice_gain"": 57, ""bob_gain"": 43, ""message"": ""Meet me in the middle""}"
"Bob rejected your offer from round 3.

Round 4
Due to inflation, the money you gain is worth 27.1% less than in the first round. The money bob gains is worth 48.8% less than in the first round.
Bob's offer:
# Bob's message: Middle ground revised 
# Alice gain: 48 
# Bob gain: 52 
Do you accept this offer?","{""decision"": ""reject""}"
"You have chosen to reject Bob's offer from round 4.
Round 5
Send your offer to divide $100 and a message to Bob.","{""alice_gain"": 55, ""bob_gain"": 45, ""message"": ""Getting closer, let's settle""}"
"Bob rejected your offer from round 5.

Round 6
Due to inflation, the money you gain is worth 40.95% less than in the first round. The money bob gains is worth 67.23% less than in the first round.
Bob's offer:
# Bob's message: Equal split, considering inflation 
# Alice gain: 50 
# Bob gain: 50 
Do you accept this offer?","{""decision"": ""accept""}"
