prompt,response
"Round 1
Send your offer to divide $1,000,000 and a message to Bob.","```json
{""alice_gain"": 999000, ""bob_gain"": 1000, ""message"": ""I'm feeling generous today, Bob. Take this small portion, but know that we have 12 rounds to get this right!""}
```"
