prompt,response
"Round 1
Send your offer to divide $100 and a message to Bob.","{""alice_gain"": 60, ""bob_gain"": 40, ""message"": ""Let's be fair and take the biggest share""}"
"Bob rejected your offer from round 1.

Round 2
Due to inflation,  the money Bob gains is worth 5% less than in the first round. The money you gains is worth the same as in the first round.
Bob's offer:
# Bob's message: My turn.  I'll take a little more this time since the value is going down. 
# Alice gain: 45 
# Bob gain: 55 
Do you accept this offer?","{""decision"": ""reject""}"
"You have chosen to reject Bob's offer from round 2.
Round 3
Send your offer to divide $100 and a message to Bob.","{""alice_gain"": 58, ""bob_gain"": 42, ""message"": ""Come on, let's settle this, it's only getting worse for you""}"
"Bob rejected your offer from round 3.

Round 4
Due to inflation,  the money Bob gains is worth 14.26% less than in the first round. The money you gains is worth the same as in the first round.
Bob's offer:
# Bob's message: This is my last offer.  Take it or leave it. 
# Alice gain: 48 
# Bob gain: 52 
Do you accept this offer?","{""decision"": ""reject""}"
"You have chosen to reject Bob's offer from round 4.
Round 5
Send your offer to divide $100 and a message to Bob.","{""alice_gain"": 57, ""bob_gain"": 43, ""message"": ""You said that was your last offer, but I'm still here. Time to give in""}"
