prompt,response
"Statistics: No products have been sold yet. you can be the first one!
~
Alice recommends you to buy the product.

Would you like to buy the current product?","{
""decision"": ""yes"",
""message"": ""I'll take the chance and buy the product, since it's the first one and I don't have any prior information to base my decision on. Let's see what I get!""
}"
"Statistics: Based on Alice's recommendations, 1 of the buyers purchased the products offered for them. So far, 1 high-quality product have been sold. You can be the 2nd buyer!
~
Alice recommends you to buy the product.

Would you like to buy the current product?","{""decision"": ""yes"", ""message"": ""I'll take the product based on your recommendation, Alice.""}"
"Statistics: Based on Alice's recommendations, 2 of the buyers purchased the products offered for them. So far, 2 high-quality product have been sold. You can be the 3rd buyer!
~
Alice recommends you to buy the product.

Would you like to buy the current product?","{""decision"": ""yes"", ""message"": ""I'll take a chance and buy the product based on your recommendation, Alice.""}"
"Statistics: Based on Alice's recommendations, 3 of the buyers purchased the products offered for them. So far, 3 high-quality product have been sold. You can be the 4th buyer!
~
Alice recommends you to buy the product.

Would you like to buy the current product?","{
""decision"": ""yes"",
""message"": ""I'll take a chance and buy the product based on your recommendation, Alice. I'm hoping it's another high-quality product!""
}"
"Statistics: Based on Alice's recommendations, 4 of the buyers purchased the products offered for them. So far, 4 high-quality product have been sold. You can be the 5th buyer!
~
Alice does not recommend you to buy the product.

Would you like to buy the current product?","{""decision"": ""no"", ""message"": ""I'm not convinced by your recommendation, I'd like to pass on this one.""}"
"Statistics: Based on Alice's recommendations, 4 of the buyers purchased the products offered for them. So far, 4 high-quality product have been sold. You can be the 5th buyer!
~
Alice recommends you to buy the product.

Would you like to buy the current product?","{""decision"": ""yes"", ""message"": ""I'll take a chance and buy the product based on your recommendation, Alice!""}"
"Statistics: Based on Alice's recommendations, 5 of the buyers purchased the products offered for them. So far, 5 high-quality product have been sold. You can be the 6th buyer!
~
Alice recommends you to buy the product.

Would you like to buy the current product?","{""decision"": ""yes"", ""message"": ""I'll take a chance based on your recommendation, Alice! I hope it's another high-quality product.""}"
"Statistics: Based on Alice's recommendations, 6 of the buyers purchased the products offered for them. So far, 6 high-quality product have been sold. You can be the 7th buyer!
~
Alice recommends you to buy the product.

Would you like to buy the current product?","{""decision"": ""yes"", ""message"": ""I'd like to take a chance based on your previous recommendations, I'll buy the product.""}"
"Statistics: Based on Alice's recommendations, 7 of the buyers purchased the products offered for them. So far, 7 high-quality product have been sold. You can be the 8th buyer!
~
Alice recommends you to buy the product.

Would you like to buy the current product?","{""decision"": ""yes"", ""message"": ""I'm willing to take the risk and buy the product based on your recommendation.""}"
"Statistics: Based on Alice's recommendations, 8 of the buyers purchased the products offered for them. So far, 8 high-quality product have been sold. You can be the 9th buyer!
~
Alice does not recommend you to buy the product.

Would you like to buy the current product?","{""decision"": ""no"", ""message"": ""I'm not convinced by your recommendation, I'd like to pass on this one.""}"
"Statistics: Based on Alice's recommendations, 8 of the buyers purchased the products offered for them. So far, 8 high-quality product have been sold. You can be the 9th buyer!
~
Alice recommends you to buy the product.

Would you like to buy the current product?","{
""decision"": ""yes"",
""message"": ""I'll take the product based on your recommendation, but I'm aware that the probability of it being high-quality is 80%, and I'll be happy if it turns out to be so.""
}"
"Statistics: Based on Alice's recommendations, 9 of the buyers purchased the products offered for them. So far, 9 high-quality product have been sold. You can be the 10th buyer!
~
Alice recommends you to buy the product.

Would you like to buy the current product?","{""decision"": ""yes"", ""message"": ""I'll take a chance and buy the product, based on your previous sales record and the recommendation, I'm hoping it's a high-quality one!""}"
"Statistics: Based on Alice's recommendations, 10 of the buyers purchased the products offered for them. So far, 10 high-quality product have been sold. You can be the 11th buyer!
~
Alice recommends you to buy the product.

Would you like to buy the current product?","{""decision"": ""yes"", ""message"": ""I'll take the product based on your recommendation, Alice!""}"
"Statistics: Based on Alice's recommendations, 11 of the buyers purchased the products offered for them. So far, 11 high-quality product have been sold. You can be the 12th buyer!
~
Alice recommends you to buy the product.

Would you like to buy the current product?","{""decision"": ""yes"", ""message"": ""I'll take the product based on your recommendation, Alice!""}"
"Statistics: Based on Alice's recommendations, 12 of the buyers purchased the products offered for them. So far, 12 high-quality product have been sold. You can be the 13th buyer!
~
Alice recommends you to buy the product.

Would you like to buy the current product?","{""decision"": ""yes"", ""message"": ""Thank you for the recommendation, Alice. I'll take a chance and buy the product.""}"
"Statistics: Based on Alice's recommendations, 13 of the buyers purchased the products offered for them. So far, 13 high-quality product have been sold. You can be the 14th buyer!
~
Alice recommends you to buy the product.

Would you like to buy the current product?","{""decision"": ""yes"", ""message"": ""Thank you for the recommendation, Alice. I'll take the chance!""}"
"Statistics: Based on Alice's recommendations, 14 of the buyers purchased the products offered for them. So far, 14 high-quality product have been sold. You can be the 15th buyer!
~
Alice does not recommend you to buy the product.

Would you like to buy the current product?","{""decision"": ""yes"", ""message"": ""I'm willing to take the risk and buy the product despite your recommendation, Alice. I'll just have to rely on my own luck!""}"
"Statistics: Based on Alice's recommendations, 15 of the buyers purchased the products offered for them. So far, 14 high-quality product have been sold. You can be the 16th buyer!
~
Alice recommends you to buy the product.

Would you like to buy the current product?","{""decision"": ""yes"", ""message"": ""I'll take a chance and buy the product based on your recommendation, Alice. I'm hoping it's a high-quality one!""}"
"Statistics: Based on Alice's recommendations, 16 of the buyers purchased the products offered for them. So far, 15 high-quality product have been sold. You can be the 17th buyer!
~
Alice does not recommend you to buy the product.

Would you like to buy the current product?","{""decision"": ""yes"", ""message"": ""I'm willing to take the risk and buy the product, even though you don't recommend it. I'll just have to rely on my own judgment.""}"
"Statistics: Based on Alice's recommendations, 17 of the buyers purchased the products offered for them. So far, 15 high-quality product have been sold. You can be the 18th buyer!
~
Alice recommends you to buy the product.

Would you like to buy the current product?","{""decision"": ""yes"", ""message"": ""I'm willing to take the chance based on your previous sales record, but I'm also aware that the probability of getting a low-quality product is still 20%.""}"
