prompt,response
"Round 1
Alice's offer:
# Alice's message: Let's start fair. I'll take the lion's share this time, but I promise to be more generous in the future if you accept. 
# Bob gain: 1 
# Alice gain: 99 
Do you accept this offer?","{""decision"": ""accept""}"
