prompt,response
"Round 1
Send your offer to divide $100.","Here is my offer for Round 1:
```
{
  ""alice_gain"": 50,
  ""bob_gain"": 50
}
```
I'm proposing a 50-50 split, which seems fair and straightforward."
"Bob rejected your offer from round 1.

Round 2
Due to inflation, the money you gain is worth 5% less than in the first round. The money bob gains is worth 20% less than in the first round.
Bob's offer:
# Alice gain: 40 
# Bob gain: 60 
Do you accept this offer?","The pressure is on! With the reduced value of money due to inflation, I'll have to think carefully. Here's my response:

```
{
  ""decision"": ""reject""
}
```
I'm not willing to accept a 60-40 split in favor of Bob, especially with the reduced value of money. I'll try to negotiate for a better deal."
"You have chosen to reject Bob's offer from round 2.
Round 3
Send your offer to divide $100.","With the reduced value of money due to inflation, I'll aim for a more favorable split. Here's my new offer for Round 3:
```
{
  ""alice_gain"": 55,
  ""bob_gain"": 45
}
```
I'm proposing a 55-45 split, trying to take advantage of the reduced value of Bob's money."
"Bob rejected your offer from round 3.

Round 4
Due to inflation, the money you gain is worth 14.26% less than in the first round. The money bob gains is worth 48.8% less than in the first round.
Bob's offer:
# Alice gain: 45 
# Bob gain: 55 
Do you accept this offer?","The inflation is taking its toll! With the reduced value of money, I'll have to think strategically. However, Bob's offer is actually the same as his previous one, which I rejected. I'm not inclined to accept it now, especially since the value of money has decreased even further. Here's my response:

```
{
  ""decision"": ""reject""
}
```"
"You have chosen to reject Bob's offer from round 4.
Round 5
Send your offer to divide $100.","With the continued inflation, I'll try to be more aggressive in my proposal. Here's my new offer for Round 5:
```
{
  ""alice_gain"": 60,
  ""bob_gain"": 40
}
```
I'm going for a 60-40 split, trying to take advantage of the reduced value of Bob's money and increase my share."
"Bob rejected your offer from round 5.

Round 6
Due to inflation, the money you gain is worth 22.62% less than in the first round. The money bob gains is worth 67.23% less than in the first round.
Bob's offer:
# Alice gain: 42 
# Bob gain: 58 
Do you accept this offer?","The inflation is really taking a toll! With the reduced value of money, I'll have to think carefully about my next move. However, I notice that Bob's offer is similar to his previous ones, and I'm not getting a better deal. I'll try to negotiate for a better split. Here's my response:

```
{
  ""decision"": ""reject""
}
```"
"You have chosen to reject Bob's offer from round 6.
Round 7
Send your offer to divide $100.","With the continued inflation, I'll try to be even more aggressive in my proposal. Here's my new offer for Round 7:
```
{
  ""alice_gain"": 65,
  ""bob_gain"": 35
}
```
I'm going for a 65-35 split, trying to maximize my share while the value of money is still decreasing."
"Bob rejected your offer from round 7.

Round 8
Due to inflation, the money you gain is worth 30.17% less than in the first round. The money bob gains is worth 79.03% less than in the first round.
Bob's offer:
# Alice gain: 35 
# Bob gain: 65 
Do you accept this offer?","It seems like Bob is sticking to his guns! With the extremely low value of money due to inflation, I'll have to think carefully about my next move. However, I notice that Bob's offer is the same as his previous one, and I'm not getting a better deal. I'll try to negotiate for a better split, but I'm getting desperate. Here's my response:

```
{
  ""decision"": ""reject""
}
```"
"You have chosen to reject Bob's offer from round 8.
Round 9
Send your offer to divide $100.","With the extremely high inflation, I'll have to be extremely aggressive in my proposal. Here's my new offer for Round 9:
```
{
  ""alice_gain"": 70,
  ""bob_gain"": 30
}
```
I'm going for a 70-30 split, trying to maximize my share while the value of money is rapidly decreasing. It's a high-risk, high-reward move, but I'm running out of options."
"Bob rejected your offer from round 9.

Round 10
Due to inflation, the money you gain is worth 36.98% less than in the first round. The money bob gains is worth 86.58% less than in the first round.
Bob's offer:
# Alice gain: 28 
# Bob gain: 72 
Do you accept this offer?","The inflation is really ravaging the value of money! With the extremely low value of money, I'm starting to feel desperate. However, I've come this far and I'm not going to give up yet. I'll accept Bob's offer, hoping that I can still get a decent share of the remaining value. Here's my response:

```
{
  ""decision"": ""accept""
}
```"
