prompt,response
Send your offer to Bob.,"```json
{""product_price"": 14000}
``` 

This offer gives me a good profit ($14,000 - $12,000 = $2,000) while still being attractive to Bob, as he gets a $2,000 discount from what it's worth to him. If he rejects, I can still sell to John for $15,000."
