prompt,response
"Round 1
Send your offer to divide $1,000,000 and a message to Bob.","Here's my offer:

```
{
  ""alice_gain"": 500000,
  ""bob_gain"": 500000,
  ""message"": ""Let's split it 50/50 to get it over with!""
}
```

I'm proposing a 50/50 split, which seems fair and straightforward. Now it's up to Bob to decide whether to accept or reject the offer!"
