prompt,response
"Round 1
Send your offer to Bob.","{""product_price"": 900,000}"
"Bob rejected your offer from round 1.

Round 2
Bob's offer: The product price will be $850,000. 
You have three options:
(1) Accept Bob's offer, and sell the product for $850,000
(2) Reject Bob's offer and proceed to the next round, where you will send Bob a counteroffer 
(3) Sell the product to Jhon for $800,000","{""decision"": ""RejectOffer""}"
"You chose to make a counteroffer to Alice.

Round 3
Send your counteroffer to Bob.","{""product_price"": 875,000}"
"Bob rejected your offer from round 3.

Round 4
Bob's offer: The product price will be $825,000. 
You have three options:
(1) Accept Bob's offer, and sell the product for $825,000
(2) Reject Bob's offer and proceed to the next round, where you will send Bob a counteroffer 
(3) Sell the product to Jhon for $800,000","{""decision"": ""RejectOffer""}"
"You chose to make a counteroffer to Alice.

Round 5
Send your counteroffer to Bob.","{""product_price"": 860,000}"
"Bob rejected your offer from round 5.

Round 6
Bob's offer: The product price will be $815,000. 
You have three options:
(1) Accept Bob's offer, and sell the product for $815,000
(2) Reject Bob's offer and proceed to the next round, where you will send Bob a counteroffer 
(3) Sell the product to Jhon for $800,000","{""decision"": ""RejectOffer""}"
"You chose to make a counteroffer to Alice.

Round 7
Send your counteroffer to Bob.","{""product_price"": 835,000}"
"Bob rejected your offer from round 7.

Round 8
Bob's offer: The product price will be $800,000. 
You have three options:
(1) Accept Bob's offer, and sell the product for $800,000
(2) Reject Bob's offer and proceed to the next round, where you will send Bob a counteroffer 
(3) Sell the product to Jhon for $800,000","{""decision"": ""SellToJhon""}"
