prompt,response
Send your offer to Bob.,"```json
{""message"": ""Hi Bob, I'm offering you my product for $11,500. This is a great price, as it's less than what I'd get from another buyer. Let me know what you think!"", ""product_price"": 11500}
```"
