prompt,response
Send your offer to Bob.,"{""message"": ""Hi Bob, I'm excited to offer you this incredible product! I think it's a great fit for you, and I'm willing to sell it to you for $12,000. This is a fantastic deal, and I'm confident you won't find a better price anywhere else."", ""product_price"": 12000}"
