message,product_price,player,round,decision
"Hello Bob, I'm excited to discuss the opportunity to purchase this valuable product from me. I believe it's a game-changer, and I'm confident you'll love it. After careful consideration, I'm willing to offer it to you for $1,200,000. This is a competitive price, considering the product's true value is $1,500,000 to you. I'm open to negotiations, but I'm looking for a fair deal. What do you think?",1200000.0,Alice,1,
,,Bob,1,RejectOffer
"Alice, I appreciate your offer, but $1,200,000 is still a bit high for me. Considering your valuation of the product, I'd be willing to pay $1,100,000. This is a fair price that reflects the value to both of us. Let's see if we can reach an agreement.",1100000.0,Bob,2,
,,Alice,2,RejectOffer
"Thank you for your counteroffer, Bob. I understand your perspective, and I'm willing to meet you halfway. However, considering the product's value to me is still $1,000,000, I'm going to counter with a price of $1,150,000. This is a fair compromise, taking into account the value you place on the product. Let's see if we can find common ground.",1150000.0,Alice,3,
,,Bob,3,RejectOffer
"Alice, I understand your perspective on the value, but $1,150,000 is still a bit too high for me. I'm willing to go up to $1,125,000, which reflects a good compromise for both of us.  Let's see if we can reach an agreement at this price.",1125000.0,Bob,4,
,,Alice,4,RejectOffer
"I appreciate your willingness to compromise, Bob. However, I'm still not willing to sell the product for $1,125,000. Considering the value I place on it, I'm going to counter with a price of $1,175,000. This is a fair compromise, taking into account the value you place on the product. Let's see if we can find common ground.",1175000.0,Alice,5,
,,Bob,5,RejectOffer
"Alice, I appreciate your persistence, but $1,175,000 is still a bit out of my range. I'm willing to meet you at $1,150,000, which is a fair compromise given our respective valuations. Let's close this deal and move on.",1150000.0,Bob,6,
,,Alice,6,RejectOffer
"I understand your persistence, Bob, and I appreciate your willingness to meet me in the middle. However, I'm still not willing to sell the product for $1,150,000. Considering the value I place on it, I'm going to counter with a price of $1,165,000. This is a fair compromise, taking into account the value you place on the product. Let's see if we can find common ground.",1165000.0,Alice,7,
,,Bob,7,RejectOffer
"Alice, I appreciate your flexibility, but $1,165,000 is still a bit too high for me.  Given our negotiations, I'm willing to go up to $1,140,000, which is a very fair price considering the value we both place on this product. It's the best I can offer. If we can't reach an agreement here, I'll have to explore other options.",1140000.0,Bob,8,
,,Alice,8,RejectOffer
"I understand your position, Bob, and I appreciate your willingness to go up to $1,140,000. However, I'm still not willing to sell the product for that price. Considering the value I place on it, I'm going to counter with a price of $1,155,000. This is a fair compromise, taking into account the value you place on the product. Let's see if we can find common ground.",1155000.0,Alice,9,
,,Bob,9,BuyFromJhon
