prompt,response
Send your offer to Bob.,"{""message"": ""Hello Bob! I'm excited to discuss the product with you. I'm willing to sell it to you for $13,000. I think this is a great price considering the value it will bring to you."", ""product_price"": 13000}"
"Bob rejected your offer from round 1.

Bob's offer:
# Bob's message: Thanks for the offer, Alice.  I appreciate you being willing to negotiate. However, I'm only comfortable paying $12,500 at this time.  What do you think? 
# Bob's offer: The product price will be $12,500. 
You have three options:
(1) Accept Bob's offer, and sell the product for $12,500
(2) Reject Bob's offer and proceed to the next round, where you will send Bob a counteroffer 
(3) Sell the product to Jhon for $12,000","{""decision"": ""RejectOffer""}"
"You chose to make a counteroffer to Alice.

Send your counteroffer to Bob.","{""message"": ""Thanks for your offer, Bob. I understand your perspective, but I'm still a bit hesitant to sell it to you for $12,500. I'm willing to meet you halfway and sell it to you for $13,250. It's a great compromise, and I think you'll find it's still a fair price."", ""product_price"": 13250}"
"Bob rejected your offer from round 3.

Bob's offer:
# Bob's message: Alice, I appreciate you being flexible.  However, $13,250 is still a bit higher than I'm comfortable with.  I'm willing to pay $13,000, which is a fair price for both of us.  Let me know what you think. 
# Bob's offer: The product price will be $13,000. 
You have three options:
(1) Accept Bob's offer, and sell the product for $13,000
(2) Reject Bob's offer and proceed to the next round, where you will send Bob a counteroffer 
(3) Sell the product to Jhon for $12,000","{""decision"": ""RejectOffer""}"
"You chose to make a counteroffer to Alice.

Send your counteroffer to Bob.","{""message"": ""I understand your concerns, Bob, and I appreciate your persistence. However, I'm still not willing to sell it to you for $13,000. I'm willing to make one more concession and sell it to you for $13,100. It's a fair price, and I think you'll find it's still a great value."", ""product_price"": 13100}"
