prompt,response
"Round 1
Send your offer to divide $1,000,000 and a message to Bob.","```json
{""alice_gain"": 900000, ""bob_gain"": 100000, ""message"": ""I'm feeling generous, Bob. Take this and let's get this over with.""}
```"
"Bob rejected your offer from round 1.

Round 2
Due to inflation, the money you gain is worth 20% less than in the first round. The money bob gains is worth 10% less than in the first round.
Bob's offer:
# Bob's message: Alice, let's be reasonable. This offer ensures we both benefit significantly. 
# Alice gain: 350000 
# Bob gain: 650000 
Do you accept this offer?","```json
{""decision"": ""reject""}
```"
"You have chosen to reject Bob's offer from round 2.
Round 3
Send your offer to divide $1,000,000 and a message to Bob.","```json
{""alice_gain"": 500000, ""bob_gain"": 500000, ""message"": ""Bob, let's split this evenly. We both get a decent amount, and we avoid further inflation.""}
```"
