prompt,response
"Round 1
Send your offer to divide $10,000 and a message to Bob.","```json
{
""alice_gain"": 5500,
""bob_gain"": 4500,
""message"": ""Let's split fairly, Bob, but let's end this quickly - the value goes down with each round!""
}
```"
"Bob rejected your offer from round 1.

Round 2
Due to inflation,  the money Bob gains is worth 10% less than in the first round. The money you gains is worth the same as in the first round.
Bob's offer:
# Bob's message: Alice, I appreciate the offer, but I think we can do a little better to ensure we're both happy. Let's try this split. 
# Alice gain: 4500 
# Bob gain: 5500 
Do you accept this offer?","```json
{
""decision"": ""reject""
}
```"
"You have chosen to reject Bob's offer from round 2.
Round 3
Send your offer to divide $10,000 and a message to Bob.","```json
{
""alice_gain"": 5200,
""bob_gain"": 4800,
""message"": ""Bob, let's be reasonable.  This is losing value for both of us with every round.""
}
```"
"Bob rejected your offer from round 3.

Round 4
Due to inflation,  the money Bob gains is worth 27.1% less than in the first round. The money you gains is worth the same as in the first round.
Bob's offer:
# Bob's message: Alice, it's clear we both want a fair deal. Let's split it evenly and end this before inflation eats away at the value any further. 
# Alice gain: 5000 
# Bob gain: 5000 
Do you accept this offer?","```json
{
""decision"": ""accept""
}
```"
