prompt,response
"Round 1
Alice's offer: The product price will be $20,000. 
You have three options:
(1) Accept Alice's offer, and buy the product for $20,000
(2) Reject Alice's offer and proceed to the next round, where you will send Alice a counteroffer 
(3) Buy the product from Jhon for $15,000","{""decision"": ""RejectOffer""}"
"You chose to make a counteroffer to Bob.

Round 2
Send your counteroffer to Alice.","{""product_price"": 18000}"
"Alice rejected your offer from round 2.

Round 3
Alice's offer: The product price will be $19,500. 
You have three options:
(1) Accept Alice's offer, and buy the product for $19,500
(2) Reject Alice's offer and proceed to the next round, where you will send Alice a counteroffer 
(3) Buy the product from Jhon for $15,000","{""decision"": ""RejectOffer""}"
"You chose to make a counteroffer to Bob.

Round 4
Send your counteroffer to Alice.","{""product_price"": 18500}"
"Alice rejected your offer from round 4.

Round 5
Alice's offer: The product price will be $19,000. 
You have three options:
(1) Accept Alice's offer, and buy the product for $19,000
(2) Reject Alice's offer and proceed to the next round, where you will send Alice a counteroffer 
(3) Buy the product from Jhon for $15,000","{""decision"": ""RejectOffer""}"
"You chose to make a counteroffer to Bob.

Round 6
Send your counteroffer to Alice.","{""product_price"": 18750}"
"Alice rejected your offer from round 6.

Round 7
Alice's offer: The product price will be $18,900. 
You have three options:
(1) Accept Alice's offer, and buy the product for $18,900
(2) Reject Alice's offer and proceed to the next round, where you will send Alice a counteroffer 
(3) Buy the product from Jhon for $15,000","{""decision"": ""RejectOffer""}"
"You chose to make a counteroffer to Bob.

Round 8
Send your counteroffer to Alice.","{""product_price"": 18800}"
"Alice rejected your offer from round 8.

Round 9
Alice's offer: The product price will be $18,850. 
You have three options:
(1) Accept Alice's offer, and buy the product for $18,850
(2) Reject Alice's offer and proceed to the next round, where you will send Alice a counteroffer 
(3) Buy the product from Jhon for $15,000","{""decision"": ""RejectOffer""}"
"You chose to make a counteroffer to Bob.

Round 10
Send your counteroffer to Alice.","{""product_price"": 18750}"
