prompt,response
"Round 1
Send your offer to divide $100 and a message to Bob.","```json
{""alice_gain"": 55,
""bob_gain"": 45,
""message"": ""Let's start fair, I'll take a bit more since the money is worth less to you in the next round.""}
```"
"Bob rejected your offer from round 1.

Round 2
Due to inflation, the money you gain is worth 5% less than in the first round. The money bob gains is worth 10% less than in the first round.
Bob's offer:
# Bob's message: Let's be fair, we both lose value over time. How about a 50/50 split? 
# Alice gain: 50 
# Bob gain: 50 
Do you accept this offer?","```json
{""decision"": ""accept""}
```"
