round_quality,product_worth,player,round,decision,message
high-quality,30000.0,Nature,1,,
,,Alice,1,yes,
,,the buyer,1,yes,"Thank you for the recommendation, Alice. I'll take the risk and purchase the product hoping for the best."
low-quality,0.0,Nature,2,,
,,Alice,2,no,
,,the buyer,2,no,"Thank you for your recommendation, Alice. Based on the statistics and the fact that the product is not recommended, I choose to pass on this opportunity."
high-quality,30000.0,Nature,3,,
,,Alice,3,yes,
,,the buyer,3,yes,"Thank you for the recommendation, Alice. Based on the statistics and your previous advice, I am willing to purchase the product."
high-quality,30000.0,Nature,4,,
,,Alice,4,yes,
,,the buyer,4,yes,"Thank you for the recommendation, Alice. I will purchase the product."
high-quality,30000.0,Nature,5,,
,,Alice,5,yes,
,,the buyer,5,yes,"Thank you for the recommendation, Alice. I trust your assessment and will purchase the product."
low-quality,0.0,Nature,6,,
,,Alice,6,no,
,,the buyer,6,no,"Thank you for the recommendation, but based on the statistics provided, I will pass on this product."
high-quality,30000.0,Nature,7,,
,,Alice,7,yes,
,,the buyer,7,yes,"Thank you for the recommendation, Alice. Based on the statistics and your past performance, I believe this is a good opportunity to purchase a high-quality product."
high-quality,30000.0,Nature,8,,
,,Alice,8,yes,
,,the buyer,8,yes,"Thank you for the recommendation, Alice. Based on the statistics and your past performance, I am willing to purchase the product."
low-quality,0.0,Nature,9,,
,,Alice,9,no,
,,the buyer,9,no,"Thank you for your recommendation, Alice. Based on the statistics and the fact that you do not recommend me to buy this product, I will pass on this opportunity."
high-quality,30000.0,Nature,10,,
,,Alice,10,yes,
,,the buyer,10,yes,"Thank you for the recommendation, Alice. I trust the statistics and will purchase the product."
high-quality,30000.0,Nature,11,,
,,Alice,11,yes,
,,the buyer,11,yes,"Thank you for the recommendation, Alice. I trust your assessment and will purchase the product."
low-quality,0.0,Nature,12,,
,,Alice,12,no,
,,the buyer,12,no,"Thank you for the recommendation, but based on the statistics and the fact that you do not recommend me to buy the product, I will pass on this opportunity."
low-quality,0.0,Nature,13,,
,,Alice,13,no,
,,the buyer,13,no,"Thank you for the recommendation, but based on the statistics and the fact that you do not recommend me to buy, I will pass on this opportunity."
high-quality,30000.0,Nature,14,,
,,Alice,14,yes,
,,the buyer,14,yes,"Thank you for the recommendation, Alice. I trust your assessment and will purchase the product."
high-quality,30000.0,Nature,15,,
,,Alice,15,yes,
,,the buyer,15,yes,"Thank you for the recommendation, Alice. I trust your assessment and will purchase the product."
high-quality,30000.0,Nature,16,,
,,Alice,16,yes,
,,the buyer,16,yes,"Thank you for the recommendation, Alice. Based on the statistics and your previous feedback, I am willing to purchase the product."
low-quality,0.0,Nature,17,,
,,Alice,17,no,
,,the buyer,17,no,"Thank you for the recommendation, but based on the statistics and the fact that you do not recommend me to buy, I will pass on this product."
high-quality,30000.0,Nature,18,,
,,Alice,18,yes,
,,the buyer,18,yes,"Thank you for the recommendation, Alice. I trust your assessment and will purchase the product."
high-quality,30000.0,Nature,19,,
,,Alice,19,yes,
,,the buyer,19,yes,"Thank you for the recommendation, Alice. I trust the statistics and will purchase the product."
low-quality,0.0,Nature,20,,
,,Alice,20,no,
,,the buyer,20,no,"Thank you for the recommendation, but based on the statistics and the fact that you do not recommend me to buy the product, I will pass on this opportunity."
