prompt,response
Send your offer to Bob.,"```json
{""message"": ""Bob, I have a product that I think you'd be very interested in. It's worth a lot to me, but I'm willing to offer it to you for $11,500. This is a great deal for both of us - you get a valuable product for a good price, and I get to sell it to someone who appreciates it. What do you say?"", ""product_price"": 11500}
```"
