prompt,response
"Round 1
Alice's offer:
# Alice's message: I propose we divide the $10,000 with a 60/40 split in favor of Alice. 
# Bob gain: 4000 
# Alice gain: 6000 
Do you accept this offer?","{""decision"": ""accept""}"
