prompt,response
"Round 1
Alice's offer:
# Alice's message: Let's start with a fair split.  I'm sure we can work something out that benefits us both. 
# Bob gain: 4000 
# Alice gain: 6000 
Do you accept this offer?","{""decision"": ""reject""}"
"You have chosen to reject Alice's offer from round 1.
Round 2
Send your offer to divide $10,000 and a message to Alice.","{""bob_gain"": 5000, ""alice_gain"": 5000, ""message"": ""I'm willing to meet you halfway, but I think I deserve a slightly larger share since I'm the one making the offer this time.""}"
