prompt,response
"Round 1
Alice's offer:
# Alice's message: I propose dividing the $10,000 with a 75/25 split in favor of Bob, considering his lower depreciation rate. 
# Bob gain: 2500 
# Alice gain: 7500 
Do you accept this offer?","{""decision"": ""reject""}"
"You have chosen to reject Alice's offer from round 1.
Round 2
Send your offer to divide $10,000 and a message to Alice.","{""bob_gain"": 8000, ""alice_gain"": 2000, ""message"": ""I'll take 80% of the remaining money, but I'm willing to give you 20% to avoid further depreciation.""}"
