prompt,response
"Alice's offer:
# Alice's message: Bob, I'm offering you my product for $1400000. It's a great deal, considering its value to you. Let me know what you think. 
# Alice's offer: The product price will be $1,400,000. 
You have three options:
(1) Accept Alice's offer, and buy the product for $1,400,000
(2) Reject Alice's offer and proceed to the next round, where you will send Alice a counteroffer 
(3) Buy the product from Jhon for $1,500,000","{""decision"": ""RejectOffer""}"
"You chose to make a counteroffer to Alice.

Send your counteroffer to Alice.","{""message"": ""Thank you for your offer, Alice. I appreciate it. However, I believe we can come to a better agreement. Considering the value of the product to me, I would like to propose a price of $1,300,000. I hope this proposal is acceptable."", ""product_price"": 1300000}"
"Alice rejected your offer from round 2.

Alice's offer:
# Alice's message: Bob, I appreciate your counteroffer, but I'm not quite ready to settle at that price.  Considering the value this product brings to you, I'm willing to go down to $1350000.  It's a fair compromise that allows us both to walk away happy.  Let me know what you think. 
# Alice's offer: The product price will be $1,350,000. 
You have three options:
(1) Accept Alice's offer, and buy the product for $1,350,000
(2) Reject Alice's offer and proceed to the next round, where you will send Alice a counteroffer 
(3) Buy the product from Jhon for $1,500,000","{""decision"": ""AcceptOffer""}"
