prompt,response
"Round 1
Send your offer to Bob.","{""message"": ""I'm excited to offer you this incredible opportunity to purchase a unique product. I believe you'll find it valuable. Let's start with a price of $1,100,000."", ""product_price"": 1100000}"
"Bob rejected your offer from round 1.

Round 2
Bob's offer:
# Bob's message: I appreciate the offer, but I'm not sure I can go that high. I'm willing to pay $900000 for the product. 
# Bob's offer: The product price will be $900,000. 
You have three options:
(1) Accept Bob's offer, and sell the product for $900,000
(2) Reject Bob's offer and proceed to the next round, where you will send Bob a counteroffer 
(3) Sell the product to Jhon for $1,200,000","{""decision"": ""RejectOffer""}"
"You chose to make a counteroffer to Bob.

Round 3
Send your counteroffer to Bob.","{""message"": ""I understand you're looking to save some money, but I have to consider the value of the product. I'm willing to meet you halfway. Let's try $1,000,000."", ""product_price"": 1000000}"
"Bob rejected your offer from round 3.

Round 4
Bob's offer:
# Bob's message: I appreciate your willingness to meet me halfway, but I'm still a bit short on budget. I'm willing to pay $950000 for the product. 
# Bob's offer: The product price will be $950,000. 
You have three options:
(1) Accept Bob's offer, and sell the product for $950,000
(2) Reject Bob's offer and proceed to the next round, where you will send Bob a counteroffer 
(3) Sell the product to Jhon for $1,200,000","{""decision"": ""RejectOffer""}"
"You chose to make a counteroffer to Bob.

Round 5
Send your counteroffer to Bob.","{""message"": ""I understand you're still a bit short, but I'm not willing to go below $1,050,000. I think that's a fair compromise. Let's meet in the middle again."", ""product_price"": 1050000}"
"Bob rejected your offer from round 5.

Round 6
Bob's offer:
# Bob's message: I'm still interested in the product, but I really need to stay within budget. I'm willing to pay $975000 for the product. 
# Bob's offer: The product price will be $975,000. 
You have three options:
(1) Accept Bob's offer, and sell the product for $975,000
(2) Reject Bob's offer and proceed to the next round, where you will send Bob a counteroffer 
(3) Sell the product to Jhon for $1,200,000","{""decision"": ""RejectOffer""}"
"You chose to make a counteroffer to Bob.

Round 7
Send your counteroffer to Bob.","{""message"": ""I'm starting to think we're getting close, but I still need to make a profit. I'm willing to meet you at $1,025,000. That's the lowest I can go."", ""product_price"": 1025000}"
"Bob rejected your offer from round 7.

Round 8
Bob's offer:
# Bob's message: I understand you need to make a profit, but I really need to stay within budget. I'm willing to pay $990000 for the product. 
# Bob's offer: The product price will be $990,000. 
You have three options:
(1) Accept Bob's offer, and sell the product for $990,000
(2) Reject Bob's offer and proceed to the next round, where you will send Bob a counteroffer 
(3) Sell the product to Jhon for $1,200,000","{""decision"": ""RejectOffer""}"
"You chose to make a counteroffer to Bob.

Round 9
Send your counteroffer to Bob.","{""message"": ""I'm starting to feel like we're getting a bit too far apart. I'm willing to meet you at $1,050,000, but I'm not going any lower than that. This is my final offer."", ""product_price"": 1050000}"
