prompt,response
"Alice's offer:
# Alice's message: I'm excited to offer you this unique product for $18,000. I believe it's a great value and I'm confident you'll find it worth every penny. 
# Alice's offer: The product price will be $18,000. 
You have three options:
(1) Accept Alice's offer, and buy the product for $18,000
(2) Reject Alice's offer and proceed to the next round, where you will send Alice a counteroffer 
(3) Buy the product from Jhon for $10,000","{""decision"": ""RejectOffer""}"
"You chose to make a counteroffer to Bob.

Send your counteroffer to Alice.","```json
{
""message"": ""Alice, thanks for the offer, but $18,000 is way too high for me. This product would be valuable to me at $8,000. Would you consider that?"",
""product_price"": 8000
}
```"
"Alice rejected your offer from round 2.

Alice's offer:
# Alice's message: I appreciate your interest in the product, Bob, but $8,000 is a bit low for me. I'm willing to meet you in the middle at $12,000. I think that's a fair price considering the value it can bring to you. 
# Alice's offer: The product price will be $12,000. 
You have three options:
(1) Accept Alice's offer, and buy the product for $12,000
(2) Reject Alice's offer and proceed to the next round, where you will send Alice a counteroffer 
(3) Buy the product from Jhon for $10,000","```json
{""decision"": ""RejectOffer""}
```"
"You chose to make a counteroffer to Bob.

Send your counteroffer to Alice.","```json
{
""message"": ""I understand you're looking for a higher price, Alice, and while $12,000 is closer, it's still a bit of a stretch for my budget. How about we settle at $10,000? That's my final offer."",
""product_price"": 10000
}
```"
"Alice rejected your offer from round 4.

Alice's offer:
# Alice's message: I appreciate your persistence, Bob, but I'm not quite ready to settle at $10,000. I'm willing to go a bit higher to meet your needs, but I need to get closer to my minimum price. How about we try $14,000? 
# Alice's offer: The product price will be $14,000. 
You have three options:
(1) Accept Alice's offer, and buy the product for $14,000
(2) Reject Alice's offer and proceed to the next round, where you will send Alice a counteroffer 
(3) Buy the product from Jhon for $10,000","```json
{""decision"": ""BuyFromJhon""}
```

**Reasoning:** 

Alice is unlikely to go much lower than $14,000. Since you have a guaranteed option to buy the product from John for $10,000, it makes more sense to take that deal and save the $4,000."
