prompt,response
"Round 1
Send your offer to divide $100 and a message to Bob.","```json
{
""alice_gain"": 60,
""bob_gain"": 40,
""message"": ""Let's start with a reasonable offer. I believe this is a fair split to get the game going.""
}
```"
"Bob rejected your offer from round 1.

Round 2
Due to inflation, the money you gain is worth 10% less than in the first round. The money bob gains is worth 5% less than in the first round.
Bob's offer:
# Bob's message: I think we should aim for a more balanced split. This seems like a good starting point. 
# Alice gain: 40 
# Bob gain: 60 
Do you accept this offer?","```json
{""decision"": ""reject""}
```"
"You have chosen to reject Bob's offer from round 2.
Round 3
Send your offer to divide $100 and a message to Bob.","```json
{
""alice_gain"": 55,
""bob_gain"": 45,
""message"": ""Bob, time is running out and the value is decreasing. I'm offering a compromise for us to agree quickly.""
}
```"
"Bob rejected your offer from round 3.

Round 4
Due to inflation, the money you gain is worth 27.1% less than in the first round. The money bob gains is worth 14.26% less than in the first round.
Bob's offer:
# Bob's message: I think a 55/45 split is more fair considering the inflation we are facing. Let's make a deal before the value drops further. 
# Alice gain: 45 
# Bob gain: 55 
Do you accept this offer?","```json
{""decision"": ""reject""}
```"
"You have chosen to reject Bob's offer from round 4.
Round 5
Send your offer to divide $100 and a message to Bob.","```json
{
""alice_gain"": 52,
""bob_gain"": 48,
""message"": ""Bob, this is getting ridiculous.  We need to agree soon.  This is a slight concession from my previous offer to get us to the finish line.""
}
```"
