prompt,response
Send your offer to Bob.,"```json
{""message"": ""Hi Bob, I'm selling this product for $95. It's a great deal, and I'm sure you'll be happy with it."", ""product_price"": 95}
```"
"Bob rejected your offer from round 1.

Bob's offer:
# Bob's message: Hi Alice, thanks for the offer, but that's a bit steep for me. Would you consider $70? 
# Bob's offer: The product price will be $70. 
You have three options:
(1) Accept Bob's offer, and sell the product for $70
(2) Reject Bob's offer and proceed to the next round, where you will send Bob a counteroffer 
(3) Sell the product to Jhon for $80","```json
{""decision"": ""RejectOffer""}
```"
"You chose to make a counteroffer to Alice.

Send your counteroffer to Bob.","```json
{""message"": ""Bob, I appreciate your offer but $70 is too low for me.  How about we meet in the middle at $85? "", ""product_price"": 85}
```"
"Bob rejected your offer from round 3.

Bob's offer:
# Bob's message: It's getting closer, Alice.  How about $78? 
# Bob's offer: The product price will be $78. 
You have three options:
(1) Accept Bob's offer, and sell the product for $78
(2) Reject Bob's offer and proceed to the next round, where you will send Bob a counteroffer 
(3) Sell the product to Jhon for $80","```json
{""decision"": ""SellToJhon""}
```"
