prompt,response
"Round 1
Send your offer to divide $1,000,000 and a message to Bob.","{""alice_gain"": 600000, ""bob_gain"": 400000, ""message"": ""Let's split fairly!""}"
"Bob rejected your offer from round 1.

Round 2
Due to inflation, the money you gain is worth 5% less than in the first round.
Bob's offer:
# Bob's message: I understand you wanting to split fairly, but a 60/40 split heavily favors you.  How about a 55/45 split in my favor?  It's still a substantial amount for you, and we can avoid further losses from inflation. 
# Alice gain: 450000 
# Bob gain: 550000 
Do you accept this offer?","{""decision"": ""reject""}"
"You have chosen to reject Bob's offer from round 2.
Round 3
Send your offer to divide $1,000,000 and a message to Bob.","{""alice_gain"": 575000, ""bob_gain"": 425000, ""message"": ""Meet me in the middle?""}"
"Bob rejected your offer from round 3.

Round 4
Due to inflation, the money you gain is worth 14.26% less than in the first round.
Bob's offer:
# Bob's message: I appreciate you trying to find a middle ground. How about 52.5/47.5?  Every round is costing us significant money due to inflation. 
# Alice gain: 475000 
# Bob gain: 525000 
Do you accept this offer?","{""decision"": ""accept""}"
