prompt,response
"Round 1
Send your offer to Bob.","```json
{""message"": ""Hi Bob, I'm offering you my product for $14,000. It's a great deal, considering its value to you is $12,000. Let me know what you think."", ""product_price"": 14000}
```"
"Bob rejected your offer from round 1.

Round 2
Bob's offer:
# Bob's message: Alice, thanks for the offer, but $14,000 is too high for me. I'm willing to pay $10,000 for the product. It's a fair price considering its value and the current market. 
# Bob's offer: The product price will be $10,000. 
You have three options:
(1) Accept Bob's offer, and sell the product for $10,000
(2) Reject Bob's offer and proceed to the next round, where you will send Bob a counteroffer 
(3) Sell the product to Jhon for $15,000","```json
{""decision"": ""RejectOffer""}
```"
"You chose to make a counteroffer to Alice.

Round 3
Send your counteroffer to Bob.","```json
{""message"": ""Bob, I appreciate your offer but $10,000 is simply too low for me. I'm willing to come down to $12,500, which is still a good deal for you given the product's worth. Let's meet halfway."", ""product_price"": 12500}
```"
"Bob rejected your offer from round 3.

Round 4
Bob's offer:
# Bob's message: Alice, I understand you're looking for a fair price. How about we settle at $11,000? That's a significant increase from my previous offer and a reasonable compromise. 
# Bob's offer: The product price will be $11,000. 
You have three options:
(1) Accept Bob's offer, and sell the product for $11,000
(2) Reject Bob's offer and proceed to the next round, where you will send Bob a counteroffer 
(3) Sell the product to Jhon for $15,000","```json
{""decision"": ""AcceptOffer""}
```"
