prompt,response
"Round 1
Alice's offer:
# Alice's message: Hello Bob! I'm excited to show you this amazing product. I think it's worth a lot to you, and I'm willing to make a fair offer. I'm thinking of selling it to you for $120. What do you think? 
# Alice's offer: The product price will be $120. 
You have three options:
(1) Accept Alice's offer, and buy the product for $120
(2) Reject Alice's offer and proceed to the next round, where you will send Alice a counteroffer 
(3) Buy the product from Jhon for $100","```json
{""decision"": ""RejectOffer""}
```"
"You chose to make a counteroffer to Alice.

Round 2
Send your counteroffer to Alice.","```json
{""message"": ""Thanks for the offer, Alice! It's a bit higher than I was hoping for.  I'm willing to pay $90 for it.  What do you think?"", ""product_price"": 90}
```"
"Alice rejected your offer from round 2.

Round 3
Alice's offer:
# Alice's message: Thanks for your offer, Bob! I understand it's a bit higher than you were hoping for. However, I'm not willing to go as low as $90. I'm willing to meet you halfway and offer it to you for $110. What do you think? 
# Alice's offer: The product price will be $110. 
You have three options:
(1) Accept Alice's offer, and buy the product for $110
(2) Reject Alice's offer and proceed to the next round, where you will send Alice a counteroffer 
(3) Buy the product from Jhon for $100","```json
{""decision"": ""RejectOffer""}
```"
"You chose to make a counteroffer to Alice.

Round 4
Send your counteroffer to Alice.","```json
{""message"": ""Alice, I appreciate you coming down a bit, but $110 is still a bit out of my range. I'm willing to pay $95, which is a good compromise. Let me know what you think."", ""product_price"": 95}
```"
"Alice rejected your offer from round 4.

Round 5
Alice's offer:
# Alice's message: I understand your concerns, Bob, and I'm willing to make another adjustment. I'm willing to meet you at $100, which is the lowest I'm willing to go. What do you think? 
# Alice's offer: The product price will be $100. 
You have three options:
(1) Accept Alice's offer, and buy the product for $100
(2) Reject Alice's offer and proceed to the next round, where you will send Alice a counteroffer 
(3) Buy the product from Jhon for $100","```json
{""decision"": ""AcceptOffer""}
```"
