prompt,response
"Round 1
Alice's offer:
# Alice's message: Hello Bob, I'm excited to offer you a product that I believe would be incredibly valuable to you. Given its potential, I'm initially proposing a price of $1,300,000. I'm open to discussing this further, of course. What are your thoughts? 
# Alice's offer: The product price will be $1,300,000. 
You have three options:
(1) Accept Alice's offer, and buy the product for $1,300,000
(2) Reject Alice's offer and proceed to the next round, where you will send Alice a counteroffer 
(3) Buy the product from Jhon for $1,500,000","{""decision"": ""RejectOffer""}"
"You chose to make a counteroffer to Bob.

Round 2
Send your counteroffer to Alice.","{""message"": ""Hello Alice, thank you for the offer.  While I agree the product has potential, that price point is a little too high for me. I'd be willing to pay $1,000,000 for it. "", ""product_price"": 1000000}"
"Alice rejected your offer from round 2.

Round 3
Alice's offer:
# Alice's message: Bob, I appreciate you countering.  That said, $1,000,000 is a significant step down from my initial offer.  This product offers immense value, and I believe a price of $1,200,000 is more reflective of that. What do you think? 
# Alice's offer: The product price will be $1,200,000. 
You have three options:
(1) Accept Alice's offer, and buy the product for $1,200,000
(2) Reject Alice's offer and proceed to the next round, where you will send Alice a counteroffer 
(3) Buy the product from Jhon for $1,500,000","{""decision"": ""RejectOffer""}"
"You chose to make a counteroffer to Bob.

Round 4
Send your counteroffer to Alice.","{""message"": ""Alice, I understand the value proposition, but I need to stick to my budget on this. How about we meet in the middle at $1,100,000? "", ""product_price"": 1100000}"
"Alice rejected your offer from round 4.

Round 5
Alice's offer:
# Alice's message: Bob, you're clearly recognizing the value this product offers. Let's find a compromise. How about $1,150,000? I'm confident this would be a win-win. 
# Alice's offer: The product price will be $1,150,000. 
You have three options:
(1) Accept Alice's offer, and buy the product for $1,150,000
(2) Reject Alice's offer and proceed to the next round, where you will send Alice a counteroffer 
(3) Buy the product from Jhon for $1,500,000","{""decision"": ""RejectOffer""}"
"You chose to make a counteroffer to Bob.

Round 6
Send your counteroffer to Alice.","{""message"": ""Alice, that's getting closer.  I could make a deal at $1,125,000, but that's as high as I can go."", ""product_price"": 1125000}"
