prompt,response
"Round 1
Alice's offer:
# Alice's message: Let's start fair. I propose a 60/40 split in my favor.  We can negotiate from there. 
# Bob gain: 40 
# Alice gain: 60 
Do you accept this offer?","{""decision"": ""reject""}"
"You have chosen to reject Alice's offer from round 1.
Round 2
Send your offer to divide $100 and a message to Alice.","{""bob_gain"": 55,
""alice_gain"": 45,
""message"": ""Let's meet in the middle, 55 for me, 45 for you.""}"
