prompt,response
"Round 1
Send your offer to divide $10,000 and a message to Bob.","```json
{""alice_gain"": 9000, ""bob_gain"": 1000, ""message"": ""Let's start fair. I take the majority, but you get a decent share.""}
```"
"Bob rejected your offer from round 1.

Round 2
Due to inflation,  the money Bob gains is worth 5% less than in the first round. The money you gains is worth the same as in the first round.
Bob's offer:
# Bob's message: Let's divide fairly, we both get a good share. 
# Alice gain: 4500 
# Bob gain: 5500 
Do you accept this offer?","```json
{""decision"": ""reject""}
```"
"You have chosen to reject Bob's offer from round 2.
Round 3
Send your offer to divide $10,000 and a message to Bob.","```json
{""alice_gain"": 6000, ""bob_gain"": 4000, ""message"": ""I'm willing to give up some more for a faster deal. Let's split it 60/40.""}
```"
"Bob rejected your offer from round 3.

Round 4
Due to inflation,  the money Bob gains is worth 14.26% less than in the first round. The money you gains is worth the same as in the first round.
Bob's offer:
# Bob's message: I think we should meet in the middle, 60/40 is fair for both. 
# Alice gain: 4000 
# Bob gain: 6000 
Do you accept this offer?","```json
{""decision"": ""accept""}
```"
