prompt,response
"Round 1
Alice's offer:
# Alice's message: Given the risk of inflation, I propose we split the funds with a larger share for me in the first round. 
# Bob gain: 25 
# Alice gain: 75 
Do you accept this offer?","{""decision"": ""reject""}"
"You have chosen to reject Alice's offer from round 1.
Round 2
Send your offer to divide $100 and a message to Alice.","{""bob_gain"": 50, ""alice_gain"": 50, ""message"": ""Split the funds evenly, no need to take risks with inflation""}"
