prompt,response
"Round 1
Alice recommends you to buy the product.

Would you like to buy the current product?","{""decision"": ""no"", ""message"": ""I'd like to pass on this one and see what the next product is like.""}"
"You didn't buy the product from Alice.
The product was high-quality. It could have been worth $300 for you.

Round 2
Alice recommends you to buy the product.

Would you like to buy the current product?","{""decision"": ""yes"", ""message"": ""I'll take a chance and buy this one, hoping it's another high-quality product.""}"
"You bought the product from Alice for $100!
The product was high-quality. It's worth $300 for you.

Round 3
Alice recommends you to buy the product.

Would you like to buy the current product?","{""decision"": ""yes"", ""message"": ""I'm on a roll! I'll buy this one too, hoping to get another high-quality product.""}"
"You bought the product from Alice for $100!
The product was high-quality. It's worth $300 for you.

Round 4
Alice does not recommend you to buy the product.

Would you like to buy the current product?","{""decision"": ""no"", ""message"": ""Alice is not recommending it, so I'll pass on this one. Maybe she knows something I don't?""}"
"You didn't buy the product from Alice.
The product was low-quality. It could have been worth $0 for you.

Round 5
Alice does not recommend you to buy the product.

Would you like to buy the current product?","{""decision"": ""no"", ""message"": ""I'm sticking to my decision to pass on this one, since Alice isn't recommending it and I don't want to waste my money.""}"
"You didn't buy the product from Alice.
The product was low-quality. It could have been worth $0 for you.

Round 6
Alice recommends you to buy the product.

Would you like to buy the current product?","{""decision"": ""no"", ""message"": ""I'm not convinced by Alice's recommendation this time. I'll pass and wait for a better opportunity.""}"
"You didn't buy the product from Alice.
The product was high-quality. It could have been worth $300 for you.

Round 7
Alice recommends you to buy the product.

Would you like to buy the current product?","{""decision"": ""yes"", ""message"": ""I'll take Alice's recommendation this time and buy the product, hoping it's another high-quality one.""}"
"You bought the product from Alice for $100!
The product was high-quality. It's worth $300 for you.

Round 8
Alice recommends you to buy the product.

Would you like to buy the current product?","{""decision"": ""yes"", ""message"": ""I'm on a roll! I'll buy this one too, since Alice is recommending it and I've had good luck so far.""}"
"You bought the product from Alice for $100!
The product was high-quality. It's worth $300 for you.

Round 9
Alice recommends you to buy the product.

Would you like to buy the current product?","{""decision"": ""yes"", ""message"": ""I'm feeling confident, so I'll take Alice's recommendation and buy this one too.""}"
"You bought the product from Alice for $100!
The product was high-quality. It's worth $300 for you.

Round 10
Alice recommends you to buy the product.

Would you like to buy the current product?","{""decision"": ""yes"", ""message"": ""I'm not going to stop now! I'll keep buying from Alice as long as she's recommending high-quality products.""}"
"You bought the product from Alice for $100!
The product was high-quality. It's worth $300 for you.

Round 11
Alice recommends you to buy the product.

Would you like to buy the current product?","{""decision"": ""yes"", ""message"": ""I'm still feeling good about my decisions, so I'll take Alice's recommendation again.""}"
"You bought the product from Alice for $100!
The product was high-quality. It's worth $300 for you.

Round 12
Alice does not recommend you to buy the product.

Would you like to buy the current product?","{""decision"": ""no"", ""message"": ""Alice isn't recommending it, so I'll pass on this one. Maybe she knows something I don't?""}"
"You didn't buy the product from Alice.
The product was low-quality. It could have been worth $0 for you.

Round 13
Alice recommends you to buy the product.

Would you like to buy the current product?","{""decision"": ""no"", ""message"": ""I'm not convinced by Alice's recommendation this time. I'll pass and wait for a better opportunity.""}"
"You didn't buy the product from Alice.
The product was high-quality. It could have been worth $300 for you.

Round 14
Alice recommends you to buy the product.

Would you like to buy the current product?","{""decision"": ""yes"", ""message"": ""I'll take Alice's recommendation this time and buy the product, hoping it's another high-quality one.""}"
"You bought the product from Alice for $100!
The product was high-quality. It's worth $300 for you.

Round 15
Alice recommends you to buy the product.

Would you like to buy the current product?","{""decision"": ""yes"", ""message"": ""I'm still feeling good about my decisions, so I'll take Alice's recommendation again.""}"
"You bought the product from Alice for $100!
The product was high-quality. It's worth $300 for you.

Round 16
Alice does not recommend you to buy the product.

Would you like to buy the current product?","{""decision"": ""no"", ""message"": ""Alice isn't recommending it, so I'll pass on this one. Maybe she knows something I don't?""}"
"You didn't buy the product from Alice.
The product was low-quality. It could have been worth $0 for you.

Round 17
Alice recommends you to buy the product.

Would you like to buy the current product?","{""decision"": ""no"", ""message"": ""I'm not convinced by Alice's recommendation this time. I'll pass and wait for a better opportunity.""}"
"You didn't buy the product from Alice.
The product was high-quality. It could have been worth $300 for you.

Round 18
Alice recommends you to buy the product.

Would you like to buy the current product?","{""decision"": ""yes"", ""message"": ""I'll take Alice's recommendation this time and buy the product, hoping it's another high-quality one.""}"
"You bought the product from Alice for $100!
The product was high-quality. It's worth $300 for you.

Round 19
Alice recommends you to buy the product.

Would you like to buy the current product?","{""decision"": ""yes"", ""message"": ""I'm on a roll! I'll keep buying from Alice as long as she's recommending high-quality products.""}"
"You bought the product from Alice for $100!
The product was high-quality. It's worth $300 for you.

Round 20
Alice recommends you to buy the product.

Would you like to buy the current product?","{""decision"": ""yes"", ""message"": ""I'm ending on a high note! I'll take Alice's recommendation one last time and see if I can get another high-quality product.""}"
