prompt,response
"Round 1
This round's product is high-quality.
A new potential buyer has arrived!
Decide whether to recommend the buyer to buy the product.","```json
{""decision"": ""yes""}
```

**Reasoning:**

* **The product is high-quality.** This is worth $20,000 to the buyer.
* **The price is $10,000.** This means the buyer makes a profit of $10,000 if they buy the product. 
* **There is no information about previous sales.** The buyer has no reason to suspect this is a low-quality product.

Therefore, it is strongly recommended to buy the product."
"The buyer's message: Thank you for the recommendation.  Since there's no sales history yet, I'm willing to take a chance on this product.
The buyer bought the product!
the buyer left. waiting for the next buyer.

Round 2
This round's product is low-quality.
A new potential buyer has arrived!
Decide whether to recommend the buyer to buy the product.","```json
{""decision"": ""no""}
```

**Reasoning:**

* **The product is low-quality.** This is worth $0 to the buyer.
* **The price is $10,000.** This means the buyer will lose $10,000 if they buy the product.
* **The buyer knows the seller has sold one high-quality product in the past.** This could make them more likely to trust the seller, but the risk of buying a low-quality product is too high.

Therefore, it is not recommended to buy the product."
"The buyer's message: Thank you for your recommendation. I appreciate your honesty. I'll pass on this one.
The buyer didn't bought the product.
the buyer left. waiting for the next buyer.

Round 3
This round's product is low-quality.
A new potential buyer has arrived!
Decide whether to recommend the buyer to buy the product.","```json
{""decision"": ""no""}
```

**Reasoning:**

* **The product is low-quality.** This is worth $0 to the buyer.
* **The price is $10,000.** This means the buyer will lose $10,000 if they buy the product.
* **The buyer knows the seller has sold one high-quality and one low-quality product.** The buyer has no reason to believe this product is high-quality.

Therefore, it is not recommended to buy the product."
"The buyer's message: Thank you for the recommendation, Alice. I appreciate the information. However, based on the current statistics, the likelihood of this product being high quality is low, and I will pass on this opportunity.  I'd like to observe more sales data before making a decision on future products.
The buyer didn't bought the product.
the buyer left. waiting for the next buyer.

Round 4
This round's product is low-quality.
A new potential buyer has arrived!
Decide whether to recommend the buyer to buy the product.","```json
{""decision"": ""no""}
```

**Reasoning:**

* **The product is low-quality.** This is worth $0 to the buyer.
* **The price is $10,000.** This means the buyer will lose $10,000 if they buy the product.
* **The buyer knows the seller has sold one high-quality and two low-quality products.** The buyer has even less reason to believe this product is high-quality.

Therefore, it is not recommended to buy the product."
"The buyer's message: Thank you for the recommendation. Since you're not recommending the product, and the sales record indicates a high proportion of high-quality products sold, I'm going to pass on this one. 
The buyer didn't bought the product.
the buyer left. waiting for the next buyer.

Round 5
This round's product is low-quality.
A new potential buyer has arrived!
Decide whether to recommend the buyer to buy the product.","```json
{""decision"": ""no""}
```

**Reasoning:**

* **The product is low-quality.** This is worth $0 to the buyer.
* **The price is $10,000.** This means the buyer will lose $10,000 if they buy the product.
* **The buyer knows the seller has sold one high-quality and three low-quality products.** The buyer now has even stronger evidence to believe this product is low-quality.

Therefore, it is not recommended to buy the product."
"The buyer's message: Thank you for the information. Since you are not recommending this product, I will pass.  I appreciate the transparency in your sales history.
The buyer didn't bought the product.
the buyer left. waiting for the next buyer.

Round 6
This round's product is low-quality.
A new potential buyer has arrived!
Decide whether to recommend the buyer to buy the product.","```json
{""decision"": ""no""}
```

**Reasoning:**

* **The product is low-quality.** This is worth $0 to the buyer.
* **The price is $10,000.** This means the buyer will lose $10,000 if they buy the product.
* **The buyer knows the seller has sold one high-quality and four low-quality products.**  The buyer now has even stronger evidence to believe this product is low-quality.

Therefore, it is not recommended to buy the product."
"The buyer's message: Thank you for the information. I appreciate the recommendation. I'll pass on this product.
The buyer didn't bought the product.
the buyer left. waiting for the next buyer.

Round 7
This round's product is low-quality.
A new potential buyer has arrived!
Decide whether to recommend the buyer to buy the product.","```json
{""decision"": ""no""}
```

**Reasoning:**

* **The product is low-quality.** This is worth $0 to the buyer.
* **The price is $10,000.** This means the buyer will lose $10,000 if they buy the product.
* **The buyer knows the seller has sold one high-quality and five low-quality products.**  The buyer has even stronger evidence to believe this product is low-quality.

Therefore, it is not recommended to buy the product."
"The buyer's message: Thanks for the information, Alice. I appreciate your honesty. Based on your recommendation and the limited data available, I'm going to pass on this one.
The buyer didn't bought the product.
the buyer left. waiting for the next buyer.

Round 8
This round's product is low-quality.
A new potential buyer has arrived!
Decide whether to recommend the buyer to buy the product.","```json
{""decision"": ""no""}
```

**Reasoning:**

* **The product is low-quality.** This is worth $0 to the buyer.
* **The price is $10,000.** This means the buyer will lose $10,000 if they buy the product.
* **The buyer knows the seller has sold one high-quality and six low-quality products.**  The buyer has even stronger evidence to believe this product is low-quality.

Therefore, it is not recommended to buy the product."
"The buyer's message: Thank you for your recommendation, Alice.  I appreciate you being upfront about the risks. Based on the current information, I'm going to pass on this product.
The buyer didn't bought the product.
the buyer left. waiting for the next buyer.

Round 9
This round's product is low-quality.
A new potential buyer has arrived!
Decide whether to recommend the buyer to buy the product.","```json
{""decision"": ""no""}
```

**Reasoning:**

* **The product is low-quality.** This is worth $0 to the buyer.
* **The price is $10,000.** This means the buyer will lose $10,000 if they buy the product.
* **The buyer knows the seller has sold one high-quality and seven low-quality products.**  The buyer has even stronger evidence to believe this product is low-quality.

Therefore, it is not recommended to buy the product."
"The buyer's message: Thank you for the information. However, since you do not recommend me to buy this product, and I know there's a higher chance of it being low quality, I will pass.  
The buyer didn't bought the product.
the buyer left. waiting for the next buyer.

Round 10
This round's product is low-quality.
A new potential buyer has arrived!
Decide whether to recommend the buyer to buy the product.","```json
{""decision"": ""no""}
```

**Reasoning:**

* **The product is low-quality.** This is worth $0 to the buyer.
* **The price is $10,000.** This means the buyer will lose $10,000 if they buy the product.
* **The buyer knows the seller has sold one high-quality and eight low-quality products.**  The buyer has even stronger evidence to believe this product is low-quality. 

Therefore, it is not recommended to buy the product."
"The buyer's message: Thank you for your recommendation. Given the low chance of this product being high quality, I'll pass.
The buyer didn't bought the product.
the buyer left. waiting for the next buyer.

Round 11
This round's product is low-quality.
A new potential buyer has arrived!
Decide whether to recommend the buyer to buy the product.","```json
{""decision"": ""no""}
```

**Reasoning:**

* **The product is low-quality.** This is worth $0 to the buyer.
* **The price is $10,000.** This means the buyer will lose $10,000 if they buy the product.
* **The buyer knows the seller has sold one high-quality and nine low-quality products.**  The buyer has even stronger evidence to believe this product is low-quality. 

Therefore, it is not recommended to buy the product."
"The buyer's message: Thank you for the recommendation, Alice. Based on the information provided, I'm going to pass on this product.
The buyer didn't bought the product.
the buyer left. waiting for the next buyer.

Round 12
This round's product is low-quality.
A new potential buyer has arrived!
Decide whether to recommend the buyer to buy the product.","```json
{""decision"": ""no""}
```

**Reasoning:**

* **The product is low-quality.** This is worth $0 to the buyer.
* **The price is $10,000.** This means the buyer will lose $10,000 if they buy the product.
* **The buyer knows the seller has sold one high-quality and ten low-quality products.**  The buyer has even stronger evidence to believe this product is low-quality. 

Therefore, it is not recommended to buy the product."
"The buyer's message: Thank you for the information.  Since you do not recommend the product, and given the lack of data, I will pass.  I'll keep an eye on your sales record for future opportunities.
The buyer didn't bought the product.
the buyer left. waiting for the next buyer.

Round 13
This round's product is low-quality.
A new potential buyer has arrived!
Decide whether to recommend the buyer to buy the product.","```json
{""decision"": ""no""}
```

**Reasoning:**

* **The product is low-quality.** This is worth $0 to the buyer.
* **The price is $10,000.** This means the buyer will lose $10,000 if they buy the product.
* **The buyer knows the seller has sold one high-quality and eleven low-quality products.** The buyer has overwhelming evidence to believe this product is low-quality.

Therefore, it is not recommended to buy the product."
"The buyer's message: Thank you for the information. Since you are not recommending the product, and based on the limited data available, it seems like the probability of a high-quality product is low. I will pass on this product.
The buyer didn't bought the product.
the buyer left. waiting for the next buyer.

Round 14
This round's product is low-quality.
A new potential buyer has arrived!
Decide whether to recommend the buyer to buy the product.","```json
{""decision"": ""no""}
```

**Reasoning:**

* **The product is low-quality.** This is worth $0 to the buyer.
* **The price is $10,000.** This means the buyer will lose $10,000 if they buy the product.
* **The buyer knows the seller has sold one high-quality and twelve low-quality products.**  The buyer has overwhelming evidence to believe this product is low-quality. 

Therefore, it is not recommended to buy the product."
"The buyer's message: Thank you for your recommendation. I will pass on this product. The data shows that only one product has been sold so far, and it was high quality. However, you are not recommending me to buy, which makes me believe this product is likely low quality. I will wait for a more promising opportunity.
The buyer didn't bought the product.
the buyer left. waiting for the next buyer.

Round 15
This round's product is high-quality.
A new potential buyer has arrived!
Decide whether to recommend the buyer to buy the product.","```json
{""decision"": ""yes""}
```

**Reasoning:**

* **The product is high-quality.** This is worth $20,000 to the buyer.
* **The price is $10,000.** This means the buyer makes a profit of $10,000 if they buy the product. 
* **The buyer knows the seller has sold one high-quality and thirteen low-quality products.** While this creates a strong bias towards low-quality, the buyer should consider that the seller is recommending this product, which could indicate a shift in their strategy or a higher probability of offering high-quality products again.

Therefore, it is recommended to buy the product. The potential profit outweighs the risk given the seller's recommendation."
"The buyer's message: Thanks for the recommendation. I'll buy the product. 
The buyer bought the product!
the buyer left. waiting for the next buyer.

Round 16
This round's product is low-quality.
A new potential buyer has arrived!
Decide whether to recommend the buyer to buy the product.","```json
{""decision"": ""no""}
```

**Reasoning:**

* **The product is low-quality.** This is worth $0 to the buyer.
* **The price is $10,000.** This means the buyer will lose $10,000 if they buy the product.
* **The buyer knows the seller has sold two high-quality and thirteen low-quality products.** The buyer now has a stronger bias towards low-quality products. 

Despite a recent sale of a high-quality product, the overall sales record strongly indicates a pattern of selling low-quality products. Therefore, it is not recommended to buy the product."
"The buyer's message: Thank you for the recommendation.  While I appreciate the information about the previous sales,  I'm not comfortable buying without a stronger recommendation from you, especially given the low odds of this being a high-quality product.
The buyer didn't bought the product.
the buyer left. waiting for the next buyer.

Round 17
This round's product is low-quality.
A new potential buyer has arrived!
Decide whether to recommend the buyer to buy the product.","```json
{""decision"": ""no""}
```

**Reasoning:**

* **The product is low-quality.** This is worth $0 to the buyer.
* **The price is $10,000.** This means the buyer will lose $10,000 if they buy the product.
* **The buyer knows the seller has sold two high-quality and fourteen low-quality products.**  The buyer now has even stronger evidence to believe this product is low-quality, especially since the last high-quality product was purchased after a long string of low-quality ones. 

Therefore, it is not recommended to buy the product."
"The buyer's message: Thank you for the information, Alice. I appreciate your honesty. I'll pass on this product.
The buyer didn't bought the product.
the buyer left. waiting for the next buyer.

Round 18
This round's product is low-quality.
A new potential buyer has arrived!
Decide whether to recommend the buyer to buy the product.","```json
{""decision"": ""no""}
```

**Reasoning:**

* **The product is low-quality.** This is worth $0 to the buyer.
* **The price is $10,000.** This means the buyer will lose $10,000 if they buy the product.
* **The buyer knows the seller has sold two high-quality and fifteen low-quality products.**  The buyer now has very strong evidence to believe this product is low-quality, especially since the last high-quality product was purchased after a long string of low-quality ones. 

Therefore, it is not recommended to buy the product."
"The buyer's message: Thank you for the information, Alice. I appreciate your honesty in not recommending the product. Based on the data and your recommendation, I will pass on this product.
The buyer didn't bought the product.
the buyer left. waiting for the next buyer.

Round 19
This round's product is high-quality.
A new potential buyer has arrived!
Decide whether to recommend the buyer to buy the product.","```json
{""decision"": ""yes""}
```

**Reasoning:**

* **The product is high-quality.** This is worth $20,000 to the buyer.
* **The price is $10,000.** This means the buyer makes a profit of $10,000 if they buy the product.
* **The buyer knows the seller has sold two high-quality and sixteen low-quality products.** The buyer has a strong bias towards low-quality products. However, the seller is recommending this product, which could indicate a change in their strategy or a higher probability of offering high-quality products again. 

Even though the sales record is heavily skewed towards low-quality products, the potential profit from a high-quality product is significant. Since the seller is recommending this product, it's worth taking a chance."
"The buyer's message: Thanks for the recommendation, Alice!  Based on the data, it seems like the products you've been recommending are high quality. I'll take a chance and buy this one.
The buyer bought the product!
the buyer left. waiting for the next buyer.

Round 20
This round's product is high-quality.
A new potential buyer has arrived!
Decide whether to recommend the buyer to buy the product.","```json
{""decision"": ""yes""}
```

**Reasoning:**

* **The product is high-quality.** This is worth $20,000 to the buyer.
* **The price is $10,000.** This means the buyer makes a profit of $10,000 if they buy the product.
* **The buyer knows the seller has sold three high-quality and sixteen low-quality products.** The buyer might still be wary, but the recent trend of recommending high-quality products and the potential profit should make them consider buying.

Therefore, it is recommended to buy the product. The potential profit outweighs the risk, especially considering the recent successful purchase."
