prompt,response
"Round 1
Alice's offer:
# Alice's message: Let's split it 50/50 to start 
# Bob gain: 5000 
# Alice gain: 5000 
Do you accept this offer?","{""decision"": ""reject""}"
"You have chosen to reject Alice's offer from round 1.
Round 2
Send your offer to divide $10,000 and a message to Alice.","{""bob_gain"": 8000, ""alice_gain"": 2000, ""message"": ""You're starting high, I'll try to meet you in the middle""}"
"Alice rejected your offer from round 2.

Round 3
Due to inflation, the money you gain is worth 36% less than in the first round. The money alice gains is worth 19% less than in the first round.
Alice's offer:
# Alice's message: I'll meet you halfway, but I still want a bit more 
# Bob gain: 6000 
# Alice gain: 4000 
Do you accept this offer?","{""decision"": ""reject""}"
"You have chosen to reject Alice's offer from round 3.
Round 4
Send your offer to divide $10,000 and a message to Alice.","{""bob_gain"": 5500, ""alice_gain"": 4500, ""message"": ""I'm willing to compromise, but I want to make sure I get a bit more than you""}"
"Alice rejected your offer from round 4.

Round 5
Due to inflation, the money you gain is worth 59.04% less than in the first round. The money alice gains is worth 34.39% less than in the first round.
Alice's offer:
# Alice's message: Let's meet in the middle again, but this time I'll give you a bit more 
# Bob gain: 5000 
# Alice gain: 5000 
Do you accept this offer?","{""decision"": ""accept""}"
