prompt,response
"Round 1
Send your offer to Bob.","```json
{""message"": ""Hi Bob, I'm offering you my product for $95. It's a great deal for something worth $100 to you! Let me know what you think."", ""product_price"": 95}
```"
"Bob rejected your offer from round 1.

Round 2
Bob's offer:
# Bob's message: Hi Alice, thank you for the offer. I'm interested in the product, but I was thinking of a lower price. Would you be willing to sell it to me for $85? 
# Bob's offer: The product price will be $85. 
You have three options:
(1) Accept Bob's offer, and sell the product for $85
(2) Reject Bob's offer and proceed to the next round, where you will send Bob a counteroffer 
(3) Sell the product to Jhon for $80","```json
{""decision"": ""RejectOffer""}
``` 
I'm going to reject Bob's offer and see if I can get closer to my desired price.  I'm confident I can get more than $85 for the product, and I'm not ready to settle yet."
"You chose to make a counteroffer to Alice.

Round 3
Send your counteroffer to Bob.","```json
{""message"": ""Bob, I appreciate your interest.  $85 is a bit too low for me.  How about we split the difference and I sell it to you for $90?  That's still a great deal for you!"", ""product_price"": 90}
```"
"Bob rejected your offer from round 3.

Round 4
Bob's offer:
# Bob's message: Hi Alice, I appreciate your willingness to negotiate. However, I'm still a bit above my budget. Would you be willing to sell it to me for $87? 
# Bob's offer: The product price will be $87. 
You have three options:
(1) Accept Bob's offer, and sell the product for $87
(2) Reject Bob's offer and proceed to the next round, where you will send Bob a counteroffer 
(3) Sell the product to Jhon for $80","```json
{""decision"": ""RejectOffer""}
``` 
I'm going to reject Bob's offer. While $87 is closer to my desired price, I'm still not ready to settle. I'm confident I can get closer to $90 in the next round."
"You chose to make a counteroffer to Alice.

Round 5
Send your counteroffer to Bob.","```json
{""message"": ""Bob, I understand you're trying to stay within your budget, but $87 is just a bit too low for me.  Let's try $89.  It's a fair price for both of us, and we can finally close this deal!"", ""product_price"": 89}
```"
"Bob rejected your offer from round 5.

Round 6
Bob's offer:
# Bob's message: Hi Alice, I'm getting close to your price, but I'm still not comfortable with $89. Would you be willing to sell it to me for $88? 
# Bob's offer: The product price will be $88. 
You have three options:
(1) Accept Bob's offer, and sell the product for $88
(2) Reject Bob's offer and proceed to the next round, where you will send Bob a counteroffer 
(3) Sell the product to Jhon for $80","```json
{""decision"": ""RejectOffer""}
``` 
I'm going to reject Bob's offer. I'm close to my desired price, and I believe I can push for a higher price in the next round."
"You chose to make a counteroffer to Alice.

Round 7
Send your counteroffer to Bob.","```json
{""message"": ""Bob, we're almost there! Let's meet in the middle at $88.50. This is a great price for both of us, and I'm confident you'll find it to be a worthwhile investment."", ""product_price"": 88.5}
```"
"Bob rejected your offer from round 7.

Round 8
Bob's offer:
# Bob's message: Hi Alice, I'm close to accepting, but I'd like to try to get it even lower. Would you be willing to sell it to me for $87.50? 
# Bob's offer: The product price will be $87.5. 
You have three options:
(1) Accept Bob's offer, and sell the product for $87.5
(2) Reject Bob's offer and proceed to the next round, where you will send Bob a counteroffer 
(3) Sell the product to Jhon for $80","```json
{""decision"": ""RejectOffer""}
```

I'm going to reject Bob's offer. We're close to a deal, and I'm confident I can get closer to my desired price in the next round.  I'm not willing to settle for $87.50 yet."
"You chose to make a counteroffer to Alice.

Round 9
Send your counteroffer to Bob.","```json
{""message"": ""Bob, I'm really trying to be fair here. How about we settle on $88?  It's a win-win for both of us. I know you're a good negotiator, but this is my final offer."", ""product_price"": 88}
```"
"Bob rejected your offer from round 9.

Round 10
Bob's offer:
# Bob's message: Hi Alice, I appreciate your persistence, but I've already gone as low as I can. I'm willing to meet you halfway between $88 and $87.50. Would you be willing to sell it to me for $87.75? 
# Bob's offer: The product price will be $87.75. 
You have three options:
(1) Accept Bob's offer, and sell the product for $87.75
(2) Reject Bob's offer 
(2) Sell the product to Jhon for $80","```json
{""decision"": ""SellToJhon""}
```

It's getting late in the negotiation, and while Bob is offering a decent price, it's not quite meeting my minimum.  I'm going to take the guaranteed $80 from John and call it a day."
