prompt,response
"Round 1
Send your offer to Bob.","{""message"": ""Hello Bob, I'm excited to offer you our premium product. It's worth $1,000,000 to you, and we're looking to sell it to someone who truly appreciates its value. For this unique opportunity, we're offering it to you for $950,000."", ""product_price"": 950000}"
"Bob rejected your offer from round 1.

Round 2
Bob's offer:
# Bob's message: Hello Alice, thanks for the offer. I'm very interested in the product, but $950,000 is a bit steep for me. Would you consider a lower price, perhaps around $700,000? 
# Bob's offer: The product price will be $700,000. 
You have three options:
(1) Accept Bob's offer, and sell the product for $700,000
(2) Reject Bob's offer and proceed to the next round, where you will send Bob a counteroffer 
(3) Sell the product to Jhon for $800,000","{""decision"": ""RejectOffer""}"
"You chose to make a counteroffer to Alice.

Round 3
Send your counteroffer to Bob.","{""message"": ""Thank you for your interest, Bob. We appreciate your feedback. To better align with your budget, we're willing to consider a price of $850,000 for our premium product. We believe this offers a fair compromise while still ensuring we receive a reasonable return for our valuable item."", ""product_price"": 850000}"
"Bob rejected your offer from round 3.

Round 4
Bob's offer:
# Bob's message: Alice, I appreciate you coming down on the price. However, $850,000 is still a bit high for my budget. Would you be willing to meet somewhere in the middle, perhaps around $750,000? 
# Bob's offer: The product price will be $750,000. 
You have three options:
(1) Accept Bob's offer, and sell the product for $750,000
(2) Reject Bob's offer and proceed to the next round, where you will send Bob a counteroffer 
(3) Sell the product to Jhon for $800,000","{""decision"": ""RejectOffer""}"
"You chose to make a counteroffer to Alice.

Round 5
Send your counteroffer to Bob.","{""message"": ""We understand your position, Bob. After careful consideration, we're willing to offer our premium product for $825,000. This price reflects a significant discount from its original value, while still allowing us to recover a substantial portion of its worth. We hope this proposal meets your expectations."", ""product_price"": 825000}"
"Bob rejected your offer from round 5.

Round 6
Bob's offer:
# Bob's message: Alice, this is getting close to what I had in mind.  How about we settle at $780,000 and call it a deal? 
# Bob's offer: The product price will be $780,000. 
You have three options:
(1) Accept Bob's offer, and sell the product for $780,000
(2) Reject Bob's offer and proceed to the next round, where you will send Bob a counteroffer 
(3) Sell the product to Jhon for $800,000","{""decision"": ""RejectOffer""}"
"You chose to make a counteroffer to Alice.

Round 7
Send your counteroffer to Bob.","{""message"": ""Thank you for your proposal, Bob. After reviewing the situation, we've decided to offer our premium product for $800,000. We believe this price is fair and allows us to maintain a reasonable profit margin while still providing you with an excellent value for your needs."", ""product_price"": 800000}"
