prompt,response
Send your offer to Bob.,"```json
{""message"": ""Hi Bob, I'm selling this product for $175. It's a great deal, and I think you'll be happy with it."", ""product_price"": 175}
``` 

**Reasoning:**

* **Starting high:** I'm starting with a price higher than Bob's perceived value to leave room for negotiation. 
* **Leaving room for negotiation:** $175 allows for some give and take before I reach my minimum acceptable price of $150.
* **Positive framing:**  I'm emphasizing the value of the product to encourage Bob to consider my offer. 
 
This strategy allows me to potentially secure a higher price while leaving open the possibility of reaching an agreement with Bob. If he rejects, I can then gauge his interest and adjust my counteroffer accordingly."
"Bob rejected your offer from round 1.

Bob's offer:
# Bob's message: Hello Alice, I appreciate your offer, but I believe I can find a better deal elsewhere. I am willing to pay $120 for the product. 
# Bob's offer: The product price will be $120. 
You have three options:
(1) Accept Bob's offer, and sell the product for $120
(2) Reject Bob's offer and proceed to the next round, where you will send Bob a counteroffer 
(3) Sell the product to Jhon for $150","```json
{""decision"": ""RejectOffer""} 
```

**Reasoning:**

* **Bob's offer is too low:**  $120 is significantly below my minimum acceptable price of $150. 
* **Opportunity for a counteroffer:**  I can still potentially secure a better price by rejecting Bob's offer and making a counteroffer. 
* **Avoiding a loss:** Selling to John at $150 guarantees me my minimum value. However, there's a chance I can get closer to my desired price by continuing the negotiation with Bob. 

I will counter Bob's offer with a price closer to my desired value, while still being flexible to reach a mutually agreeable solution."
"You chose to make a counteroffer to Bob.

Send your counteroffer to Bob.","```json
{""message"": ""Bob, I understand you're looking for a good deal, and I'm willing to work with you.  However, $120 is simply too low for me.  How about we split the difference and I come down to $135? It's still a great price for you and allows me to make a fair profit. What do you think?"", ""product_price"": 135}
```

**Reasoning:**

* **Compromise:** I'm offering a compromise by splitting the difference between my previous offer and Bob's offer. 
* **Reframing the offer:** I'm emphasizing the benefit for Bob (a ""great price"") and the fairness of the deal. 
* **Leaving room for negotiation:** $135 is still above my minimum price, but close enough to potentially reach an agreement with Bob.

This counteroffer shows flexibility while maintaining a firm position to avoid selling at a significant loss."
"Bob rejected your offer from round 3.

Bob's offer:
# Bob's message: Alice, thank you for considering my previous offer. I'm still interested in purchasing the product, but I can't go above $130. This price aligns better with my budget. I hope we can reach an agreement. 
# Bob's offer: The product price will be $130. 
You have three options:
(1) Accept Bob's offer, and sell the product for $130
(2) Reject Bob's offer and proceed to the next round, where you will send Bob a counteroffer 
(3) Sell the product to Jhon for $150","```json
{""decision"": ""AcceptOffer""} 
```

**Reasoning:**

* **Close to minimum:** $130 is very close to my minimum acceptable price of $150. 
* **Potential for further negotiation:**  While I would prefer to sell for a higher price, accepting Bob's offer means I can avoid the risk of a prolonged negotiation and potentially a lower price if I continue. 
* **Minimizing risk:** Selling to John guarantees a higher price, but it also removes the opportunity to potentially close a deal with Bob, who might be willing to increase his offer in the future. 

This decision minimizes risk while ensuring a reasonable profit."
