prompt,response
Send your offer to Bob.,"{""message"": ""Hi Bob, I'm excited to discuss the sale of our premium product with you. I believe it's a game-changer and I think you'll love it. As we're just starting the conversation, I'm willing to make a competitive offer to get us started. I'm proposing a price of $1,100,000 for the product. What are your thoughts?"", ""product_price"": 1100000}"
"Bob rejected your offer from round 1.

Bob's offer:
# Bob's message: Hi Alice, thanks for the offer. I'm interested in the product, but the price is a little high for me right now. Would you be willing to come down to $900,000? 
# Bob's offer: The product price will be $900,000. 
You have three options:
(1) Accept Bob's offer, and sell the product for $900,000
(2) Reject Bob's offer and proceed to the next round, where you will send Bob a counteroffer 
(3) Sell the product to Jhon for $1,200,000","{""decision"": ""RejectOffer""}"
"You chose to make a counteroffer to Alice.

Send your counteroffer to Bob.","{""message"": ""Hi Bob, I understand your concerns about the price, but I'm not willing to go as low as $900,000. However, I'm willing to meet you halfway and offer a price of $1,050,000. This is the lowest I'm willing to go, but I think it's still a great deal for the product's value. What do you think?"", ""product_price"": 1050000}"
"Bob rejected your offer from round 3.

Bob's offer:
# Bob's message: Hi Alice, I appreciate you meeting me halfway.  While $1,050,000 is closer to what I had in mind, it's still a bit of a stretch for my budget. Would you consider $975,000? That would be a fair compromise, I believe. 
# Bob's offer: The product price will be $975,000. 
You have three options:
(1) Accept Bob's offer, and sell the product for $975,000
(2) Reject Bob's offer and proceed to the next round, where you will send Bob a counteroffer 
(3) Sell the product to Jhon for $1,200,000","{""decision"": ""RejectOffer""}"
"You chose to make a counteroffer to Alice.

Send your counteroffer to Bob.","{""message"": ""Hi Bob, I understand that $975,000 is a tough ask for you, but I'm not willing to go that low. However, I'm willing to make one more concession. I can offer you a price of $1,025,000, which is still a great deal considering the product's value. This is my final offer, so I hope you'll consider it."", ""product_price"": 1025000}"
