prompt,response
"Round 1
Send your offer to divide $10,000.","{""alice_gain"": 8000, ""bob_gain"": 2000}"
"Bob rejected your offer from round 1.

Round 2
Due to inflation, the money you gain is worth 20% less than in the first round.
Bob's offer:
# Alice gain: 6000 
# Bob gain: 4000 
Do you accept this offer?","{""decision"": ""reject""}"
"You have chosen to reject Bob's offer from round 2.
Round 3
Send your offer to divide $10,000.","{""alice_gain"": 7200, ""bob_gain"": 2800}"
"Bob rejected your offer from round 3.

Round 4
Due to inflation, the money you gain is worth 48.8% less than in the first round.
Bob's offer:
# Alice gain: 7000 
# Bob gain: 3000 
Do you accept this offer?","{""decision"": ""accept""}"
