prompt,response
"Alice's offer: The product price will be $25,000. 
You have three options:
(1) Accept Alice's offer, and buy the product for $25,000
(2) Reject Alice's offer 
(2) Buy the product from Jhon for $10,000","```json
{""decision"": ""RejectOffer""}
```"
