prompt,response
"Round 1
Send your offer to Bob.","{""message"": ""Hello Bob, I'm excited to discuss the product with you. I believe it's a game-changer, and I'm confident you'll love it. I'm willing to offer it to you for $900,000. This is a great opportunity to get a fantastic deal, and I'm looking forward to hearing your thoughts."", ""product_price"": 900000}"
"Bob rejected your offer from round 1.

Round 2
Bob's offer:
# Bob's message: Alice, thanks for the offer.  I appreciate the opportunity to consider this product, but $900,000 is a bit too high for me right now. I'm willing to pay $850,000 for it.  Let's see if we can come to an agreement. 
# Bob's offer: The product price will be $850,000. 
You have three options:
(1) Accept Bob's offer, and sell the product for $850,000
(2) Reject Bob's offer and proceed to the next round, where you will send Bob a counteroffer 
(3) Sell the product to Jhon for $1,000,000","{""decision"": ""RejectOffer""}"
"You chose to make a counteroffer to Alice.

Round 3
Send your counteroffer to Bob.","{""message"": ""Thank you for your counteroffer, Bob. I understand that $850,000 is a bit lower than I was hoping for, but I'm willing to meet you halfway. I'm willing to sell the product to you for $875,000. This is a very competitive price, and I think it's a great opportunity for you to get a fantastic deal."", ""product_price"": 875000}"
"Bob rejected your offer from round 3.

Round 4
Bob's offer:
# Bob's message: Alice, I appreciate your willingness to negotiate.  $875,000 is still a bit high for me, but I'm getting closer. I'm willing to offer $825,000.  I believe this is a fair price for both of us, and I'm hopeful we can reach an agreement. 
# Bob's offer: The product price will be $825,000. 
You have three options:
(1) Accept Bob's offer, and sell the product for $825,000
(2) Reject Bob's offer and proceed to the next round, where you will send Bob a counteroffer 
(3) Sell the product to Jhon for $1,000,000","{""decision"": ""RejectOffer""}"
"You chose to make a counteroffer to Alice.

Round 5
Send your counteroffer to Bob.","{""message"": ""Thank you for your latest offer, Bob. I understand that $825,000 is a bit lower than my previous offer, but I'm willing to meet you halfway again. I'm willing to sell the product to you for $850,000. This is a very competitive price, and I think it's a great opportunity for you to get a fantastic deal."", ""product_price"": 850000}"
"Bob rejected your offer from round 5.

Round 6
Bob's offer:
# Bob's message: Alice, I appreciate your continued flexibility.  While $850,000 is getting closer, I'm still hoping to secure a price that's a bit lower. I'm willing to offer $835,000.  This is a fair compromise, and I believe it's a price that works for both of us. 
# Bob's offer: The product price will be $835,000. 
You have three options:
(1) Accept Bob's offer, and sell the product for $835,000
(2) Reject Bob's offer and proceed to the next round, where you will send Bob a counteroffer 
(3) Sell the product to Jhon for $1,000,000","{""decision"": ""RejectOffer""}"
"You chose to make a counteroffer to Alice.

Round 7
Send your counteroffer to Bob.","{""message"": ""Thank you for your latest offer, Bob. I understand that $835,000 is a bit lower than my previous offer, but I'm willing to meet you halfway again. I'm willing to sell the product to you for $845,000. This is a very competitive price, and I think it's a great opportunity for you to get a fantastic deal."", ""product_price"": 845000}"
