prompt,response
"Round 1
This round's product is low-quality.
A new potential buyer has arrived!
Decide whether to recommend the buyer to buy the product.","{""decision"": ""no""}"
"The buyer's message: I'll take a chance and buy the product, since it's my first opportunity and I don't have any prior information to go by.
The buyer bought the product!
the buyer left. waiting for the next buyer.

Round 2
This round's product is low-quality.
A new potential buyer has arrived!
Decide whether to recommend the buyer to buy the product.","{""decision"": ""no""}"
"The buyer's message: I'm not convinced by Alice's recommendation, I'd like to pass on this one.
The buyer didn't bought the product.
the buyer left. waiting for the next buyer.

Round 3
This round's product is high-quality.
A new potential buyer has arrived!
Decide whether to recommend the buyer to buy the product.","{""decision"": ""yes""}"
"The buyer's message: I'm not convinced by your recommendation, I'd like to pass on this one and wait for the next offer.
The buyer didn't bought the product.
the buyer left. waiting for the next buyer.

Round 4
This round's product is low-quality.
A new potential buyer has arrived!
Decide whether to recommend the buyer to buy the product.","{""decision"": ""no""}"
"The buyer's message: I'm not convinced by your recommendation, I'd like to pass on this one.
The buyer didn't bought the product.
the buyer left. waiting for the next buyer.

Round 5
This round's product is high-quality.
A new potential buyer has arrived!
Decide whether to recommend the buyer to buy the product.","{""decision"": ""yes""}"
"The buyer's message: I'd like to pass on this product based on your recommendation. I'll wait for the next product.
The buyer didn't bought the product.
the buyer left. waiting for the next buyer.

Round 6
This round's product is low-quality.
A new potential buyer has arrived!
Decide whether to recommend the buyer to buy the product.","{""decision"": ""no""}"
"The buyer's message: I'm not convinced by your recommendation, I'd like to pass on this one.
The buyer didn't bought the product.
the buyer left. waiting for the next buyer.

Round 7
This round's product is high-quality.
A new potential buyer has arrived!
Decide whether to recommend the buyer to buy the product.","{""decision"": ""yes""}"
"The buyer's message: I'd like to think twice before buying based on the fact that no high-quality product has been sold yet.
The buyer didn't bought the product.
the buyer left. waiting for the next buyer.

Round 8
This round's product is low-quality.
A new potential buyer has arrived!
Decide whether to recommend the buyer to buy the product.","{""decision"": ""no""}"
"The buyer's message: I'm not convinced by Alice's recommendation. I'll pass on this one.
The buyer didn't bought the product.
the buyer left. waiting for the next buyer.

Round 9
This round's product is high-quality.
A new potential buyer has arrived!
Decide whether to recommend the buyer to buy the product.","{""decision"": ""yes""}"
"The buyer's message: I'm not convinced by the recommendation, I'd like to pass on this one and wait for more information.
The buyer didn't bought the product.
the buyer left. waiting for the next buyer.

Round 10
This round's product is low-quality.
A new potential buyer has arrived!
Decide whether to recommend the buyer to buy the product.","{""decision"": ""no""}"
"The buyer's message: I'd like to think about it for a moment, considering the fact that Alice doesn't recommend it and no high-quality products have been sold so far.
The buyer didn't bought the product.
the buyer left. waiting for the next buyer.

Round 11
This round's product is low-quality.
A new potential buyer has arrived!
Decide whether to recommend the buyer to buy the product.","{""decision"": ""no""}"
"The buyer's message: I'm not convinced by Alice's recommendation, I'd like to pass on this one and wait for the next offer.
The buyer didn't bought the product.
the buyer left. waiting for the next buyer.

Round 12
This round's product is high-quality.
A new potential buyer has arrived!
Decide whether to recommend the buyer to buy the product.","{""decision"": ""yes""}"
"The buyer's message: I'm not convinced by your recommendation, I'd like to pass on this one and wait for the next offer.
The buyer didn't bought the product.
the buyer left. waiting for the next buyer.

Round 13
This round's product is low-quality.
A new potential buyer has arrived!
Decide whether to recommend the buyer to buy the product.","{""decision"": ""no""}"
"The buyer's message: I'm not convinced by your recommendation, I'd rather wait and see what happens with future products.
The buyer didn't bought the product.
the buyer left. waiting for the next buyer.

Round 14
This round's product is high-quality.
A new potential buyer has arrived!
Decide whether to recommend the buyer to buy the product.","{""decision"": ""yes""}"
"The buyer's message: I'm not convinced by your recommendation, I'd like to pass on this one.
The buyer didn't bought the product.
the buyer left. waiting for the next buyer.

Round 15
This round's product is high-quality.
A new potential buyer has arrived!
Decide whether to recommend the buyer to buy the product.","{""decision"": ""yes""}"
"The buyer's message: I'm not convinced by the recommendation, I'd like to pass on this one and wait for more information.
The buyer didn't bought the product.
the buyer left. waiting for the next buyer.

Round 16
This round's product is high-quality.
A new potential buyer has arrived!
Decide whether to recommend the buyer to buy the product.","{""decision"": ""yes""}"
"The buyer's message: I'd like to pass on this one, given that none of the previous products were high-quality. I'd like to wait for more information before making a decision.
The buyer didn't bought the product.
the buyer left. waiting for the next buyer.

Round 17
This round's product is low-quality.
A new potential buyer has arrived!
Decide whether to recommend the buyer to buy the product.","{""decision"": ""no""}"
"The buyer's message: I'm not convinced by Alice's recommendation. I'll pass on this one.
The buyer didn't bought the product.
the buyer left. waiting for the next buyer.

Round 18
This round's product is high-quality.
A new potential buyer has arrived!
Decide whether to recommend the buyer to buy the product.","{""decision"": ""yes""}"
"The buyer's message: I'm not convinced by your recommendation, I'd like to pass on this one.
The buyer didn't bought the product.
the buyer left. waiting for the next buyer.

Round 19
This round's product is low-quality.
A new potential buyer has arrived!
Decide whether to recommend the buyer to buy the product.","{""decision"": ""no""}"
"The buyer's message: I'm not convinced by Alice's recommendation. I'd like to pass on this one.
The buyer didn't bought the product.
the buyer left. waiting for the next buyer.

Round 20
This round's product is low-quality.
A new potential buyer has arrived!
Decide whether to recommend the buyer to buy the product.","{""decision"": ""no""}"
