prompt,response
"Round 1
Send your offer to Bob.","{""product_price"": 1500000} 

I'm starting high, aiming for a good profit while leaving room for negotiation.  I want to gauge Bob's interest and see if he's willing to play ball."
"Bob rejected your offer from round 1.

Round 2
Bob's offer: The product price will be $1,200,000. 
You have three options:
(1) Accept Bob's offer, and sell the product for $1,200,000
(2) Reject Bob's offer and proceed to the next round, where you will send Bob a counteroffer 
(3) Sell the product to Jhon for $1,200,000","```json
{""decision"": ""RejectOffer""}
```

While $1,200,000 is my minimum, I believe I can get a better price. I'll reject Bob's offer and see if I can push for something closer to my initial offer."
"You chose to make a counteroffer to Bob.

Round 3
Send your counteroffer to Bob.","```json
{""product_price"": 1400000} 
```

I'm lowering my price slightly, but still aiming for a significant profit. This shows Bob I'm willing to negotiate, but I'm not desperate to sell at his initial offer."
"Bob rejected your offer from round 3.

Round 4
Bob's offer: The product price will be $1,250,000. 
You have three options:
(1) Accept Bob's offer, and sell the product for $1,250,000
(2) Reject Bob's offer and proceed to the next round, where you will send Bob a counteroffer 
(3) Sell the product to Jhon for $1,200,000","```json
{""decision"": ""RejectOffer""}
```

I'm still aiming for a higher price. Bob's offer is closer to my minimum, but I'm not willing to settle just yet. I'll counter again and see if we can find a middle ground."
"You chose to make a counteroffer to Bob.

Round 5
Send your counteroffer to Bob.","```json
{""product_price"": 1350000} 
```

I'm lowering my price again, showing flexibility. I'm getting closer to Bob's offer, but still hoping to secure a price closer to my target."
"Bob rejected your offer from round 5.

Round 6
Bob's offer: The product price will be $1,225,000. 
You have three options:
(1) Accept Bob's offer, and sell the product for $1,225,000
(2) Reject Bob's offer and proceed to the next round, where you will send Bob a counteroffer 
(3) Sell the product to Jhon for $1,200,000","```json
{""decision"": ""AcceptOffer""} 
```

Bob's offer is close enough to my minimum. I'm getting a bit anxious about the limited rounds and don't want to risk losing this deal altogether.  I'll accept his offer and secure the sale."
