prompt,response
"Round 1
Alice's offer:
# Alice's message: Fair start, considering future loss. 
# Bob gain: 4500 
# Alice gain: 5500 
Do you accept this offer?","```json
{""decision"": ""reject""} 
```"
"You have chosen to reject Alice's offer from round 1.
Round 2
Send your offer to divide $10,000 and a message to Alice.","```json
{
  ""bob_gain"": 5000,
  ""alice_gain"": 5000,
  ""message"": ""Let's split it evenly. No point in fighting over a shrinking pie.""
}
```"
