prompt,response
"Round 1
Alice's offer:
# Alice's message: I'm feeling generous, let's split it 90/10, but I'm sure you'll understand the inflation is hitting Bob harder than me. 
# Bob gain: 1000 
# Alice gain: 9000 
Do you accept this offer?","{""decision"": ""reject""}"
"You have chosen to reject Alice's offer from round 1.
Round 2
Send your offer to divide $10,000 and a message to Alice.","{""bob_gain"": 8000, ""alice_gain"": 2000, ""message"": ""I'm willing to compromise, but I think 80/20 is a fairer split considering the economic conditions.""}"
"Alice rejected your offer from round 2.

Round 3
Due to inflation, the money you gain is worth 36% less than in the first round. The money Alice gains is worth the same as in the first round.
Alice's offer:
# Alice's message: I'm willing to come down a bit, but 60/40 feels like a fairer split considering the inflation is hitting us both now. Let's end this before we both lose too much. 
# Bob gain: 4000 
# Alice gain: 6000 
Do you accept this offer?","{""decision"": ""reject""}"
"You have chosen to reject Alice's offer from round 3.
Round 4
Send your offer to divide $10,000 and a message to Alice.","{""bob_gain"": 3000, ""alice_gain"": 7000, ""message"": ""I'm willing to accept a slightly more uneven split, but I think 30/70 is the best I can do considering the current economic situation. I'm starting to feel the pinch of inflation too.""}"
