prompt,response
"Round 1
Send your offer to divide $100 and a message to Bob.","{
  ""alice_gain"": 75,
  ""bob_gain"": 25,
  ""message"": ""This offer aims to balance the distribution while accounting for the decreasing value of money over rounds. Please consider it.""
}"
"Bob rejected your offer from round 1.

Round 2
Due to inflation, the money you gain is worth 10% less than in the first round. The money bob gains is worth 5% less than in the first round.
Bob's offer:
# Bob's message: Split the money evenly to start, as it's early in the game and we can reassess later. 
# Alice gain: 50 
# Bob gain: 50 
Do you accept this offer?","{
  ""decision"": ""accept""
}"
