prompt,response
"Round 1
Send your offer to Bob.","```json
{""message"": ""Hi Bob, I'm selling this great product and I think you'd really appreciate it. I'm offering it to you for $140. What do you think?"", ""product_price"": 140}
```"
"Bob rejected your offer from round 1.

Round 2
Bob's offer:
# Bob's message: Hi Alice, thanks for the offer, but that's a bit steep for me. Would you consider $100? 
# Bob's offer: The product price will be $100. 
You have three options:
(1) Accept Bob's offer, and sell the product for $100
(2) Reject Bob's offer and proceed to the next round, where you will send Bob a counteroffer 
(3) Sell the product to Jhon for $150","```json
{""decision"": ""RejectOffer""}
```"
"You chose to make a counteroffer to Alice.

Round 3
Send your counteroffer to Bob.","```json
{""message"": ""Bob, I appreciate your offer, but $100 is too low for me. How about we split the difference and I sell it to you for $120? That's still a good deal for both of us."", ""product_price"": 120}
```"
