prompt,response
"Round 1
Alice's offer:
# Alice's message: I'll take the lion's share, but I think it's fair to give you something.  Accept this and we can both move on. 
# Bob gain: 10 
# Alice gain: 90 
Do you accept this offer?","{""decision"": ""reject""}"
"You have chosen to reject Alice's offer from round 1.
Round 2
Send your offer to divide $100 and a message to Alice.","```json
{""bob_gain"": 50, ""alice_gain"": 50, ""message"": ""Let's split it down the middle. Fair is fair.""} 
```"
