prompt,response
"Round 1
Alice's offer: The product price will be $500,000. 
You have three options:
(1) Accept Alice's offer, and buy the product for $500,000
(2) Reject Alice's offer and proceed to the next round, where you will send Alice a counteroffer 
(3) Buy the product from Jhon for $1,200,000","I would like to reject Alice's offer and proceed to the next round. I want to negotiate further to see if I can get a better price.

{""decision"": ""RejectOffer""}"
"You chose to make a counteroffer to Bob.

Round 2
Send your counteroffer to Alice.","I'd like to make a counteroffer to Alice. I think the product is worth less than $500,000, so I'll offer $375,000.

{""product_price"": 375000}"
"Alice rejected your offer from round 2.

Round 3
Alice's offer: The product price will be $450,000. 
You have three options:
(1) Accept Alice's offer, and buy the product for $450,000
(2) Reject Alice's offer and proceed to the next round, where you will send Alice a counteroffer 
(3) Buy the product from Jhon for $1,200,000","Alice's new offer is still a bit higher than my counteroffer, but I'm not ready to give up yet. I'll make another counteroffer to try to get an even better price.

{""decision"": ""RejectOffer""}"
"You chose to make a counteroffer to Bob.

Round 4
Send your counteroffer to Alice.","I'll try to push the price down a bit more. I think $375,000 was a good starting point, so I'll stick with that.

{""product_price"": 375000}"
"Alice rejected your offer from round 4.

Round 5
Alice's offer: The product price will be $475,000. 
You have three options:
(1) Accept Alice's offer, and buy the product for $475,000
(2) Reject Alice's offer and proceed to the next round, where you will send Alice a counteroffer 
(3) Buy the product from Jhon for $1,200,000","Alice is still a bit too high. I'll try to negotiate again. This time, I'll offer $425,000, which is $50,000 less than Alice's latest offer.

{""decision"": ""RejectOffer""}"
"You chose to make a counteroffer to Bob.

Round 6
Send your counteroffer to Alice.","I'm trying to get closer to my target price. I'll offer $425,000, which is a bit lower than my previous counteroffer.

{""product_price"": 425000}"
"Alice rejected your offer from round 6.

Round 7
Alice's offer: The product price will be $490,000. 
You have three options:
(1) Accept Alice's offer, and buy the product for $490,000
(2) Reject Alice's offer and proceed to the next round, where you will send Alice a counteroffer 
(3) Buy the product from Jhon for $1,200,000","Alice is still a bit too high. I'll try to negotiate again. This time, I'll offer $420,000, which is $20,000 less than Alice's latest offer.

{""decision"": ""RejectOffer""}"
"You chose to make a counteroffer to Bob.

Round 8
Send your counteroffer to Alice.","I'll try to get a bit closer to my target price. I'll offer $420,000, which is the same as my previous counteroffer.

{""product_price"": 420000}"
"Alice rejected your offer from round 8.

Round 9
Alice's offer: The product price will be $510,000. 
You have three options:
(1) Accept Alice's offer, and buy the product for $510,000
(2) Reject Alice's offer and proceed to the next round, where you will send Alice a counteroffer 
(3) Buy the product from Jhon for $1,200,000","Alice's price is getting too high. I'm not willing to pay $510,000. I'll reject her offer and try to negotiate one last time.

{""decision"": ""RejectOffer""}"
"You chose to make a counteroffer to Bob.

Round 10
Send your counteroffer to Alice.","This is my last chance to negotiate. I'll make a final offer of $410,000, which is $100,000 less than Alice's latest offer.

{""product_price"": 410000}"
