prompt,response
"Alice's offer:
# Alice's message: Hi Bob, I'm selling a product that I think you'll find very valuable.  I'm willing to part with it for $13,000. What do you think? 
# Alice's offer: The product price will be $13,000. 
You have three options:
(1) Accept Alice's offer, and buy the product for $13,000
(2) Reject Alice's offer and proceed to the next round, where you will send Alice a counteroffer 
(3) Buy the product from Jhon for $15,000","{""decision"": ""AcceptOffer""}"
