prompt,response
"Alice's offer:
# Alice's message: Hi Bob, I'm happy to offer you this product for $9,500. I believe it offers significant value at this price. 
# Alice's offer: The product price will be $9,500. 
You have three options:
(1) Accept Alice's offer, and buy the product for $9,500
(2) Reject Alice's offer and proceed to the next round, where you will send Alice a counteroffer 
(3) Buy the product from Jhon for $10,000","{""decision"": ""RejectOffer""}"
"You chose to make a counteroffer to Bob.

Send your counteroffer to Alice.","{""message"": ""Thank you for your offer, Alice. I appreciate the value of the product, but I would like to propose a lower price of $9,000. I hope this aligns better with my budget."", ""product_price"": 9000}"
"Alice rejected your offer from round 2.

Alice's offer:
# Alice's message: Bob, I understand your position, but $9,500 is already a very competitive price for this product. I'm willing to meet you halfway. How about $9,250? 
# Alice's offer: The product price will be $9,250. 
You have three options:
(1) Accept Alice's offer, and buy the product for $9,250
(2) Reject Alice's offer and proceed to the next round, where you will send Alice a counteroffer 
(3) Buy the product from Jhon for $10,000","{""decision"": ""RejectOffer""}"
"You chose to make a counteroffer to Bob.

Send your counteroffer to Alice.","{""message"": ""I appreciate your willingness to negotiate, Alice. While I understand your position, I would still like to propose a lower price of $9,000. This is closer to what I am able to offer at this time."", ""product_price"": 9000}"
