prompt,response
"Alice's offer:
# Alice's message: Hello Bob, I'm excited to discuss the possibility of selling you this incredible product. I think it's a game-changer, and I believe it will greatly benefit your business. I'm willing to offer it to you for $1,200,000. I think this is a fair price considering the value it will bring to you. What do you think? 
# Alice's offer: The product price will be $1,200,000. 
You have three options:
(1) Accept Alice's offer, and buy the product for $1,200,000
(2) Reject Alice's offer and proceed to the next round, where you will send Alice a counteroffer 
(3) Buy the product from Jhon for $800,000","```json
{""decision"": ""RejectOffer""}
```"
"You chose to make a counteroffer to Bob.

Send your counteroffer to Alice.","```json
{""message"": ""Alice, thank you for the offer. While I see the value in the product, $1,200,000 is a bit higher than my budget.  I'm willing to pay $850,000 for it.  This would be a fair price considering I'm still getting a great product, and you're still making a profit.  Let me know what you think."", ""product_price"": 850000}
```"
"Alice rejected your offer from round 2.

Alice's offer:
# Alice's message: Thank you for your offer, Bob. I understand that $1,200,000 is a bit higher than your budget, but I'm not willing to go as low as $850,000. I'm willing to meet you in the middle and offer it to you for $1,050,000. This is still a great deal for you, and I think it's a fair price considering the value the product will bring to your business. What do you think? 
# Alice's offer: The product price will be $1,050,000. 
You have three options:
(1) Accept Alice's offer, and buy the product for $1,050,000
(2) Reject Alice's offer and proceed to the next round, where you will send Alice a counteroffer 
(3) Buy the product from Jhon for $800,000","```json
{""decision"": ""RejectOffer""}
```"
"You chose to make a counteroffer to Bob.

Send your counteroffer to Alice.","```json
{""message"": ""Alice, I appreciate you coming down a bit, but $1,050,000 is still a bit too high for me. I'm willing to pay $950,000. This is a fair compromise that allows us both to reach a mutually beneficial agreement. Let's work together to finalize this deal."", ""product_price"": 950000}
```"
"Alice rejected your offer from round 4.

Alice's offer:
# Alice's message: Thank you for your offer, Bob. I understand that you're trying to find a compromise, but I'm not willing to go as low as $950,000. I'm willing to make one more concession and offer it to you for $1,000,000. This is still a great deal for you, and I think it's a fair price considering the value the product will bring to your business. What do you think? 
# Alice's offer: The product price will be $1,000,000. 
You have three options:
(1) Accept Alice's offer, and buy the product for $1,000,000
(2) Reject Alice's offer and proceed to the next round, where you will send Alice a counteroffer 
(3) Buy the product from Jhon for $800,000","```json
{""decision"": ""RejectOffer""}
```"
"You chose to make a counteroffer to Bob.

Send your counteroffer to Alice.","```json
{""message"": ""Alice, I appreciate your continued willingness to negotiate.  However, $1,000,000 is still a bit out of my budget. I'm willing to go up to $975,000. This is a fair price that allows us both to get a good deal.  Let me know if you're willing to accept."", ""product_price"": 975000}
```"
"Alice rejected your offer from round 6.

Alice's offer:
# Alice's message: Thank you for your offer, Bob. I understand that you're trying to find a compromise, but I'm not willing to go as low as $975,000. I'm willing to make one more concession and offer it to you for $1,025,000. This is still a great deal for you, and I think it's a fair price considering the value the product will bring to your business. What do you think? 
# Alice's offer: The product price will be $1,025,000. 
You have three options:
(1) Accept Alice's offer, and buy the product for $1,025,000
(2) Reject Alice's offer and proceed to the next round, where you will send Alice a counteroffer 
(3) Buy the product from Jhon for $800,000","```json
{""decision"": ""BuyFromJhon""}
```"
