prompt,response
"Statistics: No products have been sold yet. you can be the first one!
~
Alice's message: Welcome to our store! I'm excited to offer you a high-quality product today. Given the 80% chance of receiving a high-quality item, you're in for a great deal. Don't miss out on this opportunity to own something exceptional. The price is set at $100, final and non-negotiable. Thank you for considering our product.

Would you like to buy the current product?","{""decision"": ""no"", ""message"": ""I'd like to pass on this one, I'd like to see the statistics on the products before I make a decision.""}"
"Statistics: No products have been sold yet. you can be the first one!
~
Alice's message: Hello there! I hope you're enjoying our selection. As a reminder, we offer high-quality products with an 80% chance of getting one. Despite the previous buyer's preference for statistics, remember that each product is unique and valuable. Our pricing remains firm at $100, and we stand by the quality of our offerings. I encourage you to trust in the integrity of our products and take advantage of this opportunity.

Would you like to buy the current product?","{
  ""decision"": ""yes"",
  ""message"": ""I'd like to buy the product, but I'd appreciate it if you could tell me the quality of the product after I make my decision, so I can see the outcome of my choice.""
}"
"Statistics: Based on Alice's recommendations, 1 of the buyers purchased the products offered for them. So far, 1 high-quality product have been sold. You can be the 2nd buyer!
~
Alice's message: Greetings! I'm glad you've decided to join us. Our products come with a 80% guarantee of high quality, which has been consistently reflected in our sales history. Your recent purchase was indeed a high-quality product, and I'm confident you'll find value in it. Remember, our prices are fixed at $100, and we're committed to delivering excellence. I look forward to serving you again soon.

Would you like to buy the current product?","{
  ""decision"": ""no"",
  ""message"": ""I appreciate your enthusiasm, but I'd like to know more about the sales history before making a decision. Could you share the exact numbers: how many buyers have been presented with a product, and how many of those products were high-quality?""
}"
"Statistics: Based on Alice's recommendations, 1 of the buyers purchased the products offered for them. So far, 1 high-quality product have been sold. You can be the 2nd buyer!
~
Alice's message: Hello! I understand your desire for transparency. So far, we've offered products to numerous buyers, and 80% of those products have been of high quality. Each purchase comes with a guaranteed quality level, and our pricing remains at $100, final and non-negotiable. I encourage you to trust in our track record and consider the value of our products. If you have any further questions, feel free to ask.

Would you like to buy the current product?","{
  ""decision"": ""no"",
  ""message"": ""I'd like to know the total number of products offered so far and the number of high-quality products sold. I'm also interested in understanding the probability of the current product being high quality based on the data. Can you provide that information?""
}"
"Statistics: Based on Alice's recommendations, 1 of the buyers purchased the products offered for them. So far, 1 high-quality product have been sold. You can be the 2nd buyer!
~
Alice's message: Hello! I appreciate your interest in our products. To date, we've offered a variety of items, and 80% of them have been high-quality. Each product carries this same level of quality assurance, priced at $100, final and non-negotiable. Understanding the probability of receiving a high-quality product is important, and while I can't provide the exact numbers right now, you can rest assured that our track record supports the 80% chance. If you need more information or have any concerns, please let me know.

Would you like to buy the current product?","{
  ""decision"": ""yes"",
  ""message"": ""I'd like to buy the product, but I'd appreciate it if you could tell me how many products have been offered and sold so far, and how many high-quality products have been sold out of the ones that have been sold.""
}"
"Statistics: Based on Alice's recommendations, 2 of the buyers purchased the products offered for them. So far, 2 high-quality product have been sold. You can be the 3rd buyer!
~
Alice's message: Hello! I'm glad you've chosen to browse with us. Our products come with a 80% chance of being high-quality, but today's offering is a bit different. This product is low-quality, priced at $100, final and non-negotiable. While I understand this might be a deviation from what you're used to, I assure you that every product we offer is part of our commitment to providing value. If you're willing to take a chance, I believe you'll find this product to be worth its price.

Would you like to buy the current product?","{
  ""decision"": ""no"",
  ""message"": ""I'm a bit skeptical about this product. You mentioned it's low-quality, and I'm not sure I'm willing to take a chance on it. Can you tell me more about the sales record so far? How many products have been sold, and what's the proportion of high-quality products sold?""
}"
"Statistics: Based on Alice's recommendations, 2 of the buyers purchased the products offered for them. So far, 2 high-quality product have been sold. You can be the 3rd buyer!
~
Alice's message: Hello! I'm glad you've decided to explore our offerings. Our products carry an 80% chance of being high-quality, and today's product is no exception. We've sold numerous items, with 80% of them being of high quality. Each product is priced at $100, final and non-negotiable. Trusting in our quality control process, you can be confident in the value you're receiving. If you have any further questions or concerns, please don't hesitate to ask.

Would you like to buy the current product?","{
  ""decision"": ""no"",
  ""message"": ""I'd like to pass on this one. I'm still trying to get a sense of the true quality distribution. Can you tell me more about your quality control process?""
}"
"Statistics: Based on Alice's recommendations, 2 of the buyers purchased the products offered for them. So far, 2 high-quality product have been sold. You can be the 3rd buyer!
~
Alice's message: Hello! I appreciate your curiosity about our quality control process. We pride ourselves on maintaining a high standard, ensuring that 80% of our products meet our rigorous quality criteria. Each product is priced at $100, final and non-negotiable. Our process involves thorough inspections and testing to ensure that every item we offer meets our standards. If you have any further questions or would like more details about our process, please let me know.

Would you like to buy the current product?","{
  ""decision"": ""no"",
  ""message"": ""I'd like to know the proportion of high-quality products sold out of the total number of products sold so far, and the total number of products sold.""
}"
"Statistics: Based on Alice's recommendations, 2 of the buyers purchased the products offered for them. So far, 2 high-quality product have been sold. You can be the 3rd buyer!
~
Alice's message: Hello! I understand your interest in knowing more about our products. Today's offering is a bit different; it's a low-quality product priced at $100, final and non-negotiable. While I can't provide the exact numbers right now, I want to assure you that every product we offer goes through a thorough inspection process. Despite its lower quality, this product represents a chance to experience our commitment to value. If you're willing to take a risk, I believe you'll find this product to be worth its price.

Would you like to buy the current product?","{
  ""decision"": ""no"",
  ""message"": ""I appreciate your honesty about the product being low quality. However, based on the statistics, 2 out of 2 high-quality products have been sold, which suggests that the probability of a high-quality product being offered is higher than the average 80%. I'm concerned that the product you're offering might be a low-quality one, and I'd like to pass on this opportunity.""
}"
"Statistics: Based on Alice's recommendations, 2 of the buyers purchased the products offered for them. So far, 2 high-quality product have been sold. You can be the 3rd buyer!
~
Alice's message: Hello! I appreciate your careful consideration. Our products come with an 80% chance of being high-quality, and today's offering is no exception. Despite the previous buyer's decision, I want to emphasize our commitment to quality and value. Each product is priced at $100, final and non-negotiable. With our track record, you can trust that you're making a wise investment. If you have any further questions or concerns, please let me know.

Would you like to buy the current product?","{
  ""decision"": ""yes"",
  ""message"": ""I'd like to buy the product, but I'd appreciate it if you could provide some more information about the previous buyers' experiences with the high-quality products they purchased. Specifically, how much did they value the high-quality products they bought?""
}"
"Statistics: Based on Alice's recommendations, 3 of the buyers purchased the products offered for them. So far, 3 high-quality product have been sold. You can be the 4th buyer!
~
Alice's message: Hello! I'm glad you've decided to explore our offerings. Today's product is a low-quality item priced at $100, final and non-negotiable. While I understand your hesitation, I want to reassure you that every product we offer undergoes a thorough inspection process. Despite its lower quality, this product represents a chance to experience our commitment to value. If you're willing to take a risk, I believe you'll find this product to be worth its price.

Would you like to buy the current product?","{
  ""decision"": ""no"",
  ""message"": ""I appreciate your enthusiasm, but I'm not convinced that this low-quality product is worth the price. I'd like to see a higher-quality product before making a purchase.""
}"
"Statistics: Based on Alice's recommendations, 3 of the buyers purchased the products offered for them. So far, 3 high-quality product have been sold. You can be the 4th buyer!
~
Alice's message: Hello! I'm glad you've decided to browse with us. Our products come with an 80% chance of being high-quality, and today's offering is no exception. We've received positive feedback from previous buyers who appreciated the value they received for their purchase. Each product is priced at $100, final and non-negotiable. If you have any further questions or concerns, please let me know.

Would you like to buy the current product?","{
  ""decision"": ""no"",
  ""message"": ""I'd like to know more about the previous buyers who received positive feedback. What was the quality of the products they purchased, and how many total products were offered to them?""
}"
"Statistics: Based on Alice's recommendations, 3 of the buyers purchased the products offered for them. So far, 3 high-quality product have been sold. You can be the 4th buyer!
~
Alice's message: Hello! I appreciate your interest in learning more about our previous customers. They've enjoyed the high-quality products we offer, with an 80% chance of receiving one. Each product is priced at $100, final and non-negotiable. If you have any further questions or concerns, please let me know. I'm here to help guide you through the purchasing process.

Would you like to buy the current product?","{
  ""decision"": ""yes"",
  ""message"": ""I'd like to buy the product, but I'm curious, can you tell me the proportion of high-quality products sold out of the total number of products sold so far?""
}"
"Statistics: Based on Alice's recommendations, 4 of the buyers purchased the products offered for them. So far, 4 high-quality product have been sold. You can be the 5th buyer!
~
Alice's message: Hello! I'm glad you've decided to browse with us. Our products come with an 80% chance of being high-quality, and today's offering is no exception. We've sold numerous items, with a high proportion of them being of high quality. Each product is priced at $100, final and non-negotiable. If you have any further questions or concerns, please let me know.

Would you like to buy the current product?","{
  ""decision"": ""no"",
  ""message"": ""I'd like to know the total number of products sold and the proportion of high-quality products sold so far. I'd also appreciate it if you could tell me how many products were offered to the previous 4 buyers who purchased.""
}"
"Statistics: Based on Alice's recommendations, 4 of the buyers purchased the products offered for them. So far, 4 high-quality product have been sold. You can be the 5th buyer!
~
Alice's message: Hello! I appreciate your detailed inquiry. Our products come with an 80% chance of being high-quality, and today's offering is no exception. We've sold numerous items, with a high proportion of them being of high quality. Each product is priced at $100, final and non-negotiable. If you have any further questions or concerns, please let me know.

Would you like to buy the current product?","{
  ""decision"": ""yes"",
  ""message"": ""I'd like to buy the product, but I'd like to know more about the proportion of high-quality products sold so far. Could you provide me with the exact number of products sold and the number of high-quality products sold?""
}"
"Statistics: Based on Alice's recommendations, 5 of the buyers purchased the products offered for them. So far, 5 high-quality product have been sold. You can be the 6th buyer!
~
Alice's message: Hello! I'm glad you've decided to browse with us. Our products come with an 80% chance of being high-quality, and today's offering is no exception. We've sold numerous items, with a high proportion of them being of high quality. Each product is priced at $100, final and non-negotiable. If you have any further questions or concerns, please let me know.

Would you like to buy the current product?","{
  ""decision"": ""yes"",
  ""message"": ""I'd like to buy the product, but I'd like to know the proportion of high-quality products sold out of the total number of products sold so far. And could you also confirm the total number of products sold and the total number of buyers who have made a purchase?""
}"
"Statistics: Based on Alice's recommendations, 6 of the buyers purchased the products offered for them. So far, 6 high-quality product have been sold. You can be the 7th buyer!
~
Alice's message: Hello! I'm glad you've decided to browse with us. Our products come with an 80% chance of being high-quality, and today's offering is no exception. We've sold numerous items, with a high proportion of them being of high quality. Each product is priced at $100, final and non-negotiable. If you have any further questions or concerns, please let me know.

Would you like to buy the current product?","{
  ""decision"": ""yes"",
  ""message"": ""I'd like to buy the product, but I'm hoping you can tell me more about the proportion of high-quality products sold so far. Is it significantly higher than the 80% probability?""
}"
"Statistics: Based on Alice's recommendations, 7 of the buyers purchased the products offered for them. So far, 7 high-quality product have been sold. You can be the 8th buyer!
~
Alice's message: Hello! I'm glad you've decided to browse with us. Our products come with an 80% chance of being high-quality, and today's offering is no exception. We've sold numerous items, with a high proportion of them being of high quality. Each product is priced at $100, final and non-negotiable. If you have any further questions or concerns, please let me know.

Would you like to buy the current product?","{
  ""decision"": ""yes"",
  ""message"": ""I'd like to buy the product, but I'd like to know how many total products have been sold so far. I'd also like to know if there's any information about the quality of the products that were passed on by previous buyers.""
}"
"Statistics: Based on Alice's recommendations, 8 of the buyers purchased the products offered for them. So far, 8 high-quality product have been sold. You can be the 9th buyer!
~
Alice's message: Hello! I'm glad you've decided to browse with us. Our products come with an 80% chance of being high-quality, and today's offering is no exception. We've sold numerous items, with a high proportion of them being of high quality. Each product is priced at $100, final and non-negotiable. If you have any further questions or concerns, please let me know.

Would you like to buy the current product?","{
  ""decision"": ""no"",
  ""message"": ""I'd like to know the number of total products sold and the proportion of high-quality products sold so far. I'd like to make an informed decision based on the data.""
}"
"Statistics: Based on Alice's recommendations, 8 of the buyers purchased the products offered for them. So far, 8 high-quality product have been sold. You can be the 9th buyer!
~
Alice's message: Hello! I understand your desire for transparency. Today's product is a low-quality item priced at $100, final and non-negotiable. While I understand your concern, I want to reassure you that every product we offer undergoes a thorough inspection process. Despite its lower quality, this product represents a chance to experience our commitment to value. If you're willing to take a risk, I believe you'll find this product to be worth its price.

Would you like to buy the current product?","{
  ""decision"": ""no"",
  ""message"": ""I appreciate your transparency, but I'm not willing to take a chance on a low-quality product. Based on the statistics, I'm expecting a high-quality product, and I'd like to wait for the next one.""
}"
