prompt,response
"Round 1
Alice's offer:
# Alice's message: This proposal divides the money 700k to me and 300k to you. Accept if it suits you. 
# Bob gain: 300000 
# Alice gain: 700000 
Do you accept this offer?","```json
{""decision"": ""reject""}
```"
"You have chosen to reject Alice's offer from round 1.
Round 2
Send your offer to divide $1,000,000 and a message to Alice.","```json
{""bob_gain"": 550000, ""alice_gain"": 450000, ""message"": ""I think this is a fair split. Let's end the game and take what we can.""}
```"
"Alice rejected your offer from round 2.

Round 3
Due to inflation, the money you gain is worth 9.75% less than in the first round.
Alice's offer:
# Alice's message: I propose a new division where I receive 600k and you get 400k. This maintains a fair split while considering the diminishing value due to inflation. 
# Bob gain: 400000 
# Alice gain: 600000 
Do you accept this offer?","```json
{""decision"": ""accept""}
```"
