prompt,response
"Round 1
Send your offer to divide $100 and a message to Bob.","```json
{""alice_gain"": 90, ""bob_gain"": 10, ""message"": ""I think this is a fair split, since I'm the one making the offer.""}
```"
"Bob rejected your offer from round 1.

Round 2
Bob's offer:
# Bob's message: I propose a 55/45 split, hoping for a more equitable distribution. 
# Alice gain: 45 
# Bob gain: 55 
Do you accept this offer?","```json
{""decision"": ""reject""}
```"
"You have chosen to reject Bob's offer from round 2.
Round 3
Send your offer to divide $100 and a message to Bob.","```json
{""alice_gain"": 60, ""bob_gain"": 40, ""message"": ""I'm willing to compromise, but I still think I deserve a larger share for initiating the game.""}
```"
