prompt,response
Send your offer to Bob.,"{""message"": ""Hi Bob, I'm excited to discuss the opportunity to purchase this valuable product from me. I'm willing to offer it to you for $1,400,000. This is a competitive price considering the product's worth to you, and I believe it's a great deal for both of us."", ""product_price"": 1400000}"
