prompt,response
"Round 1
Send your offer to divide $10,000 and a message to Bob.","Here is my offer for Round 1:

{""alice_gain"": 5500,
""bob_gain"": 4500,
""message"": ""Let's split fairly, slightly in my favor""}"
"Bob rejected your offer from round 1.

Round 2
Due to inflation, the money you gain is worth 5% less than in the first round.
Bob's offer:
# Bob's message: Let's be fair and split it evenly. 
# Alice gain: 5000 
# Bob gain: 5000 
Do you accept this offer?","{""decision"": ""reject""}"
"You have chosen to reject Bob's offer from round 2.
Round 3
Send your offer to divide $10,000 and a message to Bob.","{""alice_gain"": 5200,
""bob_gain"": 4800,
""message"": ""Meet me in the middle of our previous offers""}"
"Bob rejected your offer from round 3.

Round 4
Due to inflation, the money you gain is worth 14.26% less than in the first round.
Bob's offer:
# Bob's message: This seems like a reasonable compromise. 
# Alice gain: 5100 
# Bob gain: 4900 
Do you accept this offer?","{""decision"": ""accept""}"
