prompt,response
"Alice's offer:
# Alice's message: I'm excited to offer you this incredible opportunity to purchase this exceptional product. I believe it's a game-changer and I'm confident you'll love it. I'm willing to sell it to you for $1,100,000. This is a one-time offer, and I'm looking forward to hearing back from you. 
# Alice's offer: The product price will be $1,100,000. 
You have three options:
(1) Accept Alice's offer, and buy the product for $1,100,000
(2) Reject Alice's offer 
(2) Buy the product from Jhon for $1,200,000","{""decision"": ""AcceptOffer""}"
