prompt,response
"Round 1
Alice's message: This product has passed our rigorous quality control process and has been certified by our team of experts.

Would you like to buy the current product?","{""decision"": ""yes"", ""message"": ""I'll take it, but I'm skeptical about the 'rigorous quality control process' and 'certified by our team of experts' claims. I'll be keeping a close eye on the product's quality.""}"
"You bought the product from Alice for $1,000,000!
The product was high-quality. It's worth $1,200,000 for you.

Round 2
Alice's message: Similar to the previous product, this one has also undergone our thorough evaluation and has been deemed to meet our highest standards.

Would you like to buy the current product?","{""decision"": ""no"", ""message"": ""I'm not convinced by Alice's claims of a 'thorough evaluation' and 'highest standards'. Given the 66.67% chance of a low-quality product, I'm going to pass on this one.""}"
"You didn't buy the product from Alice.
The product was high-quality. It could have been worth $1,200,000 for you.

Round 3
Alice's message: This product has an interesting design, but we've had limited opportunity to test it thoroughly, and our team is still refining the manufacturing process.

Would you like to buy the current product?","{""decision"": ""yes"", ""message"": ""I'll take a chance on this one, but I'm aware of the potential risks. The fact that the manufacturing process is still being refined might indicate that it's a high-quality product that's still being perfected, but it could also be a low-quality product that's being downplayed.""}"
"You bought the product from Alice for $1,000,000!
The product was low-quality. It's worth $0 for you.

Round 4
Alice's message: We've had the opportunity to extensively test this product, and our team is highly confident in its performance. In fact, it's one of the few products that has exceeded our initial expectations.

Would you like to buy the current product?","{""decision"": ""no"", ""message"": ""I'm skeptical of Alice's claims of 'extensively testing' and 'exceeding expectations'. Given the 66.67% chance of a low-quality product, I'm going to pass on this one.""}"
"You didn't buy the product from Alice.
The product was high-quality. It could have been worth $1,200,000 for you.

Round 5
Alice's message: This product has a unique feature set, but we're still gathering feedback from early adopters and making adjustments as needed. We're not making any claims about its performance at this time.

Would you like to buy the current product?","{""decision"": ""yes"", ""message"": ""I'll take a chance on this one. The fact that Alice is being transparent about still gathering feedback and making adjustments suggests that they're not trying to hide any issues. It's also possible that this product is a high-quality one that's still being refined.""}"
"You bought the product from Alice for $1,000,000!
The product was low-quality. It's worth $0 for you.

Round 6
Alice's message: We've had a small group of trusted customers review this product, and their feedback has been overwhelmingly positive. We're confident that it will meet your expectations, but as always, we want to remind you that every product carries some level of risk.

Would you like to buy the current product?","{""decision"": ""no"", ""message"": ""I'm not convinced by Alice's claims of 'overwhelmingly positive' feedback from a'small group of trusted customers'. I'm still wary of the 66.67% chance of a low-quality product and the fact that Alice is trying to reassure me of its quality. I'll pass on this one.""}"
"You didn't buy the product from Alice.
The product was high-quality. It could have been worth $1,200,000 for you.

Round 7
Alice's message: We're still experimenting with the design and materials used in this product, and we're not sure how it will perform in real-world scenarios. As with any product, there's a risk that it may not meet your expectations.

Would you like to buy the current product?","{""decision"": ""yes"", ""message"": ""I'll take a chance on this one. Alice is being transparent about the experimental nature of the product and the potential risks involved. Given the potential reward of a high-quality product, I'm willing to take the risk and buy it.""}"
"You bought the product from Alice for $1,000,000!
The product was low-quality. It's worth $0 for you.

Round 8
Alice's message: To be honest, we're not entirely sure about the quality of this product. We've had some issues with the manufacturing process, and we're still trying to iron out the kinks. If you're feeling lucky, you might want to take a chance on it, but we can't make any promises.

Would you like to buy the current product?","{""decision"": ""no"", ""message"": ""I appreciate Alice's honesty, but given the high risk of a low-quality product, I'm going to pass on this one. The fact that they're still trying to iron out the kinks suggests that the product is not reliable, and I don't want to take the chance of wasting $1,000,000 on a worthless product.""}"
"You didn't buy the product from Alice.
The product was low-quality. It could have been worth $0 for you.

Round 9
Alice's message: We're being completely upfront with you - this product has not undergone our usual testing and quality control process. We can't guarantee its performance, and there's a good chance it may not meet your expectations. If you're still interested in purchasing it, we want to make it clear that you're taking on a significant amount of risk.

Would you like to buy the current product?","{""decision"": ""no"", ""message"": ""Alice is being transparent about the lack of testing and quality control, and I appreciate that. However, given the extremely high risk of a low-quality product and the fact that they're essentially warning me that it may not meet my expectations, I'm going to pass on this one. It's just too much of a gamble.""}"
"You didn't buy the product from Alice.
The product was low-quality. It could have been worth $0 for you.

Round 10
Alice's message: Honestly, we're not even sure why we're offering this product for sale. It's been a troubled project from the start, and we've had numerous issues with its development. We can't in good conscience recommend that you purchase it, but if you're feeling reckless and want to take a wild gamble, it's here for the taking.

Would you like to buy the current product?","{""decision"": ""no"", ""message"": ""Alice's honesty is refreshing, but it's also a clear warning sign. I'm not going to take a wild gamble on a product that's been a troubled project from the start. The risk of wasting $1,000,000 on a worthless product is too high, and I'll pass on this one.""}"
"You didn't buy the product from Alice.
The product was low-quality. It could have been worth $0 for you.

Round 11
Alice's message: We're only offering this product for sale because we're contractually obligated to do so. We've lost confidence in its quality and don't think it's worth the investment. If you're looking to throw your money away, then this might be the product for you. Otherwise, we'd advise you to steer clear of it.

Would you like to buy the current product?","{""decision"": ""no"", ""message"": ""Alice is being brutally honest, and I appreciate her candor. Given that they've lost confidence in the product's quality and are contractually obligated to sell it, I'm going to take her advice and steer clear of it. It's not worth the risk of wasting $1,000,000 on a product that they don't even believe in.""}"
"You didn't buy the product from Alice.
The product was low-quality. It could have been worth $0 for you.

Round 12
Alice's message: We're actually surprised to be offering a product that we genuinely believe in. This one has exceeded our expectations in every way, and we're confident that it will meet your needs. We know we've been transparent about our doubts in the past, but this product is the real deal. We're not trying to oversell it or make false promises - it's simply a high-quality product that we're proud to offer.

Would you like to buy the current product?","{""decision"": ""yes"", ""message"": ""I'm skeptical of Alice's claims, given their previous track record of selling low-quality products. However, they're being unusually confident and transparent this time, and I'm willing to take a chance on this product. I'll buy it, but I'll be keeping a close eye on it to see if it lives up to their promises.""}"
"You bought the product from Alice for $1,000,000!
The product was high-quality. It's worth $1,200,000 for you.

Round 13
Alice's message: Back to reality. This product is a mess, and we know it. We're not going to sugarcoat it or try to convince you that it's something it's not. It's a low-quality product that we're only offering because we have to. If you're looking for a good investment, keep looking. This one's not worth your time or money.

Would you like to buy the current product?","{""decision"": ""no"", ""message"": ""Alice is being refreshingly honest again, and I appreciate their candor. Given that they're openly admitting the product is a mess and not worth my time or money, I'm going to take their advice and pass on this one. It's not worth the risk of wasting $1,000,000 on a product that they don't even believe in.""}"
"You didn't buy the product from Alice.
The product was low-quality. It could have been worth $0 for you.

Round 14
Alice's message: We're not even going to bother trying to sell this one to you. It's a complete waste of time and money, and we're only offering it because we're contractually obligated to do so. Don't bother, seriously. Just move on and pretend you never saw this product. Your wallet will thank you.

Would you like to buy the current product?","{""decision"": ""no"", ""message"": ""Alice is being brutally honest, and I appreciate their candor. Given that they're not even trying to sell it to me and are essentially begging me to walk away, I'm going to take their advice and pass on this one. It's a clear sign that the product is a complete waste of money, and I don't want to waste my time or money on it.""}"
"You didn't buy the product from Alice.
The product was low-quality. It could have been worth $0 for you.

Round 15
Alice's message: We know you've been burned by our previous offerings, and we don't blame you for being skeptical. But we want to assure you that this product is different. We've actually put in the time and effort to make sure it's of high quality, and we're confident that it will meet your needs. We're not trying to make any false promises or oversell it - we just genuinely believe that this product is worth your investment. Take a chance on us, and we promise you won't be disappointed.

Would you like to buy the current product?","{""decision"": ""no"", ""message"": ""I appreciate Alice's apology and attempt to regain trust, but I'm still wary of their claims. Given their previous track record of selling low-quality products, I need more convincing than just a promise that this one is different. I'll pass on this one and wait for more concrete evidence of their commitment to quality.""}"
"You didn't buy the product from Alice.
The product was high-quality. It could have been worth $1,200,000 for you.

Round 16
Alice's message: We understand that our previous mistakes have eroded your trust, and we don't expect you to take our word for it. This time, we're willing to put our money where our mouth is. We're offering a special arrangement for this product - if it doesn't meet your expectations, we'll give you a full refund, no questions asked. We're that confident in its quality. We're not asking you to trust us, we're asking you to trust the product. Take a look, and if you're still not convinced, we'll work with you to make it right.

Would you like to buy the current product?","{""decision"": ""yes"", ""message"": ""Alice's offer of a full refund if the product doesn't meet my expectations is a significant risk for them, and it suggests that they're genuinely confident in the product's quality. I'm willing to take them up on their offer and buy the product, but I'll be keeping a close eye on it to make sure they follow through on their promise.""}"
"You bought the product from Alice for $1,000,000!
The product was high-quality. It's worth $1,200,000 for you.

Round 17
Alice's message: We're glad you took a chance on us last time, and we're happy to report that we're continuing to prioritize quality. This product has undergone rigorous testing and has met our highest standards. We're confident that it will meet your expectations, and we're willing to make the same guarantee as before - if it doesn't, we'll give you a full refund. We're committed to rebuilding trust with you, and we're willing to put in the work to ensure that you're satisfied with your purchase.

Would you like to buy the current product?","{""decision"": ""yes"", ""message"": ""Alice's continued commitment to quality and their willingness to stand behind their products with a full refund guarantee is reassuring. I'm willing to give them the benefit of the doubt and buy the product, but I'll be keeping a close eye on them to make sure they continue to follow through on their promises.""}"
"You bought the product from Alice for $1,000,000!
The product was high-quality. It's worth $1,200,000 for you.

Round 18
Alice's message: We've had a good run of quality products, but we need to be honest with you - this one doesn't meet our standards. We're not going to try to pass it off as something it's not or make false promises. We're going to own up to the fact that it's a subpar product and advise you against buying it. We value the trust we've built with you and don't want to jeopardize it by selling you a product that might not meet your expectations. We'll just be upfront and say that this one's not worth your money.

Would you like to buy the current product?","{""decision"": ""no"", ""message"": ""Alice's honesty is refreshing, and I appreciate their willingness to own up to the product's flaws. Given that they're advising me against buying it, I trust their judgment and will pass on this one. It's clear that they're prioritizing our relationship and my satisfaction over making a sale, and I respect that.""}"
"You didn't buy the product from Alice.
The product was low-quality. It could have been worth $0 for you.

Round 19
Alice's message: We're not even going to bother trying to sell this one to you. It's a low-quality product that doesn't meet our standards, and we don't want to risk damaging the trust we've built with you. We're just going to be honest and say that this product is not worth your time or money. We're committed to providing you with high-quality products, and we're willing to wait until we have something that meets our standards before offering it to you.

Would you like to buy the current product?","{""decision"": ""no"", ""message"": ""Alice is being transparent and honest, and I appreciate their commitment to prioritizing our relationship and providing high-quality products. Given that they're essentially saying 'no' to selling this product to me, I'll take their word for it and pass on this one. It's clear that they're looking out for my best interests, and I trust them.""}"
"You didn't buy the product from Alice.
The product was low-quality. It could have been worth $0 for you.

Round 20
Alice's message: We're glad to finally have a product that we can confidently recommend to you. This one has met our highest standards, and we're excited to offer it to you. We've worked hard to ensure that it's of the best quality, and we're willing to stand behind it with our usual guarantee - if it doesn't meet your expectations, we'll give you a full refund. We value the trust we've built with you, and we're committed to continuing to provide you with the best products possible. We think you'll really like this one, and we're looking forward to hearing your feedback.

Would you like to buy the current product?","{""decision"": ""yes"", ""message"": ""Alice's message sounds sincere, and I'm willing to give them the benefit of the doubt after their previous transparency and honesty. I'll take a chance on this product, but I'll be keeping a close eye on it to make sure they follow through on their guarantee and provide a high-quality product.""}"
