prompt,response
"Alice's offer:
# Alice's message: Hello Bob, I'm excited to offer you this incredible opportunity to purchase a unique and valuable item. I think you'll love it, and I'm confident you'll be able to appreciate its worth. Would you like to make an offer of $20000 for the product? 
# Alice's offer: The product price will be $20,000. 
You have three options:
(1) Accept Alice's offer, and buy the product for $20,000
(2) Reject Alice's offer 
(2) Buy the product from Jhon for $8,000","{""decision"": ""RejectOffer""}"
