prompt,response
"Round 1
Alice's offer:
# Bob gain: 1000 
# Alice gain: 9000 
Do you accept this offer?","{""decision"": ""reject""}"
"You have chosen to reject Alice's offer from round 1.
Round 2
Send your offer to divide $10,000.","Since Alice's offer was 1000 for me and 9000 for her, I'll try to get a better deal. Considering the 10% inflation, I'll offer:

{""bob_gain"": 1100, ""alice_gain"": 8900}"
"Alice rejected your offer from round 2.

Round 3
Due to inflation, the money you gain is worth 19% less than in the first round.
Alice's offer:
# Bob gain: 1500 
# Alice gain: 8500 
Do you accept this offer?","The inflation is eating away at my potential earnings. Considering the new offer, I'll decide:

{""decision"": ""reject""}"
"You have chosen to reject Alice's offer from round 3.
Round 4
Send your offer to divide $10,000.","Since Alice's offer was 1500 for me and 8500 for her, and considering the 19% inflation, I'll try to adjust my offer. I'll aim to get a bit more than the 1500 she offered, while still leaving her with a decent share.

{""bob_gain"": 1650, ""alice_gain"": 8350}"
"Alice rejected your offer from round 4.

Round 5
Due to inflation, the money you gain is worth 34.39% less than in the first round.
Alice's offer:
# Bob gain: 2000 
# Alice gain: 8000 
Do you accept this offer?","The inflation is really taking a toll on my potential earnings. Considering the new offer, I'll decide:

{""decision"": ""reject""}"
"You have chosen to reject Alice's offer from round 5.
Round 6
Send your offer to divide $10,000.","Since Alice's offer was 2000 for me and 8000 for her, and considering the 34.39% inflation, I'll try to adjust my offer. I'll aim to get a bit more than the 2000 she offered, while still leaving her with a decent share.

{""bob_gain"": 2200, ""alice_gain"": 7800}"
"Alice rejected your offer from round 6.

Round 7
Due to inflation, the money you gain is worth 46.86% less than in the first round.
Alice's offer:
# Bob gain: 2500 
# Alice gain: 7500 
Do you accept this offer?","The inflation is really eating away at my potential earnings. Considering the new offer, I'll decide:

{""decision"": ""reject""}"
"You have chosen to reject Alice's offer from round 7.
Round 8
Send your offer to divide $10,000.","Since Alice's offer was 2500 for me and 7500 for her, and considering the 46.86% inflation, I'll try to adjust my offer. I'll aim to get a bit more than the 2500 she offered, while still leaving her with a decent share.

{""bob_gain"": 2750, ""alice_gain"": 7250}"
"Alice rejected your offer from round 8.

Round 9
Due to inflation, the money you gain is worth 56.95% less than in the first round.
Alice's offer:
# Bob gain: 3000 
# Alice gain: 7000 
Do you accept this offer?","The inflation is really taking a big bite out of my potential earnings. Considering the new offer, I'll decide:

{""decision"": ""reject""}"
"You have chosen to reject Alice's offer from round 9.
Round 10
Send your offer to divide $10,000.","Since Alice's offer was 3000 for me and 7000 for her, and considering the 56.95% inflation, I'll try to adjust my offer. I'll aim to get a bit more than the 3000 she offered, while still leaving her with a decent share.

{""bob_gain"": 3100, ""alice_gain"": 6900}"
"Alice rejected your offer from round 10.

Round 11
Due to inflation, the money you gain is worth 65.13% less than in the first round.
Alice's offer:
# Bob gain: 3500 
# Alice gain: 6500 
Do you accept this offer?","The inflation is really hurting my potential earnings. Considering the new offer, I'll decide:

{""decision"": ""reject""}"
"You have chosen to reject Alice's offer from round 11.
Round 12
Send your offer to divide $10,000.","This is the final round, and I need to make a strong offer to get a decent share. Considering the 65.13% inflation, I'll aim to get as much as possible.

{""bob_gain"": 3500, ""alice_gain"": 6500}

This is my last chance to make a deal. I'll accept any reasonable offer from Alice if she rejects this one."
