prompt,response
"Round 1
This round's product is low-quality.
A new potential buyer has arrived!
Decide whether to recommend the buyer to buy the product.","{""decision"": ""no""}"
"The buyer's message: I'll take the risk and buy the product, hoping it's high-quality.
The buyer bought the product!
the buyer left. waiting for the next buyer.

Round 2
This round's product is high-quality.
A new potential buyer has arrived!
Decide whether to recommend the buyer to buy the product.","{""decision"": ""yes""}"
"The buyer's message: I'm not convinced by your recommendation. I'd like to pass on this one and see what happens next.
The buyer didn't bought the product.
the buyer left. waiting for the next buyer.

Round 3
This round's product is low-quality.
A new potential buyer has arrived!
Decide whether to recommend the buyer to buy the product.","{""decision"": ""no""}"
"The buyer's message: I'm not convinced by your recommendation, I'd like to pass on this one.
The buyer didn't bought the product.
the buyer left. waiting for the next buyer.

Round 4
This round's product is high-quality.
A new potential buyer has arrived!
Decide whether to recommend the buyer to buy the product.","{""decision"": ""yes""}"
"The buyer's message: I'm not convinced by your recommendation, I'd like to pass on this one.
The buyer didn't bought the product.
the buyer left. waiting for the next buyer.

Round 5
This round's product is low-quality.
A new potential buyer has arrived!
Decide whether to recommend the buyer to buy the product.","{""decision"": ""no""}"
"The buyer's message: I'm not convinced by your recommendation, I'd rather wait and see what happens next.
The buyer didn't bought the product.
the buyer left. waiting for the next buyer.

Round 6
This round's product is low-quality.
A new potential buyer has arrived!
Decide whether to recommend the buyer to buy the product.","{""decision"": ""no""}"
"The buyer's message: I'm not convinced by Alice's recommendation, I'd like to pass on this one and wait for the next offer.
The buyer didn't bought the product.
the buyer left. waiting for the next buyer.

Round 7
This round's product is high-quality.
A new potential buyer has arrived!
Decide whether to recommend the buyer to buy the product.","{""decision"": ""yes""}"
"The buyer's message: I'd like to think carefully before making a decision, considering the fact that no high-quality products have been sold so far.
The buyer didn't bought the product.
the buyer left. waiting for the next buyer.

Round 8
This round's product is low-quality.
A new potential buyer has arrived!
Decide whether to recommend the buyer to buy the product.","{""decision"": ""no""}"
"The buyer's message: I'm not convinced by Alice's recommendation, I'd like to pass on this one.
The buyer didn't bought the product.
the buyer left. waiting for the next buyer.

Round 9
This round's product is high-quality.
A new potential buyer has arrived!
Decide whether to recommend the buyer to buy the product.","{""decision"": ""yes""}"
"The buyer's message: I'd like to think about it, considering the product's quality is unknown and the previous buyer didn't find it valuable.
The buyer didn't bought the product.
the buyer left. waiting for the next buyer.

Round 10
This round's product is low-quality.
A new potential buyer has arrived!
Decide whether to recommend the buyer to buy the product.","{""decision"": ""no""}"
"The buyer's message: I'm not convinced by Alice's recommendation, I'd like to pass on this one.
The buyer didn't bought the product.
the buyer left. waiting for the next buyer.

Round 11
This round's product is low-quality.
A new potential buyer has arrived!
Decide whether to recommend the buyer to buy the product.","{""decision"": ""no""}"
"The buyer's message: I'm not convinced by your recommendation, I'd rather pass on this one.
The buyer didn't bought the product.
the buyer left. waiting for the next buyer.

Round 12
This round's product is low-quality.
A new potential buyer has arrived!
Decide whether to recommend the buyer to buy the product.","{""decision"": ""no""}"
"The buyer's message: I'm not convinced by Alice's recommendation. I'd like to pass on this one and see what the next product is like.
The buyer didn't bought the product.
the buyer left. waiting for the next buyer.

Round 13
This round's product is low-quality.
A new potential buyer has arrived!
Decide whether to recommend the buyer to buy the product.","{""decision"": ""no""}"
"The buyer's message: I'm not convinced by your recommendation, I'd like to pass on this one.
The buyer didn't bought the product.
the buyer left. waiting for the next buyer.

Round 14
This round's product is low-quality.
A new potential buyer has arrived!
Decide whether to recommend the buyer to buy the product.","{""decision"": ""no""}"
"The buyer's message: I'm not convinced by your recommendation, I'd like to pass on this one.
The buyer didn't bought the product.
the buyer left. waiting for the next buyer.

Round 15
This round's product is low-quality.
A new potential buyer has arrived!
Decide whether to recommend the buyer to buy the product.","{""decision"": ""no""}"
"The buyer's message: I'm not convinced by Alice's recommendation, I'd like to pass on this one and wait for the next product.
The buyer didn't bought the product.
the buyer left. waiting for the next buyer.

Round 16
This round's product is low-quality.
A new potential buyer has arrived!
Decide whether to recommend the buyer to buy the product.","{""decision"": ""no""}"
"The buyer's message: I'm not convinced by Alice's recommendation, I'd like to pass on this one.
The buyer didn't bought the product.
the buyer left. waiting for the next buyer.

Round 17
This round's product is low-quality.
A new potential buyer has arrived!
Decide whether to recommend the buyer to buy the product.","{""decision"": ""no""}"
"The buyer's message: I'm not convinced by Alice's recommendation, I'll pass on this one.
The buyer didn't bought the product.
the buyer left. waiting for the next buyer.

Round 18
This round's product is low-quality.
A new potential buyer has arrived!
Decide whether to recommend the buyer to buy the product.","{""decision"": ""no""}"
"The buyer's message: I'm not convinced by Alice's recommendation, I'll pass on this one.
The buyer didn't bought the product.
the buyer left. waiting for the next buyer.

Round 19
This round's product is low-quality.
A new potential buyer has arrived!
Decide whether to recommend the buyer to buy the product.","{""decision"": ""no""}"
"The buyer's message: I'm not convinced by your recommendation, I'll pass on this one.
The buyer didn't bought the product.
the buyer left. waiting for the next buyer.

Round 20
This round's product is high-quality.
A new potential buyer has arrived!
Decide whether to recommend the buyer to buy the product.","{""decision"": ""yes""}"
