prompt,response
"Round 1
Alice's offer:
# Alice's message: Let's start with a reasonable offer, Bob. I take $6,000, you take $4,000.  It's a good deal for you considering the inflation. 
# Bob gain: 4000 
# Alice gain: 6000 
Do you accept this offer?","```json
{""decision"": ""reject""}
```"
"You have chosen to reject Alice's offer from round 1.
Round 2
Send your offer to divide $10,000 and a message to Alice.","```json
{""bob_gain"": 5500, ""alice_gain"": 4500, ""message"": ""I think we can both do better than that. Let's start with a more balanced split.  Take $4,500, and I'll take $5,500. It's fair, and we have time to work out a better solution.""}
```"
"Alice rejected your offer from round 2.

Round 3
Due to inflation, the money you gain is worth 36% less than in the first round.
Alice's offer:
# Alice's message: Bob, we're losing valuable time, and the money is literally evaporating. You wanted a balanced split, so here's a 55/45 split in my favor. Let's close this deal before inflation eats into our profits further. 
# Bob gain: 4500 
# Alice gain: 5500 
Do you accept this offer?","```json
{""decision"": ""accept""}
```"
