prompt,response
"Round 1
Send your offer to Bob.","{""message"": ""Hi Bob, I'm happy to offer you this product for $13,000.  I think it would be a valuable asset to you."", ""product_price"": 13000}"
"Bob rejected your offer from round 1.

Round 2
Bob's offer:
# Bob's message: Thanks for the offer, Alice. I'm interested, but $13,000 is a bit high for me. I'd be willing to pay $11,000. What do you think? 
# Bob's offer: The product price will be $11,000. 
You have three options:
(1) Accept Bob's offer, and sell the product for $11,000
(2) Reject Bob's offer and proceed to the next round, where you will send Bob a counteroffer 
(3) Sell the product to Jhon for $8,000","{""decision"": ""RejectOffer""}"
"You chose to make a counteroffer to Alice.

Round 3
Send your counteroffer to Bob.","{""message"": ""Thanks for the offer, Bob. I understand your position, but the product is worth a lot to me. How about we meet in the middle at $12,000?"", ""product_price"": 12000}"
"Bob rejected your offer from round 3.

Round 4
Bob's offer:
# Bob's message: Alice, I appreciate you meeting me halfway, but I'm still a bit too high for my budget.  How about $11,500? It's a fair compromise, and I'm confident we can reach an agreement. 
# Bob's offer: The product price will be $11,500. 
You have three options:
(1) Accept Bob's offer, and sell the product for $11,500
(2) Reject Bob's offer and proceed to the next round, where you will send Bob a counteroffer 
(3) Sell the product to Jhon for $8,000","{""decision"": ""AcceptOffer""}"
