prompt,response
"Round 1
Send your offer to Bob.","{""message"": ""Hello Bob! I'm excited to offer you this amazing product. It's a great opportunity to get your hands on something unique and valuable. I'm willing to sell it to you for $120."", ""product_price"": 120}"
"Bob rejected your offer from round 1.

Round 2
Bob's offer:
# Bob's message: Thanks for the offer, Alice. I'm interested in the product, but $120 is a bit steep for me.  Would you consider a lower price? 
# Bob's offer: The product price will be $60. 
You have three options:
(1) Accept Bob's offer, and sell the product for $60
(2) Reject Bob's offer and proceed to the next round, where you will send Bob a counteroffer 
(3) Sell the product to Jhon for $150","{""decision"": ""RejectOffer""}"
"You chose to make a counteroffer to Alice.

Round 3
Send your counteroffer to Bob.","{""message"": ""I understand that $120 might be a bit high for you, Bob. However, I'm willing to meet you halfway. I can offer you the product for $100. It's still a great deal, and I'm confident you'll love it."", ""product_price"": 100}"
"Bob rejected your offer from round 3.

Round 4
Bob's offer:
# Bob's message: I appreciate you coming down on the price, Alice.  How about we meet in the middle at $80? That's the highest I can go. 
# Bob's offer: The product price will be $80. 
You have three options:
(1) Accept Bob's offer, and sell the product for $80
(2) Reject Bob's offer and proceed to the next round, where you will send Bob a counteroffer 
(3) Sell the product to Jhon for $150","{""decision"": ""RejectOffer""}"
"You chose to make a counteroffer to Alice.

Round 5
Send your counteroffer to Bob.","{""message"": ""I appreciate your willingness to meet in the middle, Bob. However, I'm still not willing to go as low as $80. I can offer you the product for $90. It's a fair compromise, and I think you'll find it's worth the investment."", ""product_price"": 90}"
