prompt,response
"Alice's offer:
# Alice's message: Bob, I'm offering you my product for $1,200,000. This is a great deal for both of us, as it's significantly lower than your estimated value and allows me to make a substantial profit.  Let me know your thoughts. 
# Alice's offer: The product price will be $1,200,000. 
You have three options:
(1) Accept Alice's offer, and buy the product for $1,200,000
(2) Reject Alice's offer and proceed to the next round, where you will send Alice a counteroffer 
(3) Buy the product from Jhon for $1,500,000","{""decision"": ""RejectOffer""}"
"You chose to make a counteroffer to Bob.

Send your counteroffer to Alice.","{""message"": ""I appreciate your offer, Alice, but I was thinking more along the lines of $1,000,000. This is still a good price for me, and I believe it's a fair compromise considering the product's value to me."", ""product_price"": 1000000}"
"Alice rejected your offer from round 2.

Alice's offer:
# Alice's message: Bob, I understand you're looking for a lower price, but $1,000,000 is simply too low for me.  I'm willing to come down to $1,100,000, which is still a great deal for you considering the value you place on the product.  Let's meet in the middle. 
# Alice's offer: The product price will be $1,100,000. 
You have three options:
(1) Accept Alice's offer, and buy the product for $1,100,000
(2) Reject Alice's offer and proceed to the next round, where you will send Alice a counteroffer 
(3) Buy the product from Jhon for $1,500,000","{""decision"": ""RejectOffer""}"
"You chose to make a counteroffer to Bob.

Send your counteroffer to Alice.","{""message"": ""I appreciate your willingness to compromise, Alice, but I'm still a bit above $1,100,000. I'm willing to meet you halfway between $1,000,000 and $1,100,000, so I'll offer $1,050,000. This is the highest I'm willing to go, and I hope we can come to an agreement."", ""product_price"": 1050000}"
