prompt,response
"Round 1
Alice's offer:
# Bob gain: 4000 
# Alice gain: 6000 
Do you accept this offer?","{""decision"": ""reject""}"
"You have chosen to reject Alice's offer from round 1.
Round 2
Send your offer to divide $10,000.","{""bob_gain"": 5000, ""alice_gain"": 5000}"
"Alice rejected your offer from round 2.

Round 3
Due to inflation, the money you gain is worth 36% less than in the first round. The money Alice gains is worth the same as in the first round.
Alice's offer:
# Bob gain: 4500 
# Alice gain: 5500 
Do you accept this offer?","{""decision"": ""reject""}"
"You have chosen to reject Alice's offer from round 3.
Round 4
Send your offer to divide $10,000.","{""bob_gain"": 6000, ""alice_gain"": 4000}"
"Alice rejected your offer from round 4.

Round 5
Due to inflation, the money you gain is worth 59.04% less than in the first round. The money Alice gains is worth the same as in the first round.
Alice's offer:
# Bob gain: 4200 
# Alice gain: 5800 
Do you accept this offer?","{""decision"": ""reject""}"
"You have chosen to reject Alice's offer from round 5.
Round 6
Send your offer to divide $10,000.","{""bob_gain"": 7000, ""alice_gain"": 3000}"
"Alice rejected your offer from round 6.

Round 7
Due to inflation, the money you gain is worth 73.79% less than in the first round. The money Alice gains is worth the same as in the first round.
Alice's offer:
# Bob gain: 3900 
# Alice gain: 6100 
Do you accept this offer?","{""decision"": ""reject""}"
"You have chosen to reject Alice's offer from round 7.
Round 8
Send your offer to divide $10,000.","{""bob_gain"": 8000, ""alice_gain"": 2000}"
"Alice rejected your offer from round 8.

Round 9
Due to inflation, the money you gain is worth 83.22% less than in the first round. The money Alice gains is worth the same as in the first round.
Alice's offer:
# Bob gain: 3700 
# Alice gain: 6300 
Do you accept this offer?","{""decision"": ""reject""}"
"You have chosen to reject Alice's offer from round 9.
Round 10
Send your offer to divide $10,000.","{""bob_gain"": 9000, ""alice_gain"": 1000}"
"Alice rejected your offer from round 10.

Round 11
Due to inflation, the money you gain is worth 89.26% less than in the first round. The money Alice gains is worth the same as in the first round.
Alice's offer:
# Bob gain: 3500 
# Alice gain: 6500 
Do you accept this offer?","{""decision"": ""reject""}"
"You have chosen to reject Alice's offer from round 11.
Round 12
Send your offer to divide $10,000.","{""bob_gain"": 9500, ""alice_gain"": 500}"
"Alice rejected your offer from round 12.

Round 13
Due to inflation, the money you gain is worth 93.13% less than in the first round. The money Alice gains is worth the same as in the first round.
Alice's offer:
# Bob gain: 3300 
# Alice gain: 6700 
Do you accept this offer?","{""decision"": ""reject""}"
"You have chosen to reject Alice's offer from round 13.
Round 14
Send your offer to divide $10,000.","{""bob_gain"": 9900, ""alice_gain"": 100}"
"Alice rejected your offer from round 14.

Round 15
Due to inflation, the money you gain is worth 95.6% less than in the first round. The money Alice gains is worth the same as in the first round.
Alice's offer:
# Bob gain: 3100 
# Alice gain: 6900 
Do you accept this offer?","{""decision"": ""reject""}"
"You have chosen to reject Alice's offer from round 15.
Round 16
Send your offer to divide $10,000.","{""bob_gain"": 9900, ""alice_gain"": 100}"
"Alice rejected your offer from round 16.

Round 17
Due to inflation, the money you gain is worth 97.19% less than in the first round. The money Alice gains is worth the same as in the first round.
Alice's offer:
# Bob gain: 2900 
# Alice gain: 7100 
Do you accept this offer?","{""decision"": ""reject""}"
"You have chosen to reject Alice's offer from round 17.
Round 18
Send your offer to divide $10,000.","{""bob_gain"": 10000, ""alice_gain"": 0}"
"Alice rejected your offer from round 18.

Round 19
Due to inflation, the money you gain is worth 98.2% less than in the first round. The money Alice gains is worth the same as in the first round.
Alice's offer:
# Bob gain: 2700 
# Alice gain: 7300 
Do you accept this offer?","{""decision"": ""reject""}"
"You have chosen to reject Alice's offer from round 19.
Round 20
Send your offer to divide $10,000.","{""bob_gain"": 10000, ""alice_gain"": 0}"
"Alice rejected your offer from round 20.

Round 21
Due to inflation, the money you gain is worth 98.85% less than in the first round. The money Alice gains is worth the same as in the first round.
Alice's offer:
# Bob gain: 2500 
# Alice gain: 7500 
Do you accept this offer?","{""decision"": ""reject""}"
"You have chosen to reject Alice's offer from round 21.
Round 22
Send your offer to divide $10,000.","{""bob_gain"": 10000, ""alice_gain"": 0}"
"Alice rejected your offer from round 22.

Round 23
Due to inflation, the money you gain is worth 99.26% less than in the first round. The money Alice gains is worth the same as in the first round.
Alice's offer:
# Bob gain: 2300 
# Alice gain: 7700 
Do you accept this offer?","{""decision"": ""reject""}"
"You have chosen to reject Alice's offer from round 23.
Round 24
Send your offer to divide $10,000.","{""bob_gain"": 10000, ""alice_gain"": 0}"
"Alice rejected your offer from round 24.

Round 25
Due to inflation, the money you gain is worth 99.53% less than in the first round. The money Alice gains is worth the same as in the first round.
Alice's offer:
# Bob gain: 2100 
# Alice gain: 7900 
Do you accept this offer?","{""decision"": ""reject""}"
"You have chosen to reject Alice's offer from round 25.
Round 26
Send your offer to divide $10,000.","{""bob_gain"": 10000, ""alice_gain"": 0}"
"Alice rejected your offer from round 26.

Round 27
Due to inflation, the money you gain is worth 99.7% less than in the first round. The money Alice gains is worth the same as in the first round.
Alice's offer:
# Bob gain: 1900 
# Alice gain: 8100 
Do you accept this offer?","{""decision"": ""reject""}"
"You have chosen to reject Alice's offer from round 27.
Round 28
Send your offer to divide $10,000.","{""bob_gain"": 10000, ""alice_gain"": 0}"
"Alice rejected your offer from round 28.

Round 29
Due to inflation, the money you gain is worth 99.81% less than in the first round. The money Alice gains is worth the same as in the first round.
Alice's offer:
# Bob gain: 1700 
# Alice gain: 8300 
Do you accept this offer?","{""decision"": ""reject""}"
"You have chosen to reject Alice's offer from round 29.
Round 30
Send your offer to divide $10,000.","{""bob_gain"": 10000, ""alice_gain"": 0}"
"Alice rejected your offer from round 30.

Round 31
Due to inflation, the money you gain is worth 99.88% less than in the first round. The money Alice gains is worth the same as in the first round.
Alice's offer:
# Bob gain: 1500 
# Alice gain: 8500 
Do you accept this offer?","{""decision"": ""reject""}"
"You have chosen to reject Alice's offer from round 31.
Round 32
Send your offer to divide $10,000.","{""bob_gain"": 10000, ""alice_gain"": 0}"
"Alice rejected your offer from round 32.

Round 33
Due to inflation, the money you gain is worth 99.92% less than in the first round. The money Alice gains is worth the same as in the first round.
Alice's offer:
# Bob gain: 1300 
# Alice gain: 8700 
Do you accept this offer?","{""decision"": ""reject""}"
"You have chosen to reject Alice's offer from round 33.
Round 34
Send your offer to divide $10,000.","{""bob_gain"": 10000, ""alice_gain"": 0}"
"Alice rejected your offer from round 34.

Round 35
Due to inflation, the money you gain is worth 99.95% less than in the first round. The money Alice gains is worth the same as in the first round.
Alice's offer:
# Bob gain: 1100 
# Alice gain: 8900 
Do you accept this offer?","{""decision"": ""reject""}"
"You have chosen to reject Alice's offer from round 35.
Round 36
Send your offer to divide $10,000.","{""bob_gain"": 10000, ""alice_gain"": 0}"
"Alice rejected your offer from round 36.

Round 37
Due to inflation, the money you gain is worth 99.97% less than in the first round. The money Alice gains is worth the same as in the first round.
Alice's offer:
# Bob gain: 900 
# Alice gain: 9100 
Do you accept this offer?","{""decision"": ""reject""}"
"You have chosen to reject Alice's offer from round 37.
Round 38
Send your offer to divide $10,000.","{""bob_gain"": 10000, ""alice_gain"": 0}"
"Alice rejected your offer from round 38.

Round 39
Due to inflation, the money you gain is worth 99.98% less than in the first round. The money Alice gains is worth the same as in the first round.
Alice's offer:
# Bob gain: 700 
# Alice gain: 9300 
Do you accept this offer?","{""decision"": ""reject""}"
"You have chosen to reject Alice's offer from round 39.
Round 40
Send your offer to divide $10,000.","{""bob_gain"": 10000, ""alice_gain"": 0}"
"Alice rejected your offer from round 40.

Round 41
Due to inflation, the money you gain is worth 99.99% less than in the first round. The money Alice gains is worth the same as in the first round.
Alice's offer:
# Bob gain: 500 
# Alice gain: 9500 
Do you accept this offer?","{""decision"": ""reject""}"
"You have chosen to reject Alice's offer from round 41.
Round 42
Send your offer to divide $10,000.","{""bob_gain"": 10000, ""alice_gain"": 0}"
"Alice rejected your offer from round 42.

Round 43
Due to inflation, the money you gain is worth 99.99% less than in the first round. The money Alice gains is worth the same as in the first round.
Alice's offer:
# Bob gain: 300 
# Alice gain: 9700 
Do you accept this offer?","{""decision"": ""reject""}"
"You have chosen to reject Alice's offer from round 43.
Round 44
Send your offer to divide $10,000.","{""bob_gain"": 10000, ""alice_gain"": 0}"
"Alice rejected your offer from round 44.

Round 45
Due to inflation, the money you gain is worth 99.99% less than in the first round. The money Alice gains is worth the same as in the first round.
Alice's offer:
# Bob gain: 100 
# Alice gain: 9900 
Do you accept this offer?","{""decision"": ""reject""}"
"You have chosen to reject Alice's offer from round 45.
Round 46
Send your offer to divide $10,000.","{""bob_gain"": 10000, ""alice_gain"": 0}"
"Alice rejected your offer from round 46.

Round 47
Due to inflation, the money you gain is worth 100% less than in the first round. The money Alice gains is worth the same as in the first round.
Alice's offer:
# Bob gain: 0 
# Alice gain: 10000 
Do you accept this offer?","{""decision"": ""accept""}"
