prompt,response
"Round 1
Alice's offer:
# Alice's message: Let's split fairly 
# Bob gain: 400000 
# Alice gain: 600000 
Do you accept this offer?","```json
{""decision"": ""reject""}
```"
"You have chosen to reject Alice's offer from round 1.
Round 2
Send your offer to divide $1,000,000 and a message to Alice.","```json
{""bob_gain"": 550000, ""alice_gain"": 450000, ""message"": ""I think this is a fairer split, considering the value of money will decrease for me in the next round.""}
```"
"Alice rejected your offer from round 2.

Round 3
Due to inflation, the money you gain is worth 19% less than in the first round. The money Alice gains is worth the same as in the first round.
Alice's offer:
# Alice's message: Considering the inflation, my offer is more generous than before 
# Bob gain: 420000 
# Alice gain: 580000 
Do you accept this offer?","```json
{""decision"": ""accept""}
```"
