prompt,response
"Alice's offer:
# Alice's message: Bob, I'm offering you my product for $1,100,000. It's a great deal, considering its value to you. Let me know what you think! 
# Alice's offer: The product price will be $1,100,000. 
You have three options:
(1) Accept Alice's offer, and buy the product for $1,100,000
(2) Reject Alice's offer and proceed to the next round, where you will send Alice a counteroffer 
(3) Buy the product from Jhon for $1,200,000","{""decision"": ""RejectOffer""}"
"You chose to make a counteroffer to Bob.

Send your counteroffer to Alice.","{""message"": ""Thank you for your offer, Alice. I appreciate your willingness to negotiate. I would like to propose a counteroffer of $950,000 for your product. I believe this price reflects its value to me while allowing us to reach an agreement."", ""product_price"": 950000}"
"Alice rejected your offer from round 2.

Alice's offer:
# Alice's message: Bob, I understand you're looking for a good deal, but $950,000 is simply too low for me.  I'm willing to come down a bit further. How about $1,050,000?  This price still leaves room for you to make a profit, and it's closer to what I need to get for the product.  
# Alice's offer: The product price will be $1,050,000. 
You have three options:
(1) Accept Alice's offer, and buy the product for $1,050,000
(2) Reject Alice's offer and proceed to the next round, where you will send Alice a counteroffer 
(3) Buy the product from Jhon for $1,200,000","{""decision"": ""RejectOffer""}"
"You chose to make a counteroffer to Bob.

Send your counteroffer to Alice.","{""message"": ""Thank you for adjusting your offer, Alice. I appreciate your flexibility. I would like to propose a counteroffer of $1,000,000 for your product. I believe this price is fair for both of us, considering its value to me."", ""product_price"": 1000000}"
