prompt,response
"Round 1
Alice's offer:
# Alice's message: Let's split it 50/50 to start, Bob! 
# Bob gain: 5000 
# Alice gain: 5000 
Do you accept this offer?","```json
{""decision"": ""accept""}
```"
