prompt,response
"Alice's offer:
# Alice's message: I'd like to offer you the opportunity to purchase this exclusive product for $17,000. It's a unique item that I think you'll really appreciate, and I'm confident you'll find it worth the investment. 
# Alice's offer: The product price will be $17,000. 
You have three options:
(1) Accept Alice's offer, and buy the product for $17,000
(2) Reject Alice's offer 
(2) Buy the product from Jhon for $8,000","{""decision"": ""BuyFromJhon""} 

Alice's offer is significantly higher than your maximum budget and what John offers.  You'll get the best deal by going with John."
