prompt,response
"Round 1
Alice's offer:
# Alice's message: Let's start with a reasonable offer, Bob. I take 60% and you get 40%. 
# Bob gain: 400000 
# Alice gain: 600000 
Do you accept this offer?","```json
{""decision"": ""reject""}
```"
"You have chosen to reject Alice's offer from round 1.
Round 2
Send your offer to divide $1,000,000 and a message to Alice.","```json
{""bob_gain"": 600000, ""alice_gain"": 400000, ""message"": ""I think a 60/40 split is more fair, with me taking 60%.""}
```"
"Alice rejected your offer from round 2.

Round 3
Due to inflation,  the money Alice gains is worth 19% less than in the first round. The money you gains is worth the same as in the first round.
Alice's offer:
# Alice's message: Bob, my offer is getting worse for me with each round. Let's settle this now, 55% for me and 45% for you. 
# Bob gain: 450000 
# Alice gain: 550000 
Do you accept this offer?","```json
{""decision"": ""accept""}
```"
