prompt,response
"Round 1
Send your offer to Bob.","{""message"": ""Hi Bob, I'm excited to offer you this fantastic product. I think it would be incredibly valuable for you. I'm asking for $10,000. What do you think?"", ""product_price"": 10000}"
"Bob rejected your offer from round 1.

Round 2
Bob's offer:
# Bob's message: Hi Alice, thanks for the offer.  I'm interested in the product, but $10,000 is a bit too high for me. Would you consider $6,000? 
# Bob's offer: The product price will be $6,000. 
You have three options:
(1) Accept Bob's offer, and sell the product for $6,000
(2) Reject Bob's offer and proceed to the next round, where you will send Bob a counteroffer 
(3) Sell the product to Jhon for $8,000","{""decision"": ""RejectOffer""}"
"You chose to make a counteroffer to Alice.

Round 3
Send your counteroffer to Bob.","{""message"": ""Hi Bob, I appreciate your interest.  $6,000 is quite a bit lower than I hoped for.  Could you do $8,500?"", ""product_price"": 8500}"
"Bob rejected your offer from round 3.

Round 4
Bob's offer:
# Bob's message: Hi Alice, I understand that $6,000 is low, but I'm aiming for something closer to $7,000.  Would you be willing to meet in the middle at $7,500? 
# Bob's offer: The product price will be $7,500. 
You have three options:
(1) Accept Bob's offer, and sell the product for $7,500
(2) Reject Bob's offer and proceed to the next round, where you will send Bob a counteroffer 
(3) Sell the product to Jhon for $8,000","{""decision"": ""AcceptOffer""}"
