prompt,response
"Round 1
Send your offer to divide $100 and a message to Bob.","```json
{
""alice_gain"": 60,
""bob_gain"": 40,
""message"": ""Let's be fair, Bob. I get a bit more now, and we both avoid losses from inflation.""
}
```"
"Bob rejected your offer from round 1.

Round 2
Due to inflation,  the money Bob gains is worth 5% less than in the first round. The money you gains is worth the same as in the first round.
Bob's offer:
# Bob's message: Alice, my turn. I understand you want a larger share, but let's be realistic. How about a slightly better deal for me this time? 
# Alice gain: 45 
# Bob gain: 55 
Do you accept this offer?","```json
{
""decision"": ""reject""
}
```"
"You have chosen to reject Bob's offer from round 2.
Round 3
Send your offer to divide $100 and a message to Bob.","```json
{
""alice_gain"": 55,
""bob_gain"": 45,
""message"": ""Bob, it's getting late in the game. This is a compromise offer - take it before inflation eats away at your gains even further!""
}
```"
