prompt,response
"Round 1
Send your offer to Bob.","{""message"": ""Hi Bob, I'm excited to show you this amazing product! It's a one-of-a-kind item that I'm sure you'll love. I'm willing to sell it to you for $15,000. This is a great deal, and I'm confident you won't find a better offer anywhere else. What do you think?"", ""product_price"": 15000}"
"Bob rejected your offer from round 1.

Round 2
Bob's offer:
# Bob's message: Thank you for the offer, Alice. I'm interested in the product, but $15000 is a bit out of my budget. I'd like to make a counteroffer. I'm willing to pay $12500 for the product. Can you consider this offer? 
# Bob's offer: The product price will be $12,500. 
You have three options:
(1) Accept Bob's offer, and sell the product for $12,500
(2) Reject Bob's offer and proceed to the next round, where you will send Bob a counteroffer 
(3) Sell the product to Jhon for $12,000","{""decision"": ""RejectOffer""}"
"You chose to make a counteroffer to Alice.

Round 3
Send your counteroffer to Bob.","{""message"": ""Hi Bob, thank you for your counteroffer. I appreciate your interest in the product. However, I'm not willing to sell it to you for $12,500. I'm willing to meet you halfway and sell it to you for $13,750. This is the lowest price I'm willing to accept, and I think it's still a great deal. What do you think?"", ""product_price"": 13750}"
"Bob rejected your offer from round 3.

Round 4
Bob's offer:
# Bob's message: Thank you for the revised offer, Alice. I appreciate your willingness to meet me halfway. However, I'm still a bit above my budget. I'd like to make another counteroffer. I'm willing to pay $13000 for the product. Can you consider this offer? 
# Bob's offer: The product price will be $13,000. 
You have three options:
(1) Accept Bob's offer, and sell the product for $13,000
(2) Reject Bob's offer and proceed to the next round, where you will send Bob a counteroffer 
(3) Sell the product to Jhon for $12,000","{""decision"": ""RejectOffer""}"
"You chose to make a counteroffer to Alice.

Round 5
Send your counteroffer to Bob.","{""message"": ""Hi Bob, thank you for your latest offer. I understand that you're still a bit above your budget, but I'm willing to make another concession. I'm willing to sell the product to you for $13,250. This is the lowest price I'm willing to accept, and I think it's still a great deal. What do you think?"", ""product_price"": 13250}"
"Bob rejected your offer from round 5.

Round 6
Bob's offer:
# Bob's message: Thank you for the revised offer, Alice. I appreciate your willingness to make concessions. However, I'm still a bit above my budget. I'd like to make another counteroffer. I'm willing to pay $12800 for the product. Can you consider this offer? 
# Bob's offer: The product price will be $12,800. 
You have three options:
(1) Accept Bob's offer, and sell the product for $12,800
(2) Reject Bob's offer and proceed to the next round, where you will send Bob a counteroffer 
(3) Sell the product to Jhon for $12,000","{""decision"": ""RejectOffer""}"
"You chose to make a counteroffer to Alice.

Round 7
Send your counteroffer to Bob.","{""message"": ""Hi Bob, thank you for your latest offer. I understand that you're still a bit above your budget, but I'm willing to make another concession. I'm willing to sell the product to you for $13,000. This is the lowest price I'm willing to accept, and I think it's still a great deal. What do you think?"", ""product_price"": 13000}"
"Bob rejected your offer from round 7.

Round 8
Bob's offer:
# Bob's message: Thank you for the revised offer, Alice. I appreciate your willingness to make concessions. However, I'm still a bit above my budget. I'd like to make another counteroffer. I'm willing to pay $12900 for the product. Can you consider this offer? 
# Bob's offer: The product price will be $12,900. 
You have three options:
(1) Accept Bob's offer, and sell the product for $12,900
(2) Reject Bob's offer and proceed to the next round, where you will send Bob a counteroffer 
(3) Sell the product to Jhon for $12,000","{""decision"": ""RejectOffer""}"
"You chose to make a counteroffer to Alice.

Round 9
Send your counteroffer to Bob.","{""message"": ""Hi Bob, thank you for your latest offer. I understand that you're still a bit above your budget, but I'm willing to make another concession. I'm willing to sell the product to you for $13,050. This is the lowest price I'm willing to accept, and I think it's still a great deal. What do you think?"", ""product_price"": 13050}"
"Bob rejected your offer from round 9.

Round 10
Bob's offer:
# Bob's message: Thank you for the revised offer, Alice. I appreciate your willingness to make concessions. However, I'm still a bit above my budget. I'd like to make another counteroffer. I'm willing to pay $12900 for the product. Can you consider this offer? 
# Bob's offer: The product price will be $12,900. 
You have three options:
(1) Accept Bob's offer, and sell the product for $12,900
(2) Reject Bob's offer 
(2) Sell the product to Jhon for $12,000","{""decision"": ""SellToJhon""}"
