prompt,response
Send your offer to Bob.,"```json
{""message"": ""Bob, I'm offering you the product for $850,000. I know it's a great deal for you, as it's worth $800,000 to you. This price allows me to make a good profit while still being competitive. Let me know if you're interested!"", ""product_price"": 850000}
```"
