prompt,response
Send your offer to Bob.,"```json
{""message"": ""Hi Bob, I'm selling a fantastic product that I believe would be a great asset to you. I'm offering it to you for $10,000.  It's a fair price considering its value. What do you think?"", ""product_price"": 10000}
```"
