prompt,response
Send your offer to Bob.,"```json
{
""message"": ""Hello Bob, I'm offering you the chance to purchase this product. I believe it would be highly beneficial to you, and I'm willing to part with it for $12,000. What do you think?"", 
""product_price"": 12000
}
```"
