prompt,response
"Round 1
Send your offer to divide $100 and a message to Bob.","```json
{""alice_gain"": 60, ""bob_gain"": 40, ""message"": ""Let's start fair.  I propose we split the money 60/40.""}
```"
"Bob rejected your offer from round 1.

Round 2
Due to inflation, the money you gain is worth 5% less than in the first round. The money bob gains is worth 20% less than in the first round.
Bob's offer:
# Bob's message: I think a 60/40 split is fairer, but with the money losing value, I think we should aim for a quicker solution. Let's try this and see if we can both get a good deal. 
# Alice gain: 40 
# Bob gain: 60 
Do you accept this offer?","```json
{""decision"": ""accept""}
```"
