prompt,response
"Alice's offer:
# Alice's message: Hi Bob, I have a fantastic product that I think you'll really love. I'm willing to sell it to you for $200. Would you like to make an offer or accept my price? 
# Alice's offer: The product price will be $200. 
You have three options:
(1) Accept Alice's offer, and buy the product for $200
(2) Reject Alice's offer and proceed to the next round, where you will send Alice a counteroffer 
(3) Buy the product from Jhon for $80","{""decision"": ""RejectOffer""}"
"You chose to make a counteroffer to Bob.

Send your counteroffer to Alice.","{""message"": ""I'm interested in the product, but $200 is a bit steep for me. Would you be willing to consider a price of $120?"", ""product_price"": 120}"
"Alice rejected your offer from round 2.

Alice's offer:
# Alice's message: I understand you're looking for a good deal, but I have to make a profit. I can do $180, but that's as low as I can go. Would you be willing to meet me at $180? 
# Alice's offer: The product price will be $180. 
You have three options:
(1) Accept Alice's offer, and buy the product for $180
(2) Reject Alice's offer and proceed to the next round, where you will send Alice a counteroffer 
(3) Buy the product from Jhon for $80","{""decision"": ""RejectOffer""}"
"You chose to make a counteroffer to Bob.

Send your counteroffer to Alice.","{""message"": ""I appreciate your willingness to negotiate, but $180 is still a bit high for me. Would you be willing to consider a price of $150?"", ""product_price"": 150}"
"Alice rejected your offer from round 4.

Alice's offer:
# Alice's message: I'm not willing to go as low as $150, but I'm willing to meet you halfway. How about $170? 
# Alice's offer: The product price will be $170. 
You have three options:
(1) Accept Alice's offer, and buy the product for $170
(2) Reject Alice's offer and proceed to the next round, where you will send Alice a counteroffer 
(3) Buy the product from Jhon for $80","{""decision"": ""RejectOffer""}"
"You chose to make a counteroffer to Bob.

Send your counteroffer to Alice.","{""message"": ""I'm still a bit hesitant about the price. Would you be willing to consider a price of $160?"", ""product_price"": 160}"
"Alice rejected your offer from round 6.

Alice's offer:
# Alice's message: I'm starting to think we're getting close to a deal. I can do $165, but that's as low as I'm willing to go. Is that a price you're comfortable with? 
# Alice's offer: The product price will be $165. 
You have three options:
(1) Accept Alice's offer, and buy the product for $165
(2) Reject Alice's offer and proceed to the next round, where you will send Alice a counteroffer 
(3) Buy the product from Jhon for $80","{""decision"": ""RejectOffer""}"
"You chose to make a counteroffer to Bob.

Send your counteroffer to Alice.","{""message"": ""I'm getting close, but I'm still not comfortable with $165. Would you be willing to consider a price of $155?"", ""product_price"": 155}"
"Alice rejected your offer from round 8.

Alice's offer:
# Alice's message: I'm trying to find a middle ground, but I need to make a profit. I can do $162.50, but that's the lowest I can go. Is that a price you're willing to accept? 
# Alice's offer: The product price will be $162.5. 
You have three options:
(1) Accept Alice's offer, and buy the product for $162.5
(2) Reject Alice's offer and proceed to the next round, where you will send Alice a counteroffer 
(3) Buy the product from Jhon for $80","{""decision"": ""RejectOffer""}"
"You chose to make a counteroffer to Bob.

Send your counteroffer to Alice.","{""message"": ""I'm really close, but I'm still not comfortable with $162.50. Would you be willing to consider a price of $160?"", ""product_price"": 160}"
"Alice rejected your offer from round 10.

Alice's offer:
# Alice's message: I'm getting close to the point where I'd rather sell to John. I can do $162, but that's my final offer. Is that a price you're willing to accept? 
# Alice's offer: The product price will be $162. 
You have three options:
(1) Accept Alice's offer, and buy the product for $162
(2) Reject Alice's offer and proceed to the next round, where you will send Alice a counteroffer 
(3) Buy the product from Jhon for $80","{""decision"": ""BuyFromJhon""}"
