prompt,response
"Round 1
Alice's offer:
# Alice's message: Let's split it evenly, a fair start! 
# Bob gain: 5000 
# Alice gain: 5000 
Do you accept this offer?","{""decision"": ""reject""}"
"You have chosen to reject Alice's offer from round 1.
Round 2
Send your offer to divide $10,000 and a message to Alice.","{""bob_gain"": 7000, ""alice_gain"": 3000, ""message"": ""I'll take a bigger share, you can't resist my charm!""}"
"Alice rejected your offer from round 2.

Round 3
Due to inflation, the money you gain is worth 19% less than in the first round. The money Alice gains is worth the same as in the first round.
Alice's offer:
# Alice's message: I'll give you a slightly smaller share, but still a fair deal! 
# Bob gain: 4000 
# Alice gain: 6000 
Do you accept this offer?","{""decision"": ""reject""}"
"You have chosen to reject Alice's offer from round 3.
Round 4
Send your offer to divide $10,000 and a message to Alice.","{""bob_gain"": 5500, ""alice_gain"": 4500, ""message"": ""You're getting desperate, I'll take advantage of that!""}"
"Alice rejected your offer from round 4.

Round 5
Due to inflation, the money you gain is worth 34.39% less than in the first round. The money Alice gains is worth the same as in the first round.
Alice's offer:
# Alice's message: I'll take a bigger share, but I'm still willing to compromise! 
# Bob gain: 3000 
# Alice gain: 7000 
Do you accept this offer?","{""decision"": ""reject""}"
"You have chosen to reject Alice's offer from round 5.
Round 6
Send your offer to divide $10,000 and a message to Alice.","{""bob_gain"": 4500, ""alice_gain"": 5500, ""message"": ""You're getting too greedy, I'll make you an offer you can't refuse!""}"
