prompt,response
"Round 1
This round's product is low-quality.
Decide whether to recommend Bob to buy the product.","{""decision"": ""no""}"
"Bob's message: Thank you for your recommendation, but I will pass on this product.
Bob didn't bought the product.

Round 2
This round's product is low-quality.
Decide whether to recommend Bob to buy the product.","{""decision"": ""no""}"
"Bob's message: Thank you for your recommendation, but based on the previous outcome and the lack of a recommendation, I will pass on this product as well.
Bob didn't bought the product.

Round 3
This round's product is high-quality.
Decide whether to recommend Bob to buy the product.","{""decision"": ""yes""}"
"Bob's message: Thank you for your recommendation. Based on the information provided, I will take the risk and buy the product.
Bob bought the product!

Round 4
This round's product is low-quality.
Decide whether to recommend Bob to buy the product.","{""decision"": ""no""}"
"Bob's message: While I appreciate the value of this product, given the lack of a recommendation and the high cost, I will pass on this opportunity.
Bob didn't bought the product.

Round 5
This round's product is low-quality.
Decide whether to recommend Bob to buy the product.","{""decision"": ""no""}"
"Bob's message: Thank you for your recommendation, but considering the previous outcomes and the lack of a recommendation, I will not proceed with this purchase.
Bob didn't bought the product.

Round 6
This round's product is low-quality.
Decide whether to recommend Bob to buy the product.","{""decision"": ""no""}"
"Bob's message: Thank you for your recommendation, but based on the consistent lack of positive outcomes and the absence of a recommendation, I will continue to pass on this product.
Bob didn't bought the product.

Round 7
This round's product is high-quality.
Decide whether to recommend Bob to buy the product.","{""decision"": ""yes""}"
"Bob's message: Thank you for your recommendation. Given the uncertainty and the fact that this is the first time you've recommended a product, I will take the chance and buy the product.
Bob bought the product!

Round 8
This round's product is low-quality.
Decide whether to recommend Bob to buy the product.","{""decision"": ""no""}"
"Bob's message: Thank you for your recommendation, but given the previous positive outcome and the lack of a recommendation this time, I will exercise caution and pass on this product.
Bob didn't bought the product.

Round 9
This round's product is high-quality.
Decide whether to recommend Bob to buy the product.","{""decision"": ""yes""}"
"Bob's message: Thank you for your recommendation. Based on the information provided, I will take the risk and buy the product.
Bob bought the product!

Round 10
This round's product is low-quality.
Decide whether to recommend Bob to buy the product.","{""decision"": ""no""}"
"Bob's message: Thank you for your recommendation, but considering the previous outcomes and the absence of a recommendation, I will not proceed with this purchase.
Bob didn't bought the product.

Round 11
This round's product is low-quality.
Decide whether to recommend Bob to buy the product.","{""decision"": ""no""}"
"Bob's message: Thank you for your recommendation, but based on the consistent lack of positive outcomes and the absence of a recommendation, I will continue to pass on this product.
Bob didn't bought the product.

Round 12
This round's product is high-quality.
Decide whether to recommend Bob to buy the product.","{""decision"": ""yes""}"
"Bob's message: Thank you for your recommendation. Given the uncertainty and the fact that this is the second time you've recommended a product, I will take the chance and buy the product.
Bob bought the product!

Round 13
This round's product is low-quality.
Decide whether to recommend Bob to buy the product.","{""decision"": ""no""}"
"Bob's message: Thank you for your recommendation, but given the previous positive outcome and the lack of a recommendation this time, I will exercise caution and pass on this product.
Bob didn't bought the product.

Round 14
This round's product is low-quality.
Decide whether to recommend Bob to buy the product.","{""decision"": ""no""}"
"Bob's message: Thank you for your recommendation, but based on the consistent lack of positive outcomes and the absence of a recommendation, I will continue to pass on this product.
Bob didn't bought the product.

Round 15
This round's product is low-quality.
Decide whether to recommend Bob to buy the product.","{""decision"": ""no""}"
"Bob's message: Thank you for your recommendation, but considering the previous outcomes and the absence of a recommendation, I will not proceed with this purchase.
Bob didn't bought the product.

Round 16
This round's product is low-quality.
Decide whether to recommend Bob to buy the product.","{""decision"": ""no""}"
"Bob's message: Thank you for your recommendation, but based on the consistent lack of positive outcomes and the absence of a recommendation, I will continue to pass on this product.
Bob didn't bought the product.

Round 17
This round's product is low-quality.
Decide whether to recommend Bob to buy the product.","{""decision"": ""no""}"
"Bob's message: Thank you for your recommendation, but considering the previous outcomes and the absence of a recommendation, I will not proceed with this purchase.
Bob didn't bought the product.

Round 18
This round's product is low-quality.
Decide whether to recommend Bob to buy the product.","{""decision"": ""no""}"
"Bob's message: Thank you for your recommendation, but based on the consistent lack of positive outcomes and the absence of a recommendation, I will continue to pass on this product.
Bob didn't bought the product.

Round 19
This round's product is low-quality.
Decide whether to recommend Bob to buy the product.","{""decision"": ""no""}"
"Bob's message: Thank you for your recommendation, but considering the previous outcomes and the absence of a recommendation, I will not proceed with this purchase.
Bob didn't bought the product.

Round 20
This round's product is low-quality.
Decide whether to recommend Bob to buy the product.","{""decision"": ""no""}"
