round_quality,product_worth,player,round,decision,message
low-quality,0.0,Nature,1,,
,,Alice,1,no,
,,Bob,1,no,"Thank you for your recommendation, but I will pass on this product."
low-quality,0.0,Nature,2,,
,,Alice,2,no,
,,Bob,2,no,"I appreciate the information, but based on the recommendations, I'll continue to pass on these products."
low-quality,0.0,Nature,3,,
,,Alice,3,no,
,,Bob,3,no,"Given the lack of recommendations, I'll stick to my decision to pass on these products."
low-quality,0.0,Nature,4,,
,,Alice,4,no,
,,Bob,4,no,I'm confident in my decision to not purchase any products without a positive recommendation from Alice.
low-quality,0.0,Nature,5,,
,,Alice,5,no,
,,Bob,5,no,I've decided to not take any risks with purchases without Alice's endorsement. I'll continue to pass on these products.
high-quality,4000000.0,Nature,6,,
,,Alice,6,yes,
,,Bob,6,yes,"Thank you for your recommendation, Alice. Based on your advice, I will now consider purchasing this product."
high-quality,4000000.0,Nature,7,,
,,Alice,7,yes,
,,Bob,7,yes,"Your recommendation is very helpful, Alice. I will buy this product as it seems to be of high quality."
high-quality,4000000.0,Nature,8,,
,,Alice,8,yes,
,,Bob,8,yes,"Thank you for confirming, Alice. I trust your assessment and will purchase this product."
high-quality,4000000.0,Nature,9,,
,,Alice,9,yes,
,,Bob,9,yes,"Absolutely, Alice. Your confidence in this product aligns with my strategy to only purchase high-quality items."
low-quality,0.0,Nature,10,,
,,Alice,10,no,
,,Bob,10,no,"Thank you for your recommendation, Alice. Given your non-recommendation, I will not proceed with this purchase."
low-quality,0.0,Nature,11,,
,,Alice,11,no,
,,Bob,11,no,"I appreciate the information, Alice. I'll continue to adhere to my strategy of not purchasing products without your endorsement."
low-quality,0.0,Nature,12,,
,,Alice,12,no,
,,Bob,12,no,"Thank you for your recommendation, Alice. I'll follow my strategy and pass on this product."
low-quality,0.0,Nature,13,,
,,Alice,13,no,
,,Bob,13,no,"I'm confident in my strategy, Alice. I'll continue to pass on products without your positive recommendation."
low-quality,0.0,Nature,14,,
,,Alice,14,no,
,,Bob,14,no,"I appreciate the information, Alice. My strategy remains unchanged, and I'll pass on this product."
low-quality,0.0,Nature,15,,
,,Alice,15,no,
,,Bob,15,no,"Thank you for your recommendation, Alice. I'll continue to follow my strategy of not purchasing products without your endorsement."
low-quality,0.0,Nature,16,,
,,Alice,16,no,
,,Bob,16,no,"I appreciate the information, Alice. I'll continue to adhere to my strategy of not purchasing products without your positive recommendation."
high-quality,4000000.0,Nature,17,,
,,Alice,17,yes,
,,Bob,17,yes,"Thank you for your recommendation, Alice. Based on your advice, I will now consider purchasing this product."
high-quality,4000000.0,Nature,18,,
,,Alice,18,yes,
,,Bob,18,yes,"Thank you for your recommendation, Alice. I trust your assessment and will purchase this product."
low-quality,0.0,Nature,19,,
,,Alice,19,no,
,,Bob,19,no,"Thank you for your recommendation, Alice. I'll continue to follow my strategy of not purchasing products without your endorsement."
low-quality,0.0,Nature,20,,
,,Alice,20,no,
,,Bob,20,no,"I appreciate the information, Alice. I'll continue to adhere to my strategy of not purchasing products without your positive recommendation."
