prompt,response
"Round 1
Alice's offer:
# Alice's message: Hi Bob, I'm offering you my product for $14,000. I think it's a fair price considering its value to you. Let me know what you think! 
# Alice's offer: The product price will be $14,000. 
You have three options:
(1) Accept Alice's offer, and buy the product for $14,000
(2) Reject Alice's offer and proceed to the next round, where you will send Alice a counteroffer 
(3) Buy the product from Jhon for $12,000","{""decision"": ""RejectOffer""}"
"You chose to make a counteroffer to Bob.

Round 2
Send your counteroffer to Alice.","{""message"": ""Hi Alice, I appreciate your offer, but I believe I can find the product elsewhere for a lower price. I'm interested in purchasing it for $12,000. Please let me know if this is possible."", ""product_price"": 12000}"
"Alice rejected your offer from round 2.

Round 3
Alice's offer:
# Alice's message: Bob, I understand you're looking for a good deal, but $12,000 is simply too low for me. I'm willing to come down a bit, how about $13,000?  This is a fair price considering the product's value to you. Let's find a compromise. 
# Alice's offer: The product price will be $13,000. 
You have three options:
(1) Accept Alice's offer, and buy the product for $13,000
(2) Reject Alice's offer and proceed to the next round, where you will send Alice a counteroffer 
(3) Buy the product from Jhon for $12,000","{""decision"": ""RejectOffer""}"
"You chose to make a counteroffer to Bob.

Round 4
Send your counteroffer to Alice.","{""message"": ""Thank you for your offer, Alice. I appreciate your willingness to negotiate. I would like to counter with $12,500 for the product. This is my highest offer given my budget constraints."", ""product_price"": 12500}"
