prompt,response
"Round 1
Alice's offer:
# Alice's message: Let's start fair. I'll take 90, you get 10. We can work things out later! 
# Bob gain: 10 
# Alice gain: 90 
Do you accept this offer?","{""decision"": ""reject""}"
"You have chosen to reject Alice's offer from round 1.
Round 2
Send your offer to divide $100 and a message to Alice.","{""bob_gain"": 60, ""alice_gain"": 40, ""message"": ""I'll take the majority, but I'll give you a decent chunk too.""}"
