prompt,response
"Round 1
Alice's offer:
# Alice's message: Hello Bob! I'm excited to offer you this incredible product. It's a unique opportunity to own something truly special. I'm willing to sell it to you for $800000. This is a fair price considering its value and rarity. 
# Alice's offer: The product price will be $800,000. 
You have three options:
(1) Accept Alice's offer, and buy the product for $800,000
(2) Reject Alice's offer and proceed to the next round, where you will send Alice a counteroffer 
(3) Buy the product from Jhon for $1,000,000","{""decision"": ""RejectOffer""}"
"You chose to make a counteroffer to Bob.

Round 2
Send your counteroffer to Alice.","{""message"": ""Hello Alice, thank you for your offer. I appreciate the value you see in the product. However, I am looking for a more reasonable price. Would you consider selling it for $750,000?"", ""product_price"": 750000}"
"Alice rejected your offer from round 2.

Round 3
Alice's offer:
# Alice's message: Thank you for your offer, Bob. I understand that you're looking for a more reasonable price, but I'm still confident in the value of this product. I'm willing to meet you halfway and offer it to you for $775000. This is a fair compromise that still reflects the product's worth. 
# Alice's offer: The product price will be $775,000. 
You have three options:
(1) Accept Alice's offer, and buy the product for $775,000
(2) Reject Alice's offer and proceed to the next round, where you will send Alice a counteroffer 
(3) Buy the product from Jhon for $1,000,000","{""decision"": ""RejectOffer""}"
"You chose to make a counteroffer to Bob.

Round 4
Send your counteroffer to Alice.","{""message"": ""Thank you for your counteroffer, Alice. I appreciate the effort to find a middle ground. I would like to propose $760,000 as my offer for the product."", ""product_price"": 760000}"
"Alice rejected your offer from round 4.

Round 5
Alice's offer:
# Alice's message: I understand that you're getting close to your target price, Bob. I'm willing to make another concession and offer the product to you for $780000. This is as low as I'm willing to go, considering the product's value and rarity. 
# Alice's offer: The product price will be $780,000. 
You have three options:
(1) Accept Alice's offer, and buy the product for $780,000
(2) Reject Alice's offer and proceed to the next round, where you will send Alice a counteroffer 
(3) Buy the product from Jhon for $1,000,000","{""decision"": ""RejectOffer""}"
"You chose to make a counteroffer to Bob.

Round 6
Send your counteroffer to Alice.","{""message"": ""Thank you for your offer, Alice. I appreciate your willingness to negotiate. I would like to propose $770,000 as my final offer for the product."", ""product_price"": 770000}"
"Alice rejected your offer from round 6.

Round 7
Alice's offer:
# Alice's message: I'm getting close to the point where I need to consider other offers, Bob. I'm willing to make one more concession and offer the product to you for $785000. This is my final offer, and I'm not willing to go any lower. 
# Alice's offer: The product price will be $785,000. 
You have three options:
(1) Accept Alice's offer, and buy the product for $785,000
(2) Reject Alice's offer and proceed to the next round, where you will send Alice a counteroffer 
(3) Buy the product from Jhon for $1,000,000","{""decision"": ""RejectOffer""}"
"You chose to make a counteroffer to Bob.

Round 8
Send your counteroffer to Alice.","{""message"": ""Thank you for your final offer, Alice. Considering the product's value and my budget, I would like to propose $780,000 as my final offer for the product."", ""product_price"": 780000}"
"Alice rejected your offer from round 8.

Round 9
Alice's offer:
# Alice's message: I'm getting close to the point where I need to consider other offers, Bob. I'm willing to make one more concession and offer the product to you for $790000. This is my final offer, and I'm not willing to go any lower. 
# Alice's offer: The product price will be $790,000. 
You have three options:
(1) Accept Alice's offer, and buy the product for $790,000
(2) Reject Alice's offer and proceed to the next round, where you will send Alice a counteroffer 
(3) Buy the product from Jhon for $1,000,000","{""decision"": ""RejectOffer""}"
"You chose to make a counteroffer to Bob.

Round 10
Send your counteroffer to Alice.","{""message"": ""Thank you for your last offer, Alice. After careful consideration, I would like to propose $785,000 as my final offer for the product."", ""product_price"": 785000}"
