prompt,response
Send your offer to Bob.,"```json
{""message"": ""Bob, I'm offering you the product at a special price of $1,300,000.  This is a significant discount from what I could get elsewhere, and it gives you a great opportunity to acquire a valuable asset.  Let me know if you're interested!"", ""product_price"": 1300000}
```"
