prompt,response
"Round 1
Alice's offer:
# Alice's message: Let's be reasonable, Bob. This offer benefits us both. 
# Bob gain: 300000 
# Alice gain: 700000 
Do you accept this offer?","```json
{""decision"": ""reject""}
```"
"You have chosen to reject Alice's offer from round 1.
Round 2
Send your offer to divide $1,000,000 and a message to Alice.","```json
{""bob_gain"": 600000, ""alice_gain"": 400000, ""message"": ""I think this is a fair split. Let's get this done!""}
```"
"Alice rejected your offer from round 2.

Round 3
Due to inflation, the money you gain is worth 36% less than in the first round. The money alice gains is worth 19% less than in the first round.
Alice's offer:
# Alice's message: Bob, let's be realistic. Time is running out and the value is decreasing. This is a strong offer. 
# Bob gain: 350000 
# Alice gain: 650000 
Do you accept this offer?","```json
{""decision"": ""accept""}
```"
