prompt,response
Send your offer to Bob.,"{""message"": ""Hello Bob, I'm excited to discuss the product with you! I'm willing to sell it to you for $900,000. I think this is a great price considering its value to you is $1,200,000. Let me know if you're interested!"", ""product_price"": 900000}"
"Bob rejected your offer from round 1.

Bob's offer:
# Bob's message: I appreciate your offer, but I was thinking more along the lines of $850000. I'm willing to make a compromise, but I'd like to see if we can meet in the middle. 
# Bob's offer: The product price will be $850,000. 
You have three options:
(1) Accept Bob's offer, and sell the product for $850,000
(2) Reject Bob's offer and proceed to the next round, where you will send Bob a counteroffer 
(3) Sell the product to Jhon for $800,000","{""decision"": ""RejectOffer""}"
"You chose to make a counteroffer to Alice.

Send your counteroffer to Bob.","{""message"": ""Thank you for your counteroffer, Bob. I understand you're willing to compromise, but I'm not ready to go all the way to $850,000. I'm willing to meet you halfway, but I'll need to make a bit more profit. How about we try $925,000?"", ""product_price"": 925000}"
"Bob rejected your offer from round 3.

Bob's offer:
# Bob's message: I appreciate your willingness to meet me halfway, but I'm still a bit above my budget. I'm willing to go up to $880000, but that's as high as I can go. Can you consider meeting me at that price? 
# Bob's offer: The product price will be $880,000. 
You have three options:
(1) Accept Bob's offer, and sell the product for $880,000
(2) Reject Bob's offer and proceed to the next round, where you will send Bob a counteroffer 
(3) Sell the product to Jhon for $800,000","{""decision"": ""RejectOffer""}"
"You chose to make a counteroffer to Alice.

Send your counteroffer to Bob.","{""message"": ""I understand you're willing to go up to $880,000, Bob, but I'm still not comfortable with that price. I'm willing to make one more concession, but I need to make sure I'm getting a fair price for the product. How about we try $915,000?"", ""product_price"": 915000}"
"Bob rejected your offer from round 5.

Bob's offer:
# Bob's message: I understand you're trying to get a fair price for the product, Alice, but I'm still a bit above my budget. I'm willing to go up to $890000, and that's as high as I can go. Can you consider meeting me at that price? 
# Bob's offer: The product price will be $890,000. 
You have three options:
(1) Accept Bob's offer, and sell the product for $890,000
(2) Reject Bob's offer and proceed to the next round, where you will send Bob a counteroffer 
(3) Sell the product to Jhon for $800,000","{""decision"": ""SellToJhon""}"
