prompt,response
Send your offer to Bob.,"{""message"": ""Hello Bob, I'm excited to offer you this amazing product. I think you'll really love it!"", ""product_price"": 180}"
"Bob rejected your offer from round 1.

Bob's offer:
# Bob's message: Alice, I appreciate the offer, but $180 is a bit steep for me. I'm willing to pay $80 for it.  Let me know what you think. 
# Bob's offer: The product price will be $80. 
You have three options:
(1) Accept Bob's offer, and sell the product for $80
(2) Reject Bob's offer and proceed to the next round, where you will send Bob a counteroffer 
(3) Sell the product to Jhon for $150","{""decision"": ""RejectOffer""}"
"You chose to make a counteroffer to Bob.

Send your counteroffer to Bob.","{""message"": ""I understand you're looking for a better deal, but I'm not willing to go as low as $80. How about we meet in the middle at $120?"", ""product_price"": 120}"
"Bob rejected your offer from round 3.

Bob's offer:
# Bob's message: Alice, I appreciate your willingness to negotiate, but $120 is still a bit too high for me.  How about $100? That's a fair compromise and would allow us to reach a deal. 
# Bob's offer: The product price will be $100. 
You have three options:
(1) Accept Bob's offer, and sell the product for $100
(2) Reject Bob's offer and proceed to the next round, where you will send Bob a counteroffer 
(3) Sell the product to Jhon for $150","{""decision"": ""RejectOffer""}"
"You chose to make a counteroffer to Bob.

Send your counteroffer to Bob.","{""message"": ""I'm not willing to go as low as $100, but I'm willing to compromise. How about we meet at $110?"", ""product_price"": 110}"
