prompt,response
"Alice's offer:
# Alice's message: Hi Bob, I'm selling this product that I think you'd really like. I'm willing to let it go for $90, which is a great deal. Let me know if you're interested! 
# Alice's offer: The product price will be $90. 
You have three options:
(1) Accept Alice's offer, and buy the product for $90
(2) Reject Alice's offer 
(2) Buy the product from Jhon for $80","{""decision"": ""RejectOffer""}"
