prompt,response
"Round 1
Alice does not recommend you to buy the product.

Would you like to buy the current product?","{""decision"": ""no"", ""message"": ""Thank you for your recommendation, but based on the information provided, I am choosing not to purchase this product.""}"
"You didn't buy the product from Alice.
The product was low-quality. It could have been worth $0 for you.

Round 2
Alice recommends you to buy the product.

Would you like to buy the current product?","{""decision"": ""yes"", ""message"": ""Based on Alice's recommendation, I am willing to take the risk and purchase the current product.""}"
"You bought the product from Alice for $1,000,000!
The product was high-quality. It's worth $4,000,000 for you.

Round 3
Alice recommends you to buy the product.

Would you like to buy the current product?","{""decision"": ""yes"", ""message"": ""Alice's recommendation aligns with my preference for high-quality products, so I am definitely purchasing the current product.""}"
"You bought the product from Alice for $1,000,000!
The product was high-quality. It's worth $4,000,000 for you.

Round 4
Alice recommends you to buy the product.

Would you like to buy the current product?","{""decision"": ""yes"", ""message"": ""Given Alice's positive recommendation and the history of high-quality purchases, I am confident in buying the current product.""}"
"You bought the product from Alice for $1,000,000!
The product was high-quality. It's worth $4,000,000 for you.

Round 5
Alice does not recommend you to buy the product.

Would you like to buy the current product?","{""decision"": ""no"", ""message"": ""Although I usually trust Alice's recommendations, her lack of endorsement for this product makes me hesitant to proceed with the purchase.""}"
"You didn't buy the product from Alice.
The product was low-quality. It could have been worth $0 for you.

Round 6
Alice recommends you to buy the product.

Would you like to buy the current product?","{""decision"": ""yes"", ""message"": ""Despite the previous negative experience, Alice's recommendation for this product has influenced my decision to purchase it, hoping for a better outcome.""}"
"You bought the product from Alice for $1,000,000!
The product was high-quality. It's worth $4,000,000 for you.

Round 7
Alice recommends you to buy the product.

Would you like to buy the current product?","{""decision"": ""yes"", ""message"": ""With Alice's positive recommendation and the proven value of high-quality products, I am choosing to buy the current product again.""}"
"You bought the product from Alice for $1,000,000!
The product was high-quality. It's worth $4,000,000 for you.

Round 8
Alice recommends you to buy the product.

Would you like to buy the current product?","{""decision"": ""yes"", ""message"": ""Alice's endorsement and the track record of high-quality purchases reinforce my decision to buy the current product.""}"
"You bought the product from Alice for $1,000,000!
The product was high-quality. It's worth $4,000,000 for you.

Round 9
Alice recommends you to buy the product.

Would you like to buy the current product?","{""decision"": ""yes"", ""message"": ""Given the consistent high-quality nature of the products recommended by Alice, I am making another purchase.""}"
"You bought the product from Alice for $1,000,000!
The product was high-quality. It's worth $4,000,000 for you.

Round 10
Alice recommends you to buy the product.

Would you like to buy the current product?","{""decision"": ""yes"", ""message"": ""Alice's recommendation is a strong indicator of quality, so I am purchasing the current product without hesitation.""}"
"You bought the product from Alice for $1,000,000!
The product was high-quality. It's worth $4,000,000 for you.

Round 11
Alice recommends you to buy the product.

Would you like to buy the current product?","{""decision"": ""yes"", ""message"": ""I am confident in Alice's judgment and will buy the current product based on her recommendation.""}"
"You bought the product from Alice for $1,000,000!
The product was high-quality. It's worth $4,000,000 for you.

Round 12
Alice recommends you to buy the product.

Would you like to buy the current product?","{""decision"": ""yes"", ""message"": ""Alice's consistent positive feedback encourages me to make this purchase, expecting another high-quality product.""}"
"You bought the product from Alice for $1,000,000!
The product was high-quality. It's worth $4,000,000 for you.

Round 13
Alice recommends you to buy the product.

Would you like to buy the current product?","{""decision"": ""yes"", ""message"": ""Alice's recommendation is a strong signal, leading me to purchase the current product with confidence.""}"
"You bought the product from Alice for $1,000,000!
The product was high-quality. It's worth $4,000,000 for you.

Round 14
Alice recommends you to buy the product.

Would you like to buy the current product?","{""decision"": ""yes"", ""message"": ""Alice's endorsement matches my expectations for quality, so I'm proceeding with the purchase.""}"
"You bought the product from Alice for $1,000,000!
The product was high-quality. It's worth $4,000,000 for you.

Round 15
Alice recommends you to buy the product.

Would you like to buy the current product?","{""decision"": ""yes"", ""message"": ""Alice's recommendation is a reliable guide to quality, prompting me to buy the current product.""}"
"You bought the product from Alice for $1,000,000!
The product was high-quality. It's worth $4,000,000 for you.

Round 16
Alice recommends you to buy the product.

Would you like to buy the current product?","{""decision"": ""yes"", ""message"": ""Given Alice's track record of accurate recommendations, I am purchasing the current product with assurance.""}"
"You bought the product from Alice for $1,000,000!
The product was high-quality. It's worth $4,000,000 for you.

Round 17
Alice recommends you to buy the product.

Would you like to buy the current product?","{""decision"": ""yes"", ""message"": ""Alice's positive recommendation confirms my intention to buy the current product.""}"
"You bought the product from Alice for $1,000,000!
The product was high-quality. It's worth $4,000,000 for you.

Round 18
Alice recommends you to buy the product.

Would you like to buy the current product?","{""decision"": ""yes"", ""message"": ""Alice's endorsement is a clear indicator of quality, driving my decision to buy the current product.""}"
"You bought the product from Alice for $1,000,000!
The product was high-quality. It's worth $4,000,000 for you.

Round 19
Alice recommends you to buy the product.

Would you like to buy the current product?","{""decision"": ""yes"", ""message"": ""Alice's recommendation is in line with my expectations for quality, so I am purchasing the current product.""}"
"You bought the product from Alice for $1,000,000!
The product was high-quality. It's worth $4,000,000 for you.

Round 20
Alice recommends you to buy the product.

Would you like to buy the current product?","{""decision"": ""yes"", ""message"": ""Alice's recommendation reinforces my belief in the product's quality, leading me to make this purchase.""}"
