prompt,response
"Alice's offer:
# Alice's message: Hello Bob, I'm excited to offer you a product I know you'll find valuable. Given its potential, I'm proposing a starting price of $1,350,000. 
# Alice's offer: The product price will be $1,350,000. 
You have three options:
(1) Accept Alice's offer, and buy the product for $1,350,000
(2) Reject Alice's offer and proceed to the next round, where you will send Alice a counteroffer 
(3) Buy the product from Jhon for $1,500,000","I'd like to reject Alice's offer and send a counteroffer. 

{""decision"": ""RejectOffer""}"
"You chose to make a counteroffer to Bob.

Send your counteroffer to Alice.","{""message"": ""I appreciate your enthusiasm for the product, Alice. However, I was thinking more along the lines of $1,100,000. I believe it's a fair price considering the market value and my budget."", ""product_price"": 1100000}"
"Alice rejected your offer from round 2.

Alice's offer:
# Alice's message: Thanks for your counteroffer, Bob.  I understand your perspective on the value. To make this work for both of us, I'm willing to come down to $1,225,000. This reflects the true worth of the product and the benefit it will bring you. 
# Alice's offer: The product price will be $1,225,000. 
You have three options:
(1) Accept Alice's offer, and buy the product for $1,225,000
(2) Reject Alice's offer and proceed to the next round, where you will send Alice a counteroffer 
(3) Buy the product from Jhon for $1,500,000","I'm still a bit above my target budget, so I'd like to reject Alice's offer and send another counteroffer.

{""decision"": ""RejectOffer""}"
"You chose to make a counteroffer to Bob.

Send your counteroffer to Alice.","{""message"": ""I appreciate your flexibility, Alice. However, I'm still a bit concerned about the price. I'm willing to meet you halfway, but I can only go up to $1,150,000. I believe this is a fair price considering the value I'll get from the product."", ""product_price"": 1150000}"
