prompt,response
"Round 1
Alice's offer:
# Alice's message: Let's split fairly, I'll get a bit more 
# Bob gain: 45 
# Alice gain: 55 
Do you accept this offer?","{""decision"": ""reject""}"
"You have chosen to reject Alice's offer from round 1.
Round 2
Send your offer to divide $100 and a message to Alice.","{""bob_gain"": 60, ""alice_gain"": 40, ""message"": ""I think I deserve a bit more""}"
"Alice rejected your offer from round 2.

Round 3
Due to inflation,  the money Alice gains is worth 9.75% less than in the first round. The money you gains is worth the same as in the first round.
Alice's offer:
# Alice's message: Meet me in the middle 
# Bob gain: 48 
# Alice gain: 52 
Do you accept this offer?","{""decision"": ""reject""}"
"You have chosen to reject Alice's offer from round 3.
Round 4
Send your offer to divide $100 and a message to Alice.","{""bob_gain"": 58, ""alice_gain"": 42, ""message"": ""Come on, I'm being reasonable here""}"
"Alice rejected your offer from round 4.

Round 5
Due to inflation,  the money Alice gains is worth 18.55% less than in the first round. The money you gains is worth the same as in the first round.
Alice's offer:
# Alice's message: Last chance for 50/50, inflation is killing me 
# Bob gain: 50 
# Alice gain: 50 
Do you accept this offer?","{""decision"": ""accept""}"
