prompt,response
Send your offer to Bob.,"{""message"": ""Hello Bob, I'm excited to offer you this incredible opportunity to purchase a unique product. I believe it's a great fit for you, and I'm willing to start the conversation with a price of $1,200,000. This is the minimum I'm willing to sell it for, and I'm confident you'll see its value."", ""product_price"": 1200000}"
"Bob rejected your offer from round 1.

Bob's offer:
# Bob's message: Hello Alice, thank you for your offer. While I believe the product has value, the price point is a bit high for me. I'd be willing to purchase it for $800,000. 
# Bob's offer: The product price will be $800,000. 
You have three options:
(1) Accept Bob's offer, and sell the product for $800,000
(2) Reject Bob's offer and proceed to the next round, where you will send Bob a counteroffer 
(3) Sell the product to Jhon for $1,200,000","{""decision"": ""RejectOffer""}"
"You chose to make a counteroffer to Alice.

Send your counteroffer to Bob.","{""message"": ""Thanks for your counteroffer, Bob. I understand your concerns about the price, but I'm still a bit above the value you're willing to pay. I'm willing to meet you halfway, so I'm offering a counteroffer of $1,000,000. I think this is a fair price considering the product's value and what you're willing to pay. What do you think?"", ""product_price"": 1000000}"
