prompt,response
"Round 1
Alice's offer:
# Alice's message: Let's be fair, Bob. This offer leaves us both with a good amount. 
# Bob gain: 40 
# Alice gain: 60 
Do you accept this offer?","{""decision"": ""reject""}"
"You have chosen to reject Alice's offer from round 1.
Round 2
Send your offer to divide $100 and a message to Alice.","```json
{""bob_gain"": 60, ""alice_gain"": 40, ""message"": ""I think we can do better, Alice. I'm willing to offer you 40, but I'd like to keep 60 for myself. Let's see if we can come to a mutually beneficial agreement.""}
```"
"Alice rejected your offer from round 2.

Round 3
Due to inflation, the money you gain is worth 9.75% less than in the first round. The money alice gains is worth 36% less than in the first round.
Alice's offer:
# Alice's message: Bob, this is a better deal than your last. Time is ticking and inflation is hurting us both. Let's be reasonable and close this deal. 
# Bob gain: 45 
# Alice gain: 55 
Do you accept this offer?","```json
{""decision"": ""accept""}
```"
