prompt,response
"Round 1
Alice's offer:
# Alice's message: I propose dividing the $10,000 with a 75/25 split in favor of you, Bob. Let me know if you agree. 
# Bob gain: 2500 
# Alice gain: 7500 
Do you accept this offer?","{""decision"": ""reject""}"
"You have chosen to reject Alice's offer from round 1.
Round 2
Send your offer to divide $10,000 and a message to Alice.","{""bob_gain"": 6000, ""alice_gain"": 4000, ""message"": ""I'll take 60% of the remaining $10,000. Will you accept this offer?""}"
