prompt,response
"Alice's offer:
# Alice's message: Bob, I'm offering you my product for $850,000. I know it's a valuable asset to you, and this price reflects its worth.  I'm confident you'll find it a good deal. Let me know your thoughts! 
# Alice's offer: The product price will be $850,000. 
You have three options:
(1) Accept Alice's offer, and buy the product for $850,000
(2) Reject Alice's offer 
(2) Buy the product from Jhon for $800,000","{""decision"": ""RejectOffer""}"
