prompt,response
"Round 1
Alice's offer:
# Bob gain: 25 
# Alice gain: 75 
Do you accept this offer?","{""decision"": ""reject""}"
"You have chosen to reject Alice's offer from round 1.
Round 2
Send your offer to divide $100.","Since the money is worth 0% less for me and 5% less for Alice, I'll try to get a better deal. Here's my offer:

{""bob_gain"": 30, ""alice_gain"": 70}"
"Alice rejected your offer from round 2.

Round 3
Due to inflation,  the money Alice gains is worth 9.75% less than in the first round. The money you gains is worth the same as in the first round.
Alice's offer:
# Bob gain: 39 
# Alice gain: 61 
Do you accept this offer?","Since the money I gain is still worth the same as in the first round, and Alice's offer is slightly better than my previous offer, I'll consider it. However, I still want to try to get a better deal.

{""decision"": ""reject""}"
"You have chosen to reject Alice's offer from round 3.
Round 4
Send your offer to divide $100.","Since the money I gain is still worth the same as in the first round, and Alice's offer was 39, I'll try to get closer to 40. Here's my offer:

{""bob_gain"": 40, ""alice_gain"": 60}"
