prompt,response
"Round 1
Alice's offer:
# Alice's message: Bob, I'm pleased to offer you this valuable product.  Given its unique features and potential, I believe a price of $1,200,000 is fair.  Let me know what you think. 
# Alice's offer: The product price will be $1,200,000. 
You have three options:
(1) Accept Alice's offer, and buy the product for $1,200,000
(2) Reject Alice's offer and proceed to the next round, where you will send Alice a counteroffer 
(3) Buy the product from Jhon for $800,000","{""decision"": ""RejectOffer""}"
"You chose to make a counteroffer to Bob.

Round 2
Send your counteroffer to Alice.","{""message"": ""Hello Alice, thank you for the offer. I understand the value of the product, but I am looking to stay within my budget. I would like to propose a price of $950,000."", ""product_price"": 950000}"
"Alice rejected your offer from round 2.

Round 3
Alice's offer:
# Alice's message: Bob, I appreciate your counteroffer. While I understand your budget constraints, $950,000 is still below my minimum acceptable price.  Let's find a compromise. How about $1,050,000?  This reflects the true value of the product while remaining within a reasonable range. 
# Alice's offer: The product price will be $1,050,000. 
You have three options:
(1) Accept Alice's offer, and buy the product for $1,050,000
(2) Reject Alice's offer and proceed to the next round, where you will send Alice a counteroffer 
(3) Buy the product from Jhon for $800,000","{""decision"": ""RejectOffer""}"
"You chose to make a counteroffer to Bob.

Round 4
Send your counteroffer to Alice.","{""message"": ""Thank you for your response, Alice. I appreciate your willingness to negotiate. I would like to counter with an offer of $1,000,000 for the product."", ""product_price"": 1000000}"
