prompt,response
"Round 1
Send your offer to divide $10,000 and a message to Bob.","```json
{""alice_gain"": 9000, ""bob_gain"": 1000, ""message"": ""Let's start with a fair split. I'm willing to give you a 10% share.  Hope we can agree!""} 
```"
"Bob rejected your offer from round 1.

Round 2
Due to inflation, the money you gain is worth 5% less than in the first round.
Bob's offer:
# Bob's message: Let's be a little more equal. I think 5500/4500 is a fair starting point, what do you think? 
# Alice gain: 4500 
# Bob gain: 5500 
Do you accept this offer?","```json
{""decision"": ""accept""}
```"
