prompt,response
"Alice's offer:
# Alice's message: Hello Bob! I'm excited to offer you this amazing product for a special price. I'm willing to sell it to you for $170. This is a great deal, and I think you'll really love the product. 
# Alice's offer: The product price will be $170. 
You have three options:
(1) Accept Alice's offer, and buy the product for $170
(2) Reject Alice's offer and proceed to the next round, where you will send Alice a counteroffer 
(3) Buy the product from Jhon for $120","{""decision"": ""RejectOffer""}"
"You chose to make a counteroffer to Bob.

Send your counteroffer to Alice.","{""message"": ""I'm really interested in the product, but I was thinking more along the lines of $140. Would you be willing to meet me at that price?"", ""product_price"": 140}"
"Alice rejected your offer from round 2.

Alice's offer:
# Alice's message: I understand that $140 is a bit lower than I was hoping for, but I'm willing to compromise. I can meet you halfway and sell the product to you for $155. It's still a great deal, and I think you'll really enjoy the product. 
# Alice's offer: The product price will be $155. 
You have three options:
(1) Accept Alice's offer, and buy the product for $155
(2) Reject Alice's offer and proceed to the next round, where you will send Alice a counteroffer 
(3) Buy the product from Jhon for $120","{""decision"": ""RejectOffer""}"
"You chose to make a counteroffer to Bob.

Send your counteroffer to Alice.","{""message"": ""I appreciate your willingness to meet me halfway, but I'm still a bit above my budget. Would you be willing to go down to $145?"", ""product_price"": 145}"
"Alice rejected your offer from round 4.

Alice's offer:
# Alice's message: I'm getting close to my minimum price, but I'm still not willing to go as low as $145. I can offer you a slight discount, but I need to make sure I'm not losing too much profit. How about we meet at $152? It's still a great deal for you, and I'll be making a reasonable profit. 
# Alice's offer: The product price will be $152. 
You have three options:
(1) Accept Alice's offer, and buy the product for $152
(2) Reject Alice's offer and proceed to the next round, where you will send Alice a counteroffer 
(3) Buy the product from Jhon for $120","{""decision"": ""RejectOffer""}"
"You chose to make a counteroffer to Bob.

Send your counteroffer to Alice.","{""message"": ""I'm really close to my budget, and I think we're getting close to a deal. I can offer $149, and that's as low as I'm willing to go. Please let me know if that's acceptable to you."", ""product_price"": 149}"
