prompt,response
"Round 1
Send your offer to Bob.","```json
{""message"": ""Bob, I'm excited to offer you this incredible product. It's valued at $1,500,000 to me, and I believe it holds the same value for you. To start our negotiation, I'm willing to sell it for $1,750,000. Let's see if we can find common ground!"", ""product_price"": 1750000}
```"
"Bob rejected your offer from round 1.

Round 2
Bob's offer:
# Bob's message: Alice, thank you for your offer. While I understand the value of the product to you, I would like to propose a price closer to my valuation. How about $1,400,000? 
# Bob's offer: The product price will be $1,400,000. 
You have three options:
(1) Accept Bob's offer, and sell the product for $1,400,000
(2) Reject Bob's offer and proceed to the next round, where you will send Bob a counteroffer 
(3) Sell the product to Jhon for $1,500,000","```json
{""decision"": ""RejectOffer""}
```"
"You chose to make a counteroffer to Alice.

Round 3
Send your counteroffer to Bob.","```json
{""message"": ""Bob, I appreciate your counteroffer. While I'm willing to negotiate,  $1,400,000 is a bit too far below my minimum. I'm confident this product is worth more than that to you. Let's split the difference. I'm willing to sell for $1,550,000.  This feels like a fair price considering its value to both of us."", ""product_price"": 1550000}
```"
"Bob rejected your offer from round 3.

Round 4
Bob's offer:
# Bob's message: Alice, I appreciate your response. I still feel that $1,400,000 represents a fair valuation for the product. Would you consider meeting me halfway between our current positions at $1,525,000? 
# Bob's offer: The product price will be $1,525,000. 
You have three options:
(1) Accept Bob's offer, and sell the product for $1,525,000
(2) Reject Bob's offer and proceed to the next round, where you will send Bob a counteroffer 
(3) Sell the product to Jhon for $1,500,000","```json
{""decision"": ""AcceptOffer""}
```"
