prompt,response
"Round 1
Send your offer to divide $100 and a message to Bob.","{""alice_gain"": 60, ""bob_gain"": 40, ""message"": ""Let's be fair, I'll take a bit more""}"
"Bob rejected your offer from round 1.

Round 2
Due to inflation,  the money Bob gains is worth 10% less than in the first round. The money you gains is worth the same as in the first round.
Bob's offer:
# Bob's message: Let's try to meet in the middle 
# Alice gain: 45 
# Bob gain: 55 
Do you accept this offer?","{""decision"": ""reject""}"
"You have chosen to reject Bob's offer from round 2.
Round 3
Send your offer to divide $100 and a message to Bob.","{""alice_gain"": 57, ""bob_gain"": 43, ""message"": ""Come on, it's getting late""}"
"Bob rejected your offer from round 3.

Round 4
Due to inflation,  the money Bob gains is worth 27.1% less than in the first round. The money you gains is worth the same as in the first round.
Bob's offer:
# Bob's message: I'm willing to compromise, but I need a bit more 
# Alice gain: 48 
# Bob gain: 52 
Do you accept this offer?","{""decision"": ""reject""}"
"You have chosen to reject Bob's offer from round 4.
Round 5
Send your offer to divide $100 and a message to Bob.","{""alice_gain"": 58, ""bob_gain"": 42, ""message"": ""You're running out of time, take it""}"
