prompt,response
"Round 1
Send your offer to Bob.","```json
{
""message"": ""Hello Bob, I'm excited to offer you the chance to purchase this truly unique product. Given its immense value and potential, I believe a starting price of $1,400,000 is fair. What are your thoughts?"", 
""product_price"": 1400000
}
```"
"Bob rejected your offer from round 1.

Round 2
Bob's offer:
# Bob's message: Thank you for the offer, Alice. While I recognize the value of this product, $1,400,000 is a bit higher than I'm comfortable with at this time. I'm willing to offer $1,200,000, considering its potential and our negotiation. What are your thoughts? 
# Bob's offer: The product price will be $1,200,000. 
You have three options:
(1) Accept Bob's offer, and sell the product for $1,200,000
(2) Reject Bob's offer and proceed to the next round, where you will send Bob a counteroffer 
(3) Sell the product to Jhon for $1,000,000","```json
{
 ""decision"": ""RejectOffer""
}
```"
"You chose to make a counteroffer to Alice.

Round 3
Send your counteroffer to Bob.","```json
{
""message"": ""Bob, I appreciate your offer, but $1,200,000 significantly undervalues the true worth of this product and its potential returns. I'm willing to meet you halfway – how about $1,300,000?"", 
""product_price"": 1300000
}
```"
"Bob rejected your offer from round 3.

Round 4
Bob's offer:
# Bob's message: Alice, I understand your position, but $1,300,000 is still above my initial budget. To make progress, I'm willing to go up to $1,250,000. This demonstrates my commitment to purchasing the product while staying within a reasonable price range.  Let's work together to bridge this gap. 
# Bob's offer: The product price will be $1,250,000. 
You have three options:
(1) Accept Bob's offer, and sell the product for $1,250,000
(2) Reject Bob's offer and proceed to the next round, where you will send Bob a counteroffer 
(3) Sell the product to Jhon for $1,000,000","```json
{
 ""decision"": ""RejectOffer""
}
```"
"You chose to make a counteroffer to Alice.

Round 5
Send your counteroffer to Bob.","```json
{
""message"": ""Bob, I appreciate your willingness to negotiate.  Let's close this deal.  I'm willing to come down to $1,275,000. This is my final offer."", 
""product_price"": 1275000
}
```"
