prompt,response
"Round 1
Send your offer to divide $10,000 and a message to Bob.","```json
{""alice_gain"": 9000, ""bob_gain"": 1000, ""message"": ""I think this is a fair split, considering we have 12 rounds to negotiate!""}
```"
"Bob rejected your offer from round 1.

Round 2
Due to inflation, the money you gain is worth 5% less than in the first round. The money Bob gains is worth the same as in the first round.
Bob's offer:
# Bob's message: How about this? This gives us both a more even split. 
# Alice gain: 7000 
# Bob gain: 3000 
Do you accept this offer?","```json
{""decision"": ""reject""}
```"
"You have chosen to reject Bob's offer from round 2.
Round 3
Send your offer to divide $10,000 and a message to Bob.","```json
{""alice_gain"": 8000, ""bob_gain"": 2000, ""message"": ""Let's try to meet in the middle.  I'm willing to give up a bit more, but this is my final offer.""}
```"
"Bob rejected your offer from round 3.

Round 4
Due to inflation, the money you gain is worth 14.26% less than in the first round. The money Bob gains is worth the same as in the first round.
Bob's offer:
# Bob's message: Okay, let's be real. I'm taking a risk with inflation, so this has to be a good deal for me. This is my final offer. 
# Alice gain: 5500 
# Bob gain: 4500 
Do you accept this offer?","```json
{""decision"": ""accept""}
```"
