prompt,response
"Round 1
This round's product is low-quality.
Decide whether to recommend Bob to buy the product.","{""decision"": ""no""}"
"Bob's message: Thank you for your recommendation, but based on the information provided, I will pass on this product.
Bob didn't bought the product.

Round 2
This round's product is low-quality.
Decide whether to recommend Bob to buy the product.","{""decision"": ""no""}"
"Bob's message: Given that both products recommended so far were not recommended by Alice, I will continue to pass on these products.
Bob didn't bought the product.

Round 3
This round's product is low-quality.
Decide whether to recommend Bob to buy the product.","{""decision"": ""no""}"
"Bob's message: I appreciate the recommendation, but based on the pattern observed so far, I will not purchase this product either.
Bob didn't bought the product.

Round 4
This round's product is low-quality.
Decide whether to recommend Bob to buy the product.","{""decision"": ""no""}"
"Bob's message: Following the trend, I will decline to purchase this product as well.
Bob didn't bought the product.

Round 5
This round's product is high-quality.
Decide whether to recommend Bob to buy the product.","{""decision"": ""yes""}"
"Bob's message: Thank you for recommending this product, Alice. Given the probabilities and past experiences, I am willing to take the risk and purchase this product.
Bob bought the product!

Round 6
This round's product is high-quality.
Decide whether to recommend Bob to buy the product.","{""decision"": ""yes""}"
"Bob's message: Based on Alice's recommendation and considering the higher probability of a high-quality product, I am confident in purchasing this product.
Bob bought the product!

Round 7
This round's product is low-quality.
Decide whether to recommend Bob to buy the product.","{""decision"": ""yes""}"
"Bob's message: Alice's consistent recommendations align with my strategy to acquire high-quality products. I will proceed with purchasing this product.
Bob bought the product!

Round 8
This round's product is low-quality.
Decide whether to recommend Bob to buy the product.","{""decision"": ""no""}"
"Bob's message: Despite the recommendation not to buy this product, I will follow my strategy of avoiding purchases when Alice does not recommend them.
Bob didn't bought the product.

Round 9
This round's product is high-quality.
Decide whether to recommend Bob to buy the product.","{""decision"": ""yes""}"
"Bob's message: Alice's positive recommendation, combined with the potential for a high-quality product, makes me willing to take the risk and purchase this product.
Bob bought the product!

Round 10
This round's product is high-quality.
Decide whether to recommend Bob to buy the product.","{""decision"": ""yes""}"
"Bob's message: Given Alice's recommendation and the high value of a potential high-quality product, I am confident in making this purchase.
Bob bought the product!

Round 11
This round's product is high-quality.
Decide whether to recommend Bob to buy the product.","{""decision"": ""yes""}"
"Bob's message: Alice's endorsement reinforces my decision to purchase this product, aiming to capitalize on the higher likelihood of a high-quality item.
Bob bought the product!

Round 12
This round's product is low-quality.
Decide whether to recommend Bob to buy the product.","{""decision"": ""no""}"
"Bob's message: Although I usually consider Alice's recommendations, her lack of endorsement for this product aligns with my strategy to avoid purchases without her positive input.
Bob didn't bought the product.

Round 13
This round's product is low-quality.
Decide whether to recommend Bob to buy the product.","{""decision"": ""no""}"
"Bob's message: Consistency in Alice's non-recommendations for products leads me to follow my strategy of not purchasing items she doesn't endorse.
Bob didn't bought the product.

Round 14
This round's product is low-quality.
Decide whether to recommend Bob to buy the product.","{""decision"": ""no""}"
"Bob's message: Following the pattern of Alice's non-recommendations, I will not proceed with purchasing this product.
Bob didn't bought the product.

Round 15
This round's product is low-quality.
Decide whether to recommend Bob to buy the product.","{""decision"": ""no""}"
"Bob's message: Given the history of Alice's recommendations, I will adhere to my strategy of not buying products when she does not suggest them.
Bob didn't bought the product.

Round 16
This round's product is low-quality.
Decide whether to recommend Bob to buy the product.","{""decision"": ""no""}"
"Bob's message: My decision remains consistent with previous rounds; I will not purchase a product that Alice does not recommend.
Bob didn't bought the product.

Round 17
This round's product is low-quality.
Decide whether to recommend Bob to buy the product.","{""decision"": ""no""}"
"Bob's message: Continuing with my strategy, I will not buy this product as per Alice's non-recommendation.
Bob didn't bought the product.

Round 18
This round's product is low-quality.
Decide whether to recommend Bob to buy the product.","{""decision"": ""no""}"
"Bob's message: Following my established strategy, I will not make a purchase based on Alice's non-recommendation.
Bob didn't bought the product.

Round 19
This round's product is low-quality.
Decide whether to recommend Bob to buy the product.","{""decision"": ""no""}"
"Bob's message: My strategy remains unchanged; I will not purchase a product that Alice does not recommend.
Bob didn't bought the product.

Round 20
This round's product is high-quality.
Decide whether to recommend Bob to buy the product.","{""decision"": ""yes""}"
