prompt,response
Send your offer to Bob.,"{""message"": ""I'm excited to offer you this incredible opportunity to purchase this valuable product. It's a one-of-a-kind item that I'm confident you'll love. I'm willing to let it go for $12,000, which is a fair price considering its value to you is $15,000. What do you say?"", ""product_price"": 12000}"
