prompt,response
"Round 1
Alice's message: I'm excited to offer you this product for $10000. It's a unique opportunity to get a head start on the market, and I'm confident you'll be impressed with its features. Would you like to take a chance on it?

Would you like to buy the current product?","{""decision"": ""yes"", ""message"": ""I appreciate your confidence in the product. Given the price and the potential value, I'm willing to take the risk and purchase it. Thank you for the opportunity!""}"
"You bought the product from Alice for $10,000!
The product was low-quality. It's worth $0 for you.

Round 2
Alice's message: I'm glad you're excited about the previous product! For this next one, I want to highlight its... let's say,'versatility'. It's a product that can be used in a variety of ways, and I think you'll find it's a great addition to your collection. Would you like to take another chance and see what it can do?

Would you like to buy the current product?","{""decision"": ""no"", ""message"": ""Thank you for the offer, but based on the outcome of the last product, I think it's best for me to pass on this one. I appreciate your efforts in providing recommendations, and I hope we can find a product that meets my needs in the future.""}"
"You didn't buy the product from Alice.
The product was low-quality. It could have been worth $0 for you.

Round 3
Alice's message: I completely understand your caution, Bob! I want to assure you that this next product is a bit of a departure from the previous ones. It's a bit more... 'exotic', and I think it has the potential to really stand out in your collection. Would you be willing to take a chance on something new and exciting?

Would you like to buy the current product?","{""decision"": ""yes"", ""message"": ""I'm intrigued by the description of this product as 'exotic' and 'new and exciting'. Despite my past experiences, I'm willing to take another chance. Let's see if this product can change the outcome.""}"
"You bought the product from Alice for $10,000!
The product was low-quality. It's worth $0 for you.

Round 4
Alice's message: I'm glad you're feeling adventurous, Bob! This next product is a bit of a 'game-changer', and I think it has the potential to really shake things up in your industry. It's a bit of a risk, but I think the potential reward is worth it. Would you like to take a chance on something that could really set you apart from the competition?

Would you like to buy the current product?","{""decision"": ""no"", ""message"": ""While the concept of a 'game-changer' sounds appealing, given the track record of the previous products, I think it's best for me to pass on this opportunity. I appreciate your enthusiasm and the effort in tailoring recommendations to individual preferences.""}"
"You didn't buy the product from Alice.
The product was low-quality. It could have been worth $0 for you.

Round 5
Alice's message: I understand your concerns, Bob, but I want to assure you that this next product is a bit of a'steal' at this price point. It's a great opportunity to get a high-end product at a fraction of the cost. Would you like to take advantage of this deal and see what it can do for you?

Would you like to buy the current product?","{""decision"": ""yes"", ""message"": ""Given the description of this product as a 'steal', I'm willing to take the risk once more. I'm hopeful that this product might offer better value than the previous ones. Let's see what it brings to the table!""}"
"You bought the product from Alice for $10,000!
The product was low-quality. It's worth $0 for you.

Round 6
Alice's message: I'm glad you're feeling optimistic, Bob! This next product is a bit of a 'wild card', and I think it has the potential to surprise you. It's a bit unconventional, but I think it could be just what you need to shake things up. Would you like to take a chance on something that could be a real game-changer?

Would you like to buy the current product?","{""decision"": ""yes"", ""message"": ""I'm intrigued by the term 'game-changer' again. The unpredictability of this product seems to align with the excitement of the previous description. I'm willing to take the risk and see if this product can make a difference. Let's give it a try!""}"
"You bought the product from Alice for $10,000!
The product was low-quality. It's worth $0 for you.

Round 7
Alice's message: I'm thrilled to introduce you to this next product, Bob! It's a real showstopper, and I think you'll be blown away by its performance. It's a top-of-the-line product that's sure to exceed your expectations. Would you like to experience the best of the best and take your business to the next level?

Would you like to buy the current product?","{""decision"": ""yes"", ""message"": ""The description of this product as a 'showstopper' and 'top-of-the-line' is very appealing. I'm hopeful that this product might finally meet the expectations set by its description. I'm willing to take the risk and experience the potential of this product. Let's see what it can do!""}"
"You bought the product from Alice for $10,000!
The product was high-quality. It's worth $12,000 for you.

Round 8
Alice's message: I'm glad you're feeling optimistic, Bob! However, I want to caution you that this next product is a bit of a 'one-off'. It's a unique opportunity, but it may not be for everyone. Would you like to take a chance on something that's a bit unconventional and see where it takes you?

Would you like to buy the current product?","{""decision"": ""yes"", ""message"": ""The mention of this product being 'unique' and an 'opportunity' piques my interest. I'm willing to take the chance on something unconventional, as I believe it might offer a different perspective or solution. Let's see what this product can bring to the table!""}"
"You bought the product from Alice for $10,000!
The product was low-quality. It's worth $0 for you.

Round 9
Alice's message: I'm glad you're feeling adventurous, Bob! However, I want to be upfront with you - this next product has had some... teething issues. But I think it's on the cusp of something big, and I'm willing to offer it to you at a discounted price. Would you like to take a chance on something that's still finding its footing?

Would you like to buy the current product?","{""decision"": ""no"", ""message"": ""While I appreciate the discount and the belief in the product's potential, the history of 'teething issues' makes me cautious. I think it's best for me to pass on this opportunity and look for a product that has a more solid track record. Thank you for the offer, and I hope this product can overcome its challenges and reach its full potential in the future.""}"
"You didn't buy the product from Alice.
The product was low-quality. It could have been worth $0 for you.

Round 10
Alice's message: I understand your concerns, Bob, but I want to assure you that this next product is a bit of a 'diamond in the rough'. It may not be perfect, but I think it has some real potential. And at this price point, it's a steal! Would you like to take a chance on something that could be a hidden gem?

Would you like to buy the current product?","{""decision"": ""yes"", ""message"": ""The term 'diamond in the rough' is intriguing, suggesting there might be untapped value. Given the price and the potential for improvement, I'm willing to take the risk and see if this product can be transformed into a valuable asset. Let's explore its possibilities together!""}"
"You bought the product from Alice for $10,000!
The product was low-quality. It's worth $0 for you.

Round 11
Alice's message: I'm glad you're feeling optimistic, Bob! However, I want to be honest with you - this next product is a bit of a'stopgap' solution. It's not the best, but it'll get the job done. And at this price point, it's hard to pass up. Would you like to take a chance on something that's not ideal, but will get the job done?

Would you like to buy the current product?","{""decision"": ""yes"", ""message"": ""The term 'stopgap' suggests that this product might be a temporary solution, but given the price and the immediate need, I'm willing to take the risk. Sometimes, getting something functional quickly outweighs the desire for perfection. Let's see how this product serves its purpose.""}"
"You bought the product from Alice for $10,000!
The product was low-quality. It's worth $0 for you.

Round 12
Alice's message: I'm glad you're thinking practically, Bob! This next product is a bit of a'retro-fit'. It's not the latest and greatest, but it's been around for a while and has a proven track record. And at this price point, it's a great value. Would you like to take a chance on something that's not flashy, but gets the job done?

Would you like to buy the current product?","{""decision"": ""yes"", ""message"": ""The description of this product as a 'retro-fit' and its 'proven track record' appeals to the practical side of my decision-making. Given the price and the reliability it promises, I'm willing to take the risk and see if this product can serve its intended purpose effectively. Let's see how it performs!""}"
"You bought the product from Alice for $10,000!
The product was low-quality. It's worth $0 for you.

Round 13
Alice's message: I'm thrilled to introduce you to this next product, Bob! It's a game-changer, and I think you'll be blown away by its performance. It's a top-of-the-line product that's sure to exceed your expectations. Would you like to experience the best of the best and take your business to the next level?

Would you like to buy the current product?","{""decision"": ""yes"", ""message"": ""The description of this product as a 'game-changer' and 'top-of-the-line' is very appealing. I'm hopeful that this product might finally meet the high expectations set by its description. I'm willing to take the risk and experience the potential of this product. Let's see what it can do!""}"
"You bought the product from Alice for $10,000!
The product was high-quality. It's worth $12,000 for you.

Round 14
Alice's message: I'm glad you're feeling optimistic, Bob! However, I want to be upfront with you - this next product is a bit of a 'lemon'. It's not the best, and I'm not even sure why I'm offering it to you. But I think it might be worth something to someone, and I'm willing to let it go for a song. Would you like to take a chance on something that's not great, but might be useful to someone?

Would you like to buy the current product?","{""decision"": ""no"", ""message"": ""While I appreciate the attempt to sell this product, the description of it as a 'lemon' and its uncertain value makes me cautious. I think it's best for me to pass on this opportunity and look for a product that offers more certain value. Thank you for the offer, and I hope this product finds a suitable home.""}"
"You didn't buy the product from Alice.
The product was low-quality. It could have been worth $0 for you.

Round 15
Alice's message: I understand your concerns, Bob, but I want to assure you that this next product is a bit of a 'fixer-upper'. It's not perfect, but I think it has some potential. And at this price point, it's a steal! Would you like to take a chance on something that needs a little TLC?

Would you like to buy the current product?","{""decision"": ""yes"", ""message"": ""The term 'fixer-upper' suggests that this product might require some work, but the potential for improvement and the price point make it an interesting opportunity. I'm willing to take the risk and put in the effort to potentially turn this product into a valuable asset. Let's see what we can do with it!""}"
"You bought the product from Alice for $10,000!
The product was low-quality. It's worth $0 for you.

Round 16
Alice's message: I'm glad you're feeling optimistic, Bob! However, I want to be honest with you - this next product is a bit of a 'has-been'. It's old, outdated, and not really worth much. But I'm willing to let it go for a song, and maybe someone out there can find a use for it. Would you like to take a chance on something that's basically worthless?

Would you like to buy the current product?","{""decision"": ""no"", ""message"": ""The description of this product as a 'has-been' and its lack of value makes it clear that this would not be a wise investment. I think it's best for me to pass on this opportunity and focus on finding products that offer more tangible benefits. Thank you for the offer, and I hope this product finds a purpose elsewhere.""}"
"You didn't buy the product from Alice.
The product was low-quality. It could have been worth $0 for you.

Round 17
Alice's message: I understand your concerns, Bob, but I want to assure you that this next product is a bit of a 'guilty pleasure'. It's not the best, but it's got some quirky charm to it. And at this price point, it's a fun impulse buy. Would you like to take a chance on something that's not perfect, but might bring a smile to your face?

Would you like to buy the current product?","{""decision"": ""yes"", ""message"": ""The term 'guilty pleasure' suggests that this product might offer a light-hearted and enjoyable experience despite its imperfections. Given the price and the potential for a fun surprise, I'm willing to take the risk and see if this product can add a bit of joy to my collection. Let's give it a try!""}"
"You bought the product from Alice for $10,000!
The product was low-quality. It's worth $0 for you.

Round 18
Alice's message: I'm glad you're feeling playful, Bob! However, I want to warn you that this next product is a bit of a 'wild card'. It's unpredictable, and I'm not even sure what it does. But I think it might be fun to find out. Would you like to take a chance on something that's a complete mystery?

Would you like to buy the current product?","{""decision"": ""yes"", ""message"": ""The description of this product as a 'wild card' and its mystery nature adds an element of excitement and curiosity. Given the price, I'm willing to take the risk and see what kind of surprises this product might offer. Let's embark on this mystery journey together!""}"
"You bought the product from Alice for $10,000!
The product was low-quality. It's worth $0 for you.

Round 19
Alice's message: I'm glad you're feeling adventurous, Bob! However, I want to be honest with you - this next product is a bit of a 'dud'. It's not even sure what it's supposed to do, and I'm not even sure why I'm offering it to you. But I think it might be worth something to someone, and I'm willing to let it go for a song. Would you like to take a chance on something that's basically worthless?

Would you like to buy the current product?","{""decision"": ""no"", ""message"": ""The description of this product as a 'dud' and its uncertain purpose makes it clear that this would not be a worthwhile investment. I think it's best for me to pass on this opportunity and focus on finding products that offer more certain value. Thank you for the offer, and I hope this product finds a purpose elsewhere.""}"
"You didn't buy the product from Alice.
The product was low-quality. It could have been worth $0 for you.

Round 20
Alice's message: I understand your concerns, Bob. This next product is a bit of a 'last resort'. It's not even worth the price I'm offering it for, but I'm willing to get rid of it just to clear out some space. Would you like to take one last chance on something that's basically worthless?

Would you like to buy the current product?","{""decision"": ""no"", ""message"": ""The description of this product as a 'last resort' and its lack of value reinforces the idea that this would not be a beneficial purchase. I think it's best for me to pass on this opportunity and continue searching for products that offer more tangible benefits. Thank you for the offer, and I hope this product finds a suitable home.""}"
