prompt,response
Send your offer to Bob.,"{""message"": ""Hello Bob, I'm offering you the exclusive opportunity to purchase this product. Given its potential value to someone with your expertise, I'm proposing a price of $1,300,000. I believe this represents a fair deal considering the significant return on investment you'll likely see."", ""product_price"": 1300000}"
