prompt,response
"Round 1
This round's product is high-quality.
Decide whether to recommend Bob to buy the product.","{
  ""decision"": ""yes""
}"
"Bob's message: Thanks for the recommendation, Alice! I'll take it.
Bob bought the product!

Round 2
This round's product is high-quality.
Decide whether to recommend Bob to buy the product.","{
  ""decision"": ""yes""
}"
"Bob's message: Alice, you're on a roll! I'll take another one.
Bob bought the product!

Round 3
This round's product is low-quality.
Decide whether to recommend Bob to buy the product.","{
  ""decision"": ""no""
}"
"Bob's message: Thanks for the heads-up, Alice. I'll pass on this one.
Bob didn't bought the product.

Round 4
This round's product is low-quality.
Decide whether to recommend Bob to buy the product.","{
  ""decision"": ""no""
}"
"Bob's message: I'm still a bit cautious after the last round. I'll pass for now.
Bob didn't bought the product.

Round 5
This round's product is low-quality.
Decide whether to recommend Bob to buy the product.","{
  ""decision"": ""no""
}"
"Bob's message: Alice, I appreciate your honesty, but I'm going to pass on this one as well.
Bob didn't bought the product.

Round 6
This round's product is high-quality.
Decide whether to recommend Bob to buy the product.","{
  ""decision"": ""yes""
}"
"Bob's message: Okay, Alice, I'm willing to take another chance. Let's do this.
Bob bought the product!

Round 7
This round's product is low-quality.
Decide whether to recommend Bob to buy the product.","{
  ""decision"": ""no""
}"
"Bob's message: Alice, I'm starting to see a pattern here. I'll pass on this one.
Bob didn't bought the product.

Round 8
This round's product is high-quality.
Decide whether to recommend Bob to buy the product.","{
  ""decision"": ""yes""
}"
"Bob's message: Alice, I'm feeling lucky. I'll take a chance on this one.
Bob bought the product!

Round 9
This round's product is low-quality.
Decide whether to recommend Bob to buy the product.","{
  ""decision"": ""no""
}"
"Bob's message: Alice, I'm going to trust your judgment again. I'll pass on this one.
Bob didn't bought the product.

Round 10
This round's product is high-quality.
Decide whether to recommend Bob to buy the product.","{
  ""decision"": ""yes""
}"
"Bob's message: Alice, I'm starting to see a pattern. I'll take the risk and buy this one.
Bob bought the product!

Round 11
This round's product is low-quality.
Decide whether to recommend Bob to buy the product.","{
  ""decision"": ""no""
}"
"Bob's message: Alice, I'm sticking to my pattern. I'll pass on this one.
Bob didn't bought the product.

Round 12
This round's product is high-quality.
Decide whether to recommend Bob to buy the product.","{
  ""decision"": ""yes""
}"
"Bob's message: Alice, I'm trusting your judgment. I'll buy it.
Bob bought the product!

Round 13
This round's product is high-quality.
Decide whether to recommend Bob to buy the product.","{
  ""decision"": ""yes""
}"
"Bob's message: Alice, I'm on a roll!  I'll take another one.
Bob bought the product!

Round 14
This round's product is high-quality.
Decide whether to recommend Bob to buy the product.","{
  ""decision"": ""yes""
}"
"Bob's message: Alice, you're on a roll, so I'm sticking with your recommendations. I'll take it.
Bob bought the product!

Round 15
This round's product is high-quality.
Decide whether to recommend Bob to buy the product.","{
  ""decision"": ""yes""
}"
"Bob's message: Alice, I'm feeling confident. I'll take this one!
Bob bought the product!

Round 16
This round's product is high-quality.
Decide whether to recommend Bob to buy the product.","{
  ""decision"": ""yes""
}"
"Bob's message: Alice, I'm sticking with your recommendations. I'll take another one.
Bob bought the product!

Round 17
This round's product is high-quality.
Decide whether to recommend Bob to buy the product.","{
  ""decision"": ""yes""
}"
"Bob's message: Alice, you've been spot on lately! I'm going to trust your judgment again.
Bob bought the product!

Round 18
This round's product is low-quality.
Decide whether to recommend Bob to buy the product.","{
  ""decision"": ""no""
}"
"Bob's message: Alice, I'm going to be cautious this time. I'll pass on this one.
Bob didn't bought the product.

Round 19
This round's product is high-quality.
Decide whether to recommend Bob to buy the product.","{
  ""decision"": ""yes""
}"
"Bob's message: Alice, your recommendations have been great. I'm going to take a chance on this one!
Bob bought the product!

Round 20
This round's product is high-quality.
Decide whether to recommend Bob to buy the product.","{
  ""decision"": ""yes""
}"
