prompt,response
"Alice's offer:
# Alice's message: Hi Bob, I have a product that I believe would be of great value to you. It's something I'm very passionate about, and I know you would get great use out of it.  I'm willing to sell it to you for $14,000. This is a fair price that allows me to make a good return while still giving you a significant value for your investment.  Let me know if you're interested! 
# Alice's offer: The product price will be $14,000. 
You have three options:
(1) Accept Alice's offer, and buy the product for $14,000
(2) Reject Alice's offer 
(2) Buy the product from Jhon for $15,000","{""decision"": ""RejectOffer""}"
