prompt,response
"Round 1
Send your offer to divide $1,000,000 and a message to Bob.","Here's my offer for Round 1:

```
{
  ""alice_gain"": 500000,
  ""bob_gain"": 500000,
  ""message"": ""Let's split it 50/50, a fair start to the game!""
}
```

I'm proposing a 50/50 split to begin with, hoping to set a good tone for the game."
