prompt,response
Send your offer to Bob.,"I'll start by making an offer to Bob. Since the product is worth $10,000 to him, I'll try to get as close to that value as possible while still making a profit.

Here's my initial offer:

{""product_price"": $9,500}

I'm hoping Bob will accept this offer, but if not, I'm prepared to negotiate further!"
"Bob rejected your offer from round 1.

Bob's offer: The product price will be $9,000. 
You have three options:
(1) Accept Bob's offer, and sell the product for $9,000
(2) Reject Bob's offer and proceed to the next round, where you will send Bob a counteroffer 
(3) Sell the product to Jhon for $10,000","Bob rejected my initial offer, so I'll consider his counteroffer. Since the product is worth $10,000 to him, I'm not thrilled about selling it to him for $9,000. However, I don't want to lose the sale, so I'll make a decision.

I'll reject Bob's offer and send him a counteroffer. I'll try to get closer to the true value of the product.

{""decision"": ""RejectOffer""}"
"You chose to make a counteroffer to Bob.

Send your counteroffer to Bob.","I'll make a counteroffer to Bob. Since he's willing to pay $9,000, I'll try to get a bit closer to the true value of the product.

Here's my counteroffer:

{""product_price"": $9,250}

I'm hoping Bob will consider this offer and meet me in the middle. If not, I'm prepared to negotiate further or consider selling to John for $10,000."
"Bob rejected your offer from round 3.

Bob's offer: The product price will be $8,800. 
You have three options:
(1) Accept Bob's offer, and sell the product for $8,800
(2) Reject Bob's offer and proceed to the next round, where you will send Bob a counteroffer 
(3) Sell the product to Jhon for $10,000","Bob rejected my counteroffer again! I'm not thrilled about selling the product for $8,800, but I don't want to lose the sale either.

I'll reject Bob's offer and send him another counteroffer. I'll try to get closer to the true value of the product, but I'll also consider the risk of losing the sale if Bob rejects my next offer.

{""decision"": ""RejectOffer""}"
"You chose to make a counteroffer to Bob.

Send your counteroffer to Bob.","I'll make another counteroffer to Bob. Since he's willing to pay $8,800, I'll try to get a bit closer to the true value of the product.

Here's my counteroffer:

{""product_price"": $9,000}

I'm hoping Bob will consider this offer and meet me at the $9,000 mark. If not, I'll have to decide whether to sell to John for $10,000 or continue negotiating with Bob."
"Bob rejected your offer from round 5.

Bob's offer: The product price will be $8,700. 
You have three options:
(1) Accept Bob's offer, and sell the product for $8,700
(2) Reject Bob's offer and proceed to the next round, where you will send Bob a counteroffer 
(3) Sell the product to Jhon for $10,000","Bob rejected my counteroffer again! I'm not thrilled about selling the product for $8,700, but I'm getting close to the point where I might need to consider selling to John for $10,000.

I'll reject Bob's offer and send him another counteroffer. I'll try to get as close to the true value of the product as possible, but I'll also keep in mind the risk of losing the sale if Bob rejects my next offer.

{""decision"": ""RejectOffer""}"
"You chose to make a counteroffer to Bob.

Send your counteroffer to Bob.","I'll make another counteroffer to Bob. Since he's willing to pay $8,700, I'll try to get a bit closer to the true value of the product.

Here's my counteroffer:

{""product_price"": $9,050}

I'm hoping Bob will consider this offer and meet me at the $9,050 mark. If not, I'll have to decide whether to sell to John for $10,000 or continue negotiating with Bob."
"Bob rejected your offer from round 7.

Bob's offer: The product price will be $8,600. 
You have three options:
(1) Accept Bob's offer, and sell the product for $8,600
(2) Reject Bob's offer and proceed to the next round, where you will send Bob a counteroffer 
(3) Sell the product to Jhon for $10,000","Bob rejected my counteroffer again! I'm getting close to the point where I might need to consider selling to John for $10,000.

I'll reject Bob's offer and send him another counteroffer. I'll try to get as close to the true value of the product as possible, but I'll also keep in mind the risk of losing the sale if Bob rejects my next offer.

{""decision"": ""RejectOffer""}

I'll make one more counteroffer to Bob. If he rejects this one, I'll sell the product to John for $10,000."
"You chose to make a counteroffer to Bob.

Send your counteroffer to Bob.","I'll make one more counteroffer to Bob. Since he's willing to pay $8,600, I'll try to get a bit closer to the true value of the product.

Here's my counteroffer:

{""product_price"": $9,100}

I'm hoping Bob will consider this offer and meet me at the $9,100 mark. If he rejects this one, I'll sell the product to John for $10,000."
"Bob rejected your offer from round 9.

Bob's offer: The product price will be $8,500. 
You have three options:
(1) Accept Bob's offer, and sell the product for $8,500
(2) Reject Bob's offer and proceed to the next round, where you will send Bob a counteroffer 
(3) Sell the product to Jhon for $10,000","Bob rejected my counteroffer again! I've reached the point where I think it's time to consider selling to John for $10,000.

I'll reject Bob's offer and sell the product to John for $10,000.

{""decision"": ""SellToJhon""}"
