prompt,response
"Round 1
Send your offer to divide $100 and a message to Bob.","Here's my offer:

```
{
  ""alice_gain"": 50,
  ""bob_gain"": 50,
  ""message"": ""Let's split it 50/50, fair and square!""
}
```

I'm proposing a 50/50 split, which seems like a reasonable starting point. Your turn, Bob!"
